Seed: 1640217469
Cooling schedule used: t = 1.440000, alpha = 0.999900, cMax = 500000
800002400000601008010007000106000902090200004000040050008095200000000000007004100
002006000805004000000000700206000000900030002050078604007800009000960007000000140
005040002410000005000000009900030600520060071007005090000006010036480000000050300
000000009003700005000350060720000000301600200800047600005400090070003040000100020
000000006000201030350000040000400380503080700000000965200800090900010650040090000
040700000000090008908002600230001000017000500000009800006003090000010050051000007
028705401006020009000000000142000003800170000070006004004000900000050800500000007
800009000400060200000401060090000000032000850040000071001700000000000920900005040
004007090000401002502030000010000080000000005300900600006502007000000304000080000
800005900009040000704000000080006005005008043040090800012000060000700000600013000
700030000000500060069800005000000029040008030050090700400700000600900300090020004
050009000070000010040067023000000001000030005005010802000900000004300008806020700
309000020500000064070100000054009006002000090000008400720000803800030001000700000
000745060200009400600020000030500007020000000000973000000000070009050140310004900
870000000060080001090001300040002130000500290000400000002103907300050060000600000
000340600006000800800207090400000260009400000610050008000800000905000000001094000
009000006100900050004000080003605020050000041010083000000009007005000800840130000
958400002010000000200900450009200000000340209000000060190080070700020306800000000
002470306604001000001000400000600025000000609003000000100060000520013800000059000
000403590040090000000580007400000000000000008753000040019058000070600820002340000
508000960790000002040006000000600008827500010000002007000860500000000400902405000
050002100200000086038005000980000005306040000007100000100080000003900000000070230
400006010300000900810050000000042000070000300100080002090000240006000007000200050
209000006006407090000000000004001000000020050000900340735040180040010000001700900
000020001000703900010408060000000200560030080104009607000050000700004000890000020
400000008000006970008050002090025000800100007010000020500480006040019200000000090
084000300600000025300065000000400750001070000030000000960000100000809000000720030
079000000000069018004000000700086900000040005020050000040500700000032580003004001
002000010900050020060030000001000900000960053030000708300580400008601000500000000
045080000000006900930000500473009000200000000050470008008000090000000060000020043
098500000300000000020170030000700350000609000009043010040010620602000000000000045
080200010640800500007060009002640000400100060050000700715009000000006300200000000
400302050008054000021009000082000900096000730000090000000043009010000070000001200
060040030004090065300800000070001600000300001200000850091700000740060000000000000
001067000750120000090400000000700960070000430380000005004070020500000006010900004
002670005009500000700902030380000000090000010004009008803000050600015400000704000
000080060002000500000106034504000002006000950890070000037064000000000007008003006
000000600049007000650018000000960080000305207000000000080090001700000300906500004
060000700400000000508000063030000010701020080002000009200050640000700300004380000
006380500000004000000200300000000908800140030070800001000010700009000800605709000
001900200000300080000000760000003028002000000076010005000600007100002000859030000
009000007000004100200800004000650009080070000000100200070000503002068900006000000
200960080003000006900000100806039004040000700300000000000507630000002000010300007
090057860000040000005010072000209000000008000080070590014000080000001700608000040
000001000000090203010300079000100004002070080040025000080000000003280500900006700
402000070900000000000760280200000500000903100090800607610300000000084009000006000
004080070800290006000001000000003002600400050018500000200000500000000004950700060
006000050500000709008010200039020000000004000050370008090740060603008000700006000
860000000705048060000000050000000407040093100900700000501370009078500300000000000
001020930052010060800600040060308000004900080000040106070009800000000050500000002
041050006600007000009000000070000480006000007030109600000000030082403500000501000
004008000509300008200900006000006800000004130100000200000560000008007000090031000
006042050070000010100065000000008000040090000060000003700001905000004006080050300
000001058040200000509400000000050690780900300000000004400080003900030000830040100
970000080600790000014000030060000500003009208700000000290010004000620003000080070
205000009030000580900000000000704020001000006000092004000008670600000952000530000
000030000000000605009600040087100900903008004042906500000700480308009000000000007
017000060000200000005000009000100030000900047700805002049003000600002000000007986
000003000010905700004800000300701002081600003000000509098006000000000250700500900
000000900046300085003208600070000401000530090002000050600019000007800000000070100
000560000200149065005000000002800006100000409000006007053700200000000000090008000
010060489094030000700010000100700028250000061000008000006009000000000000000070905
000000000500070003000064910080740009000000030000980005000016304002000060017000200
003080050046010000080502060004001070000800009300700026000000000008045003100000007
000000005040720600300004000185007900000010000000009700060000070007900012900200580
000096700150300000000700000000430000500081002023000000006004000040050010030000090
600005900009000406000080053000009000816500000040000030700002800000000029000803740
004003000000000800083900500300000084600720000508000007000060000020100070000039051
000000000052060000806003070020000300490802051100050080300027400000908000200504000
003100000714000000000400050000080000039024700870000900042000367000000100080050000
004000502000001700068000000030060000009040060100009350000700000072030000600405000
080000000004800030001029000002700600000000078000015004070004005000050000409208007
001003580000040000086010090700000000000270300000800600200100900003000002400080001
000130080020000700507009401000040800006000000190000005003002007000080000000004090
200010000900060004043005000000400308002071000000000050079002000000006905005700806
608050000200000000050800030700000090020301760006082510304000009000045002000600000
000000085030080709200040000100400030020100040080060002000010007890000000540002000
090007000000503000000060050002000008005309100046080000001020306007600000000030200
070000030001009800000608200004005010009400003000000000000046000000503067503700001
000002003000006209700000058804600000003009002009050180400700000006000000200093000
009071003027900800500000000900003060050004007080000000000000009048010000000007530
030700600020090007000060000000104005097000000100020000001950040080000020600013900
100479006200000800064030000000903000000060000300108604005004071702000300000700000
800407205000050000270000000003000960090000710700003800000090070600000000000502081
000000200000060300864500000009004000000008041000030070040000057001092006000007000
029500710004000000000028000045009020080000003090106007007300096001000200000900000
003070000097000001460030290600403000500200006000000103900000000076000000020500040
700000030080000020005480000100560200002000009000000340048906000060020000000000014
093700004050000070700086000040009080000200005000030947400003600600020000005008002
490020000608000023000000081010090050000601000000000046002004700009100008050200000
400000603080000000005030140098040000000850200020000000000307009070080406000100005
000300100748000003000200060500002300000500600290000048420000070010056000080000900
601009028000000700900005000020300006800100003070040900065034090000700060000000000
000905000000700030000000900056000120720001500000000003208003040067050080003090200
000090610070612003050000000030000000007534008500007001020080036009000070000050090
800600900009000260000000307040090708000500000301070040908050000070001000004760009
000026000000001207005000003206500801040000030100000700008040000007600109000000005
010087000000000902079000000905001230100058000024070000002060009000005008000400006
700800010100007054002000600030009000050006040600130080060000100000600007000040008
060000052040200701000000900900001000000820000300007005000003000510600007000070268
003800000000503009024000000050260000001300006000009004009008000010090600030000201
870005000600004070000000500000900000000037008480000031020070009706090080009000003
080900600960070001003060800790000003304507000000000040070402000005006080400005000
704003008000500000900000007000950001600000002270300000000008003000200080810096070
630028007204030000010000000700000002000050001008090700000004036002300170005000400
040208000000040000070090002200680000000000010010302060500019706000000098037000001
000000300000000078003460905039508007000040000006002500000604000015000083000300002
004006050000000070327009000800400130010803500200900060690500000003000000000080040
000060500027040000003900080000006008489000702000020010001000000006380401000000870
897000000000000208300006400002700005000001700604200001000025000000000060030840000
609200008000000560000000004000158000200070009040060000010706900090040005070020100
300400900040001000020800076000103000700000000090070530000900802050000060000050001
006000000700000085800730200008001350000000009602000040000019000005004906080060034
000060070000090201820005300000700586300000100000080090903400000000907000405000002
486030000100080000035002000050090806000007009903000001009000300010600070000028000
000030809000070600108400300000000050000024000380000200901007000000001940070006000
000960830000002100000080004000000000700201500300400000053000000010300702009016005
004000715100000000000906000030000047092004680000000000001090004600800003080700090
610000000900502000000400056090080000807000009503706800002008040000000001030900000
300710098600000000000600003050100000080060030900580067004200005010050040090000086
050920000000000507000031860200050308000000001005400000000005000000800009097006030
080037010000190720010500000007600400903000600100000002000000230008000060050072000
006007010000031509030500006000000002000908000000402901560080000149000700008000300
080000000000402097100500200040006809007100000000009040006900030520000000000300006
180003000000010000704000008060700000302060700000900450000000307000500009009000040
007600000080107030005040000050000607000073904000000008030060000871009002002400000
000064300100000026020700004800002005000080070040000000001800050007020000003900480
405006300070090600600000908000080100040000063007043000000004001000170000320009000
000000570090050000042070000020890007004500109050000600000603004000002000700000003
500800900082405073000000000007080600003704000400003510010000000000000305060020090
100900082000008600000054000000000310000120806000803000051090000046500001030000070
080000050004000060005001204060120005000700000300065028650000890017900006000010000
700090024002000100400107000100304000030000000060218090000050060921000078007000000
053006002290710080000000000100062709000000005000003010060000000070800506004000800
200000400000008500015000908000003007038060002120040000000605030000000005007010000
500000000003200810708003005600000000000798040050000000060000902800400050100006400
200000090080109700000000400003010000500402030900005004007026040008300026005000007
000700054000800002030006907600004500800570000000103090060000000100002000900000280
000000095207000000805010000002050000000038604010790000000500042000080309006001050
000000400009030000270000000100007002000000604054000370000083006500740800610050000
000001070806007300903050002000400000080000007204003000000000400430005009050800100
800000000000127008007000020010005000200003000905602300000001765006000000509080030
010073000238000600900000000060301005090042000103007000625009300000000820009000000
000302100004100008060004000806000900901007000000090700400500090000700002008036004
000000053008009000000100609200000004490700000000002500600200400010960705800300090
006000050010000900000045700000907008090503006000080302037000020805000000000000010
000016000000200069090400208010003000020008000900000004750000010009070000000060302
700000360800603200000090000500900084100000002000020050300806090067004500000030000
000600090060000105700000000400007058000500029008004000020458000000061240100002000
000400500200000014000900000108059000004800030000007090800520700020000900007006040
030105002100340700006000080040001007900700000800000050090050003000079000002000000
780000000000540000000003940010090600200000007603804000000030006420006031000000020
230507400000204960800600000000008000004000090000010086070009005005006000090840600
600507300000000100007620008010006000908043000000000840000090000306080200004001700
006002030407001008020000014000049001700000000060010093008000500000706000000020060
079000026023009080006000000005000009030010850604003000000000490000080102000930000
070046000085000400903000000000372001090560307000000000004058000001034060000100000
000900500006000000510000492004506100070200004600370000060000030300105240000000700
070000300501040002900620000000006015000000004040005080302100006010068040000700000
000000170070200000310064002050009040702005081800000700006093000000100023000000009
004507000070004001030000080045709000000010000900206074000000000000090308600005009
070100062040090800000302000000000000300905400804060005080700540160040200000000009
090000004050103000008500100100700480070000605200300000000072300006000090000000060
280000900509300600000018000006730080000806210004200700070050000000000006600000070
000600000840000100002050000600000000908020005000000439090500060006100043050730900
000037800040000020300010600900050200034000000500170003000000008105900000600301900
680010000970030025000005070250000001000000690800006030000009008000001000734000000
090803165003000008070060030009080400100902006002000050000204000000000602005600010
030400020801600370000000600004870000000010002000509000900000040370000008600030005
102040730007020006300015040400000000000000060720030500670008005003007000000002390
000000090080000001302070004000302000070006800800017005100805030490200500050000400
802071006000400900001009050020000000500806010000000000013000600700000308008024000
053000000000000090000902060807000504420080700000000000000060830500008000070140009
900600000720000003000200000001000200060094000000000840630050700809700400004009302
000080724600300000000070690108000000000200059000003010456000000803400000090000007
002000000090080004100500028078020093000003002010005040000060050600000000035007400
000013040000700098910800300085107000000000200007400000030090000200008000600000801
040020006720000000006000015000006000000540800090000503370009000001604000000300084
000006001020007930900030000103000009700080060000020008400090000300000076000305100
000003015000090080300567000000001040004000009520000000805000200000050073006200100
590200000000000001020004000900600800830001045040000010000086007070009408001000020
600040070000900006280010400020000080065003002040000309000600007004307900000000000
080100005007090200006000000050000000013060500290340007800900360000010070000004002
050009002080012004900680000100000000009400000000890030027000100000000240403100080
000006003810000090000100802640003070000420000000057001050740200208030100000000000
600000310410005600000000005102000030050030000080471900000000200000040096000280004
073081004000030700000000000910000070508007060060800030042000800000040010000603000
870409000000003004000010070000004000000800601000000300001097005200001060603050000
002000940640100000138000000070040800800060053260000000000006400000089000000000720
010046002000009610700500000000000700000780040306050000600907403000800007020000900
002004000060001500000930800000092100000000007094175060000200000006000090001008600
020080900040103008508600200000040000304050070070000010000530600009008000005010000
300000090000002008007060000100000000500000340070030200000009020000000637780050000
700000000008000000000530270030000000000020190080410600270006008100005000045200000
981050000030000010000007000000060520420000003700004090360090000000080600000002800
004000000050008000007030009010603000000001870006000000009100050670002000000006208
000008524060300000040000000000075380804002000000100009950000000000010800003009062
000000020060010000000657081100034000000900070870000000038000900000300800005100047
800090006640310000003000000000000090000036010000859003030000050010002080050070120
020350800010900000000028010400030700006010000903004020002000030708200009000000000
500080070060050003020306500600000450000070000938000007005008024000000000100500600
005300000090000706060208001000009008002060400000050000200000900004023000530600080
000090060000065000010000200705320000009001005080000074000900000520070100407000000
309702000000000050002360070900000000040000300005006900003105700780200000000000080
006000010004700090090004000400053007000092008103000000000080901250600400000000000
030000002000450089000200530390016000000070300712000000000000415100030067000600000
500008009000002004800750200001080470400000000020060000067040092008005000010070000
006020130004100080100000700000000000207800000603040009070208060000016020000070040
000930000060080000000000061800000004140000080590200003000570610010000902030000000
060300000010007050009000008140000070000003204006800000492050800000060040000002000
040600000000000000000070130002010300000000080000400052700008003920031600086090000
004600000006900020005107000000000080050289001000003500410000300000405092000002100
200006700000040000005300000000800203020000006408050000001027340800160000900008000
700003005000820070004000320670042009000080700500370000800090000020400900000006000
408000000000700029006000005037602500000000060020001000080100037000040006000080090
000078000804390000600000003100006508450180000000000090000024000503000004009050006
600008100007400200050097000004700000000001000080900070003200560200060300000004020
240000000100000003603500000060007405080010007000009010000090200020008600300050009
003900000400080100090004700017000000800000020006010509000600000070000040002000815
010008900500006400000000001003680050702030000000000040031000200004090000206000070
000000000405080000093604007060000000000750048300400160000060030080900000000007459
000000300000007048801090500009003050012700000000405002090000000705000006403100000
040020003000008670003007800400060900800009304002100000904200030000000080060000009
000006003004000050607004102070000001400700200120469000030200000000800709500000000
030080700000010962004000000000108000100560200370009000006000001500302000700000000
003290000000000900608400003100050407000600030000009015050310000009060000800000000
050000009083000600002000400070000080100006005000000703000520048008003090000400001
006000802400801000003020000000100000000074020038006010802000070000000450501300000
080000640070009000519000080000040000000007390000300002003120004700000000900004105
000000610040100008000008507000000050010020000300096400900004300008060900004970005
378000090000000020040500007000800500400006009080014000000030010600200000015090600
520030040600000003009040500040008930000901000000000001000100005030000200108600000
002040701000026080004000000008500000050009000010000209000700600490005003060003000
480003097300005080000900000020308000005794800000010000706000000030600700050000020
000009002056000000000040009007006010004083070008000250079008004000060000040000085
300100500000000030017008090076040803000000007204070600001004000000500120000300005
100000003005008700700053601080091000090000500600085090200070000000000007900200060
000403906000000010900000037502068000000500600046000000070900520109070080300000000
002009007008007400000600020604000810000060009009003000100008000300200060080390200
001209700500000030000000020000600000197000360200007040000008000078000400904102008
400000000639700000500000902000600070091050000800020004000006020000000007706309000
760003000000870500002000006000200060100050040009000300250037900908000010000000000
400029130700500000090300006008000001009004300070000002004053200000680000103000000
600035040700100009014000305080002000030000920060008500005043000000000000070090600
008000090100002080700001002075000400080000903000004010060000000000050037090000540
900400500350007006002010004200000900000000087070000360007503000000900051009020000
000007040083400100000009020000000400004070392097000000000052008670800001200100000
007000008000070100000540032630800000001900060000650000100000925008060000070010000
000003075871020000000106000590002007000000004000000201100009600006000090920040000
000000050600840000012700000000000071000300204020901080000007900800600000500023400
006500390380090020705000800930000000070001000000400000050809240000004078000600005
000001080084000302003000006000103700200000000008074000050007600700050040800200570
300001700017000060009000000000900020000060000070120308002090040000305070000018600
080400003000000002509000000900080070020900054000070600407603000090000460850000000
082000006000000000009027108000076000043500807000000040600205031000080600590000000
000000008060000000400613000250090000000007040104000280006400000000900012803050060
304006000052000000000002004100900800600350090000070005080000207700000069000000400
050730201040800007000040605000008000406005000009100020700000010590302700000000000
000004010840590700600300209002000001000050000360009470210040080007000090000030000
940023700000400010100000002800000000090000000306070080005000200010009006000006538
000001050700600200030280060309070600560000000000000310000000004000867502070003900
432010700060000000570000046000007800800090000609002100000041000190200405005000000
013090000009800050200004309090000610700105003000000005002003000000000800005006034
810060700000300000000700310025000030006000005000100080000600200750009004000002000
300008000000007540000050600200010000007095002504000003809000000000070009060140000
900008001160900200007400000080100060000085000602000300096000008030000040000004007
003060000000087950000100008004000073600040000092010000009000400250670000000000510
000000210008100000100030008060004100001280000209001000004078090605300000000000057
000000300004710080000000109280009000000050600007000000010302940008400003060000800
070008504100000000050000390040300000000080060037205000205060007000502006400009000
000007805002310040000000010520000006000238000000605001300190050070000002001000900
000070100007240030050000000000029870000000000504000000800031009605000020400080000
070034061500080304600000000008703500409050000000000000040002000000300012900008000
000800000204070000050000904000040000000010052000702001070000605002500009030600400
006030000000000090930800401000020008007000600005000920010000004050002080009071006
021000007003890010090160004070000000900000200008003970000000080000000702004008036
008600000040009700000500030000000000630092000001008320000407103700800400006005080
605004000000600004030009802008000630000108000050070000000040900700000003120090080
400000000006003040098600000501200007000500032000800014000002003060000790000106000
607905020000730000530000000000060041080000000000004005003806270046001000070000000
802960700004001030000000580200140000001700090700000046000089003000400050900000000
000000075000960008070000326100400030000008500900000040005070060008043000002000000
240000705008000200500000000007400000000000002659010804000008400034290000800307000
104300000970000031000019004700000000005001602060900700020800306000200500090005000
020006000001720000069000800900400300504901670170600000000000060000005000000300408
000080003010005060090410000049600000070008030000300402002000500004000000006530009
000132700610000000500000000050400090060027030001000040000000004390010060000590010
050801400000000509000000000082004003000200690016090000008000007000400000470500206
000000005030010060080009040058300900400000020206700000004070000000008006060002090
006001200900000050000007080080060000007300090000709000304500800600900031050600000
000080003014500206000403700500608000870052030000900000009000002000004000000820005
000007009084100000000030006000003005050000000620050087009080100040002058000006270
041600090000083000600000040000800009060240050050000200000050003000790005007000080
000509000008070010070000000002083050000000380100000000040000500001700030050210900
500009280906030000000006000300400000001008000000901760000002074040050890020000000
000001609001000300000090007005420000200065000003009060900870000006000200002500090
000090000002004070001600024000500002208006000600000031000700900089001005700000080
400205009030010000000980600024000060070020000009030004000100000007850002000000178
600000009080040017020010000000061900050009800000200000009050062000400005010800400
090005000060804000000200014002000000010000000000790520300900058008007900045030700
004800002020400093000010800060050000100000000000000708035290000001000600900000270
000009060000030072900700000340090000080200010069000030001000000020910408000600300
100054000009000700700008000000200005008000000640801070000600023200040060490000050
018032000605004708400000200070000020000060910006001000030950000000403000050600040
007205000000064200000000081700093000400100806900000003001000042005730000000000050
060001970000000000001200030008500600100000000720100080000095002300000000400006809
001008000300200000009300006030407600000000705080000100025060071000000000014090080
100280000030001000900034000006700010004658000270000080020000000400007039000400005
008301000600002000000000025030020750000000000090780060473060009020000400000000001
706000890000000000020000457070480020060070000508000000800009500007105000001000043
200000080050000070070040000000510006000009000015008390701480000009706032002000000
560000000000002034001000000600000507009580000040100009000000703000203080904001200
090004060000150940000930070050000000200800300000043580380000700060001000019000002
600500730009000680000000000004005000900002500007000304100000000002064008000380090
000600400004037000003540890700050000020483100000002009005010008100000000400300560
006007105000009600580000020030050090000091000700000000800100900091000250600004700
000068009000000400000005720270090000680002000300000910000049000700000208008026001
000080500590040000800009070009030000000006000340000120004070050200400000001020098
008000000060000000503070098030900001040030600001000200675080102000200000020060080
600000083005086100001400900780000004010000020900540008000004700009860000000050060
050006093400200000003040080004030020000000050600001000000000100060000002380075000
700020600026071000000008000030290000000050710002000000051000080000400096000005004
000001206800090007002004000200000001603000000000300065008200000000900800001500039
007265800800000002004003000072000600900000000000019030006500004500000000048070060
097000600000708400302160000020000049000000000500300010071083002900000000080600100
000950000000000300089074000061500000000480000000002001002608704070000020830000005
000000100210000030050400206000003920700090050000500000000308000601902004003040080
005004008820700006064080050001000000700900600050208040000009000030070900240000000
018600000000000000000250084000340900000080020809060470304001000700900010900030700
030009400000000035000004000000690008600002103901500000003900080005080002460025010
060300500024050680000200307100820000000000071057000200000604090006070000009000003
007300040069700500050090010001080037000901000705000400000000000804067000000850000
000040080000060000350001000000700002240000060903000700000102840030400520008630001
045000006030000108700000050057001900008000032000700600901500000300400000000070003
700204005100000700030006000028400600000000080600500140009000001000007003074900000
003601007600200500900700001370040008000000000090800240480000000030008609000000002
000000000009004060060090010004600305005003000000000970080035100410200500090000080
730000020002000005100000000300080700006001002910006000400009050090800100000000406
040502009132004000009008000003000600060090000000003400000016200010020008800040310
701000043000700000040038000100205670000000080680100050300000000007000020209004007
540000006000080030010700040004800060000001058000600300080059020700003000000000400
000009000300010600002000040008051004070200005000003090060070500000080037004000002
069000007000026000001030050000040200800017403050000060108000000000009600000000109
650090400000205000000000207206800000009030008100002000001007000070050080000400900
500008000000503000000020080008402090010300200004090050200600800001200009007010640
028090700001082400090000006700900000800000000000036000000003080000000105000154960
605001000004000000000020100000070010000016070500009040008000760000500200406000058
070000004000000860906100000050600000092040500081000470008710000300000900010200000
003008070000060009420000000000600790000095010600070050050009420010043000080100000
000000683300020000000950007000780000230000800007500000080090004000008530690200000
040100000610004900000906000005081290000000004100620030006000008701002400030000700
018000003004107000230000000000710006000905017000600200900000000300509008420000960
006030080100090400000200090003050040027040000000026300090000070040000000300800005
050100000070400000406005000805003010000006040000080060000000000032000906140000057
050008000600030078007040000000300000000001490080400502004000600100009300002150000
001000006600038090050000800002003001005080000060005300400000900080070000300002074
000306900050010040002000708060000004400050830020800500000000680004002000900000001
000000005070060000000023800004000230800004000000089104705100090000000000020495010
000000800700000301083900240000000008000006500050804000006009002100500000900041060
067000205100540600900010000070000060003069080000700300005000000000094020090300100
030060004004008000000020000080001600100000000400000830500130280020700040900500060
200009000000060001040008000607490050100000090000502000030001208804000000500600000
800000109000400700300050200210007000000002008008040310920000063650000000001030000
300700000500003004000000060200100809700060000009000002000027100400010000070846005
004700000500800007000023000003600000091000705000030204010300000030049000428050000
000096072007000090600300008060009037900000000015000000508010009194070080000002000
190000060000000750000058010020007009010600800000010000070000206400302007060000000
436000100800075009000000000009200060000500001003000900000042005000100000065700030
040001700100006008070000060002090004050000006010700002000008390085000000207000000
407000100008600000009108500005000000900030000000700200003067049000040020050000070
800056000010000000000000090000140900600005370000060004008000200120708040540001000
306000480000703900090000760005000000008095002000108000060000000009510000030040070
005000900800000070600280001782301650010000009500720000000907300007560800000000000
300010700008700504100000002060071000000405060005030840800000020502000003000004900
000170040069002000010000000201009007030005000080006000003900800000001400600203009
009000000023048000000000060060000100700009000210360090000000083300020007000106040
000670001098040000000005064900068030007300800000007000000000253103000700050900000
030401000090300000105962000040000805000100002700000300000006000502070060000000100
500000003730400000000020908105008600040006000003000014004000009000700500080004000
000310480050000000000000002060400000420070000080509004800004005710062000000000720
302000010000205000000400000009600000040001035000000900260004509000158000080060300
010000000003008590002900013029500008000000000008207600005000000230805000067004050
000000000000700386000080204201000050805001700007400000000053600900000400500000019
800070000003600052000000900207506040004010700000002509400001000006080000000900060
084000200060800010000030500200100600040002001005003000000080950006040820003500000
002000001040000000800050390005210706080700040000000800000070050003004080900000002
000073002601000003007000850009700000180900000000015009518000600000600500200000400
600005030203000060050000000000002000010583704000001083080470000400000000030020005
002000500600000300000805090090378006800000000000509040001000000040060107080000420
000900304000000000904008001060005820070000000000000050006304000008050060040780500
106000000400700903000000170000000000000008430010206009020000040030000060000004501
009035000000020400050000800030000009800709004700300200000007020000000060100800703
006100090305000040080000001000002100020601089000040000800005007609407005007900008
070043020010090000006000007008100050500009060000008002360000900900070000057000040
008000060000000403203400100000000000000067908000108040000091007009300500800004030
040800000158304000000000200000000010060000030004007002610500084000906005005000300
010090007000200060500030040005020700090000800000760100000010000040009050000674000
030100000805000000000900640007060403006020000402030007000607500000000300200080000
000006050200900700608250103000000000040001865850040070730082000000009000000100000
900002300600740100000050000090070000302000700000300500006200070140000050030009601
203001000000000605084090030000200000470000020001057900000004701000060048005008000
204000900090020076000010400000080600607004000000000010009200050000900302730100040
100062050070000920000050010060041000280000700700000300000000000020600090890510000
280000064060800000000410700050030000000008000000029540003050900002100030005060000
000200057023005004000001800000300081605400000000010000300020608009003000200806090
003000002000701060000009408094300000307000805000070200705600000900008000000020000
000014000700300800000200000400960001500000002080400050020090030000000690001007000
040003000008200036006100900010005304000090000020000005509000400000036010000070060
000000942500040600010080000001000700400002065009005000903000000000810000000000038
009000002065020008700005000100970000000003007000040000007150040090000701402030500
800000020020630000000000900750000060010000800260100040481000506005000030000000019
071005040030000200002408009000010000000904603040007100008000006005090080000300000
000001490010032000500000000941000065060000000070020000009300008800640030000010050
009000800000003609860005012900000500750032000020010003200008060605001000000200700
801003000000010004700500960300020000040800013005000000080030640500709080000000000
000030020006700300980040001010004708600000100020380900000028000090100000030090200
005900000008005009900087010500600070012000050079020004000008405000000000037000081
003400080060000000408070000000000002086000031270800600000350009005020400004009005
000084000600200008090000500020070000004010050000009030100503000076800000050900600
000019000006000920020700000000005009045000360301000802000070100000403500800000003
607500008000009040002080050000000009010708000000020560000000001020057000300600000
000020000020030600460800007008200003000000780070009005000300074040000200900000108
000000048000013260000070090607000009000007500020480003000000000540001000100246000
050040810600000040000270000420000600000020034035000900000000100900100000780090306
205000300000060100000400059980007000001000000040690002100820030000050807090070000
600004500000350000050000031067030809400002003030400620006800000920700000080000090
000000000000300080700605000970000000800000013004018700000009400002074600050100030
000350409001008000000270010180000070040600003000040900007069000020000700300000060
800005060509000000000002008091000002004190650700000490000420035000080020000006040
000700000090053860084006007006239040000000000030008750019000600000000030600004005
000508000030140006008090000201030000400010530000600900000007020010020060700000004
006000521000000000100054000000085300860001007040030000720000000030400709000100000
000670050006009800073000000091000620620000070008010000407000003500908000080000000
000000780000030004000104000000000206016800000020390000450003007090070001700002090
000000010700065002809003000000870000500104000001050000907000041030000520000700063
020009016039000700000040030000004900000030001007000800018003500700080000290700100
010020000083000000000903105450069000200000010009100000007030409000000050035200000
000300001000000004000009300005008709010026000000000050003070000900004060600005040
000500000052030000700010603000000008300020169010907002000000420408000007100000800
000000004030070008000030102400300000906002000020060000280001075004006000000820040
700004029090020800000000010000089400040062907000000200350000004007300000084007000
004098000020100405000200000000000090090086000800003000630000501950000800708000630
060500003800007000500068001000300590091400000300000000000001400000240000048070200
000305040509002000000000970000000020021600004070109000006050300700003000002010090
002600050370000200000030000003009000050020018080006000018003007000860000000105906
000008007000000100620090000904300005000000069000052300002100080005070000017009000
390400010040000290200900800713020000804070000020080000070000006900040700000008001
000070000600000100030596000040000809500000000000603010069350400004800000107460003
800000403079000280000930000000000305006004000417000000021600000600040000000100700
080000400000000671100020080030016000200390000600004000000930702500060109000002040
804000500000062709006040000502700000000000104000006058600000000708300020000097000
000020000100000030050000002000082693400600080000500400520090004039007800000000300
500006180907000000000010002040207000008900040006000000080000000000000690020390018
007520000030090605490001000000009080000860000170000000041700003000005007000006008
068400000000960000200000010020003008000020100034180002000000049050010700086309020
000002810000010400400380000000026970002004001680000040970000000000500300004000109
000000090004000500008000016000300007020500060060000204000050072050108300700093000
300089000000020000800300040000400008904000026000206500150000890030010060002003000
047100060206003009900000507000400600000030900620700001030060040000000000000040735
070010023000000000136085000005720008007000000008006070040002700600000835000000001
009300000540000607600400800000500910205907003108004000400060008000800071703005000
000703000000605100070000090200800000300002070008507206050000062020000009001300700
109000000000030000070000402006083000800000201002001500000058003001900000680020090
090100000060070000001092800709020400004000250200030071400000008080600000005700000
000060091007000302402001008000456030501029000003100900000600010005008400000000000
300000850800007000900000302050000270010070003090005060100000000000148000060209000
040210000807040900000308000000906000000780630500000000001070020600430700009000000
418000000000901000000008002000300000000860040729000060000000000800056007000200394
600300041000060080002100000020900800800004000075000000000003907004070050069000100
030020060056009000090005007987400000200167000000500000003000010000000000000001502
002000360000009401500700000200090730400007500060800009080010000050003000000480000
000400200180060000050007003090003000510004020000000009000900408002006050000000030
200060000003500020000000058000070013020050000090200040109008706000300000000000001
050000300000002000000409021802090000500003009004701800100007000079000006080020007
003710900100980070005300000000040021300001840000200000000000003900070450600000080
000080300030607050080500200000908600006000003090000070650001004100000706004800190
690000002000068740700000000000000000020040006170009050000082010900000038204050000
501006420080000000000030080007060001010000200030750000600015300000004090400000000
510370000780000400000060200000200016000700300243000007000082004000100005100000030
000009053000006804005000067000700000300012700060000200040000001700001080903500000
801540060030000001046000000907000000300690000000000003005900300200070490000208005
070040005400200700010090008000000000780400260000725003000100000100000000006089040
060009000700000050001000803300010007000080060000000910000100020409000700008500004
090000000200000000080001032800200470009703010002000900030600000700000000060005048
080902000100000003200310060000000017000005680090160005060080000700400000915007000
006038040084000207090000000600007000000020000107500090001000408500003000000006300
300002000000000067006901800460200080000418000007000000040005000080000071920000540
709400030000006000800090000025180009070004081000000000003052060050000870000000002
000040090908000010020000076000604000700800000800720050100000360059300004006000001
070005000090000230000100000000030800007800140005400700001007600520080000006000000
024005003500080900060009000000000080483000001000000020009000100600047030005900004
430020050000004300802900010070009000106000000080000026004007005060003000000250000
900803004001060000308002000046700012100006005500300000030021700000000000000000460
800500003000010520900700000002000070000170000630000000200000810008000250071040060
004930082000260000070050000460000900800300000001000306000012500090000000006080001
000007008050901000760002000004053000020000704000800030070000500000000060018305000
000050000020900000400200007500001080301000074062500300290000600006400005030009000
100203600000570000080006540003060002200000700004950000000040020000009006400000085
000275000090000006000040020034080010080104030000000002860090000100058040700000000
000080003700009016900000000601050000007000000300201480074000000000000950105020040
000090300007002010010000004003000120002030008800100000000450000370000000905210070
036050000200630004800000000004060070760001000000000040000073098400800050005020610
900070000400800029000000008000007800050046000620005000805910000010000600000020000
000002090800001007570903060004060005107000000260100000000000080300500402000046000
600108900050000000100090020006900500004600000870200001000050007030000000500040108
007508000900000403800009100400000600080163090000800000501070000000005000042300000
075908021000005000000600080003000000000007860002060009000702000040000005500400907
008200940107005000002078100700000506060000000800040010000009000000007304096020000
004000300000600000000908061020003400001000000307006280840000620000800500072000000
060003000000000069000040008380000100007000000509670000002090031040700200008100000
005902600004600001000001704300000009000300000060270800007050010056000000000010020
003000000020100064004008001900802000050006008060700000102054000000070840000000030
000000090002010003134060007200040080000105704000000021020000000703000002905000040
090000410080010020000600000070300100000090068004080000000209004500800000000003706
001000980400000003609000000040980700090007030000032050000051870082000000054600000
700108003004000860000000010600004105000000080010702000200030007050040000800000350
000035000000070000060000004500300006007000090400800050000700042001000008002049670
015400709087006300030000001000000000208010000050700100000007080004000072020080900
020690108030000079004003600003020000000000815000000090100800000000000004405060000
139000400200080051080000000000000030090004102040300000600159000400000010020007500
980304700307090000000070000008000000095006208040059000000503000400002083000010060
026003000500090020009001080000006301900027000000030002160004000004000007008050006
000000000000007205004831007000305008000000709007006400500900000000023090060000040
000000000007000403000360290800000005000480010049210680095001700406000000000900000
000006500037900000009002060300007001060000080004000020000000000800203470500060302
504060080000034500000070009710000200000000000006040703070013095400725000000400000
950018000020000006006040500100020670000000000000070051094030080000000003600700410
010400200400030800600000005007010008000008070203006000000000450060901007000000090
640000902000004806000000040000000500805670000000090010000000008000900020730058090
100586200000070000053000740037000009600000005010004000082700900000802000900000007
000309000068000470040000009092850000000004700800030102010060000500000036000200000
009060300500207080000003120802090000900600035000400000000000693004000000050000270
300002000060900002000080304018000006000005010037000500004050000000070140029000000
000000100070698000000000003063940000000000007400081000009015034000000510008070002
300000000004008000000560007006007800948050000000013090003006740050700609000000000
700004000082000140009030005005000009000000600000920000290300060000080702007051000
000128060000050000802000007000400025008000006600700000700000800005000019063000040
300670400640000073000020000704060030000000000001000025000000008503000090027380040
000206001000300275005010800600080192800000004090000000703400050009000000020500000
009230045600000800080007003060001500000004007000020010090100000005670000018000350
000800401100002000000050800000013904050040000020070060008730000640000000290000107
503201000068050900000030050300982000000040006009000402080067000000000200000500007
000579000020030540000000809380000021000007000470200053090005008500900360000010000
000200000008065300065008007000300405000096000076500000001800000050010620030000780
007000080308060100400000003030040050000981020002000000000190000506030090900020438
062000000905270000000001600003000507000080040170900000000100004000060185000700000
890000000105074000000050090608302009000400006900000080006700000280000050400001020
000000001000003080040907032000000000750082000030060109001600007072040000600008400
900510006001390000300007000003000041810002700000400000000006500000000008060800203
405000030003409050000600008500030000070000009300760020000000003100028400080000000
109030000040000000280004300010380000300007009000000170800052000000009001076000040
075000000030700480000200100009040010050000000400100020000500000002009806000604900
040009000008304060300000102000402903000007006070000080825000000400000000009005827
401000700000000050060470009600020003000000000000837010000005090800000006125600004
000071000002300000004050360009080006000040050200010800000000043500000001010060089
007000000400000020030060050000042030001609000006701500003008900000500700190000800
910400000078060040300005000094030000000200034000800007069300080000090052100000006
000064000080000010020807060007000504400003000000006080010002043005300026003000001
000910380001000609006000010000450020824300000000000000000004200403208950100700008
005201300001895000000700000000000120400000530030059000000400008020007000070060900
026080930000000000800010600600050000001000024007804090018430070000070010000000000
000000080000049007043000000470000003032000500100270000056004000980020400000306000
090302600000800030000000100001040900702500000063010050006050000200000060005000087
000600000480000700000804001009000403040002000200065000004010900500030007010008006
000300010581060700000009600063900000400000000000420800300000090090800007746003000
000000070320000000800007010540308000090000200080004060000010607000900800004702000
902074000050000070060120000230700001001000005600900000000010039000200708006000104
060050008480000002000980040000049730000006200000010000000005020800030094003007000
300000140026000000007064000200000703005070609000001005004580000053000000000000090
040030700300900008000010000006007900000020480000500600010000500600003000005640890
700000300030000020010500009000400038080002600000600400002340800500000007008020010
007000009050010000000500360401708000300000000075160930060004070103000200000000000
000506080000004009030000600040305000901040060008601000100000840000170000620000300
000000000080407000072500310000109060600020904300000000058000040204000809000000053
010052700000400200005000000160030004307106000400000000700800003000604002500009040
000107000020000040010500009608009000047000000000000605080340000500760001000005080
200000090097080000004700200060340000000000700310020500000008100000160002005000006
410070600000009000500060100007000019020004076009000000000000008750200040000010562
000008300000490058002070040470000560085600003000000000900045000030007000700200830
700000600000000018031200750000000004090070500870090000000420100027069000910037000
020000084090200000000080000005097000040000100000050026007062008014000030030510000
900300600600000405078050100300020800064070000800000004000000319000860000000017000
000500000090000000017600002000050900000700401200003070001062040043190000820070050
020501639000003001900000000000000896000840070000020000008060000039100000000009507
089010070600007100050000040000030600100024800000000250000400060005000090070008000
600400059050000700081000020000000030006000800278006005000300090000107000800005010
400209300320007980075000020500704200008010090000060000000900000000000700060100003
000000007050201000700000052000006020031000060000007409000300006890040030004002500
006000030300040710109200006000050090000000000438009500000400000090000047000028600
730000210000000000009015030000030006040009003500001072000908000005000600600400000
009204000003600007007005402030049000600000301000080050080003000901460000000000800
000412560030007140000060000075300000200000004004000000007040600003500080800600005
090700300400200500007003000020000450070094001030800900000900700000046100080000000
006034090001006508000009000030005000400900002500600080000000007000007400005800000
000000030320000500006098200000500008014030000600001070000800000000000903007004010
090284073000000480000030000079401000400800001100002809000000300702000900000100064
400000000008003010026804039010000605000031000700009000030200090000310040000000002
009000620003501000100000000040600100250000000008042000006209570800000000790405800
046001000900200050000000000007000510010040200000300080000700001400008030008060049
070000493500000200000902800008791000006008009000306008702609000000000000940003001
200006001008030020900280600460000100001000200000000060000090050096420000003801700
000190460030000005100800000002007380800600000095000200000040000000050070500000002
275000040003207000060000005000020000009064200000019070000300800700000060030905007
090070200000000010002094806000020004000001000349000060800000000030000905070048000
800400001002600000000027006008010000090000040000009075500000730960000000000850900
000001008006000000900000250010060400070090000680003700500704060008500007000006100
080000000060005038400100670000000004000570200802093100000080000010000003950401000
000902000380000020001083076009008030060000890004000005038407000006000200050009000
726000000009004000030021009010059000002000000060480030000040096800605003000090080
205000704000052000000310950900260000000000003002100480003000000008020501170000000
004900000560012000900006000007800050000009370800004020000100000079030000620000830
000000005700903020009067800500000070000650000903000001000745009000800030080006000
005080600002007090070100000000000000097060004000905061040000002008510030560070010
090000010230000600600004000000520800002800004500009160000600300007000090040001070
000090000400000508009230000015700060080000000700160000000800106054000007000010003
000001204006800079000000000000900800300002400200064001005097000900010000007300062
200000003000006000700000060000080000600100050380402001810003020007009030004500080
400900006000016005570000301040001000000480900080005000000040600907000008060000270
008070006090800007000000802000106000304700009700000030806001200040008000000000010
500000009090050100700400000070000001040207000000800060200390000800060042000000350
000000230034020700100609040005007010000000300073400620000010006000000000706004050
065900004400000009700046000020000006009360500070500000900005180000080400002000905
000000000023750004400200300950000000007030008002506000000001000800470065000000049
060570003087013000009000006020306400000000000000040070600090030000000157108700009
000000005080070300002605000036000090000000001009208400170000050400800000000004030
000030850605001004030700000208605070000000000006000049500080200003000000000900100
709000000800000030020060800000409005000070029900020080000140006080900002300000070
010700200000105040007600800000409000009030007063010400200000000900000080000206014
000000045000100003006025000060008000020007000000590716000000000301800600000300078
005000100010000065000030000009010700020390000000060083051800000080600092060020000
800900500090004020020301900003010000500080603070500000000200007000009080030700009
000900020000060030901000008050070000000350700002100043004090600087020004000000050
310000400005370080900000050048000000000009007000108040054020009000006000030000600
630500000040000700000690000050070034000001200807200000003020007000015008000000095
008000000020004609700000020210070300070230100500000090000300000900000040000016038
201000004500201009040007008080000000107004000300060070000800100000310900802000300
306000900000801000000430000000090005009000123050007800002310709000008001008000400
400000500078005000100000000080100006200900730000000900000000340020803060005004008
090000740000800600300025000600000015057090000400000000503001004000600020000070000
900050001000403000620001800005200094090100200000000000502006000804000050000000706
000017005107900804000002000000050073006000000300020901000500000083000009910400600
031800009000000500000900000000000310005600008000517920900000200100008040004070003
070004160009000040008070002030061009920300500000000800000010000603500000501000290
000000068000703500030095000000560000902000000003900400000000020170000000060000859
003000000100007005000050070081500604004000590000008000009470001000320080000000350
008300600634080002100007000000000500001000476000020080000000200000893000093600000
006950800200000007500810000600480700028000000000071003409000006000000000800300040
000300005084050006000790000040000000800907040500000070000000201600415093003080000
000600000062009004050080190400007010006200040020401000201800000000000000000096035
007800002602000400810000000020000900000103056000000010000208304030090000005040690
030402000000000045000860103000704008126000300000000000007016400000000801002000050
000005037000800001001030040025004600090003000070290000052600700000000060000500308
075080600006010300000709008000000005300070010080000200030007050000090000008500026
000000800000706010004092570002019000050060708000008000903000102047000000100000030
020900006009070010000200370601050000000030500040000980008000100000000020300090400
030080000709000000800630054004200000000001902000300041000006000040010500090008106
260000000050020340074000000007053080000000050040097000400100008090700000001046009
070602000000000200100080050000006008300100540040000006000700000053000060064905017
000002530000000008209300000060000010010079000000500026500400003300700940000060000
067000502000400090000000070850000000010200069700000201075000000001630000903005100
004009000008041009790000503040275000000004000800000600062030000000960705000000000
800000002090020030700140050050081000003000006008002000000003090067000500020460080
040000000302000048000700360590020000000300000000090002403008001600003200000076000
000200060705100000830050074280007009003900407000000500020000000408060000090000600
000001009100200060800006200000040000024000000076030051000010005050007103040000000
900020000000008009308000060000200908090430020070000004050000400201090000004081000
000000020507000001320070950000001000200008004100065002800040300003050006005600009
085200000203000400000800100002001003010570800000006004000050030700000001001300200
000900053005600070862003400006300005070090300280700001700800000000000002050000090
000000684000370000409000000000030007605000003100897000000500078008100400002009000
080020007190000080000900006000003000040000000376510090002050000039000060000800071
401000060000130090000000000000300600050980700090740050300001000800070100002890500
107600000000000000320070600400000015002700000560000000000106090900400068080290300
100000930400680000000000002097040020000000000020008047200510080075009000000020005
000000040004857029007010000400080510005040072000030000008000230270000600003600080
026890071900500000000000000430028000000300000200107060602000350000001004700000600
000000000005002000000609300374005900000093100010060000021300750400000001050207609
304000001000000008069000302050030004087002060000004000040018000076003800900060000
000000435035000070900000806608700000100008600000014000304000009050000000002850000
000209500005000607900004021030901000000002060007500000043000000010007000002000083
000006004000010039120003000000090003005000070008000010300008027800530000010702000
000000000060073002400600800000009000020000570780031000000047000300090480800000100
900000200000600031007004000400005068060092070090400003100500000070006000050207000
003090010070200030000001060502740100000030000900010002400000000009600007300000005
000086000310000005009530000008000020006000190950007000000000002700864000180000400
000005340008200650003001000000000020807000000010000900042010000000074030701950080
040008000000100000008020100200070900100030050090400803500200040010000305000704000
000400309000000820069007000002010400004630000800000905008900000710000000000000647
005000700070000008009300200090007020400106000100000090000408000204003500900002010
090500000300000000076002000000070600000000080740906002460201800010080900020000040
000000000050008010400025800000800096034050000090010504000030129000000060061000300
002000000700002810049000600800603000097500006000080035000000007000204000030008009
104005000030040000000300069040506000020000080000700030000008307006070001098000000
409050000050003000000000080872000009000000004000197500600400000524700300000200900
700000000030100060000703025400000700027000130060000000000340000001005004008090003
020000009034096020010002080500009060840070000000000304080001000300000000090200058
690004500000050000508600100080207000000060732000140000000000007000300800205079010
410009006700000140020000050000500309007082000040790000000010000000008000001070568
008006390500080010000901000800000001050000200900050000000004000071360500020100403
620001000034000006001000080040035070000100900000609040705000000090000600200007410
007050040018004562000006080080060000005000000900070050004000600000001003700943000
028000600000005000000300804002000090409200006000040007000000070000100500530697000
610040570709000000030090000400700800000006102050009000007001400306002005000000008
050200400000050020000048001600890000030005100070300060000070805360000009400000030
000000000008000007904560000000004010010000008060093000000010020030020056700050400
305017006000060050000009021003000970209000000600000408060004000052800000000620000
010900200060800150900062003030000000005004000001000040000709635000000000007015020
004803000670400000800700006305000028000002503002000610010000082000601000040000000
020000930096000007000010008843000006000008500050600002060000300000005700509400000
040000000009010060205000490008470030000090000000020007050000001000540903804000000
804000000009008004023140000260030700000520009000400010050000000100000030000209506
300000001006809000040000008750008000000001027200030049890000310501600000002000000
000000400000098070020050109500070000006900003108530004080001090060000002309000000
006700405042010000000500001070063000200408300000000106980000074000604003000000000
000700051060005400000032000000009003075001006300800000209000000050090074400200090
000000064000000100020700000000600050180900030063020001005000000200001900090407008
010780006000000070030002000860010009000000800320000000009208400000005200100004000
000900000000300800030007405007100054100000006800000020000500090068002370000830000
000800030308096000000070050020000500513000070009000002087150000002300140000000009
080000045200097000010000260007501600400060000000000800000072000009006000000900351
007400500040060702000050000080005000000809000653001004005000000071003480000000020
008009005000100000000040207000060004080004001205300000002010000670200900900000300
802300000005400106300069000000000000037000608400050003000920080010000069020100000
004020060002090000000000000000700301500080400080460900090002040008000100030078005
900080043006010928000000100800009007740028000000403000310000004005000600000000000
003000065000000780500200030000410500340900000000000470800002006012040900400009002
040700600350900000000000000008600970000050040000100380501000004000020008009300000
000804002003000100012500090000400000000000000680700405000000200001030000400060008
000700806008000900403060000000004080016900007000010002020806300000050000100090000
020070000080300000005009008600920040010000025700000000070690000000000009048001300
000000021400900000715000000008040003000000600604005000000071009060003800031094500
124000000000005000300000080080650012000000000070002904200090701000708000000510800
010406502070500008000000040032004000000080000105000003420000960000009080008700100
368500200120000000000900000016080500500600000000040100730200000002800060000070090
082000700400890000000570006010030008304080000000000609230000150007000300500000000
000000201004086000060000008002010400070300010000245000520000000008503000630000087
000903000010006045007000900000009000005000207306500000070380050000004000020005060
000200036007000900090070080500020000216300000000000000005490000708001004003500000
004000289080000006001000700000701004802309070060540000500000000090010005000050960
006304200000006000400870003000007002090600000700010350070000000500200108019005000
800007069900005030000000010000409300600020000100506980060000000005802000000070108
060002100000600003200801704089043000006000500000000010003000200000000040070264000
000560080780002000004709000000000630040800090076200000200000004097003000800005006
067501000100040000400690000600205001041000000030800070000000080000920017900000260
005000009000007041100002500000100800470095160006400090867000000000000000000041700
902000600000000000053070002007819500305040060008000000000700800800600401010000020
060000000005000009800700320703000000000000001000200697008003700000029005210600000
700100000000300180040000090005020000130740000470000020000000056010560900300908000
060500000700480051000079000100000007000042003090060004003700000600914000410000000
003080000140006000000700800900070080301050006600009002000060200000094100800000503
000700004003005000004010000600080300000007050200000080930800000000600098000054107
003000008500030060080070002307006040001000000900400015190005007000600000200000690
020705000000000000050080047102506000700090600040200001000100500080000030000030008
500231094009000500000004000014908020003700000000000600000602000350000000090000870
030000069000050000040900100000000020004070010709003006000500000020006050010400803
007000092000000003052100070030071904400060000005040000000530100208610000000000008
000320004010050000003046900000070040000005080207060000006000032500000706000001050
000000000930406000400310900100000807000620000067000000600704003020008100000000400
000002000506070000000000470000003018090000360040806000080004500000600942005000000
000607000000040650090000000020006008800100003350000097002700405900400000060200800
010500000002010054004003008000000002001002080098050001005000040040060070803000206
600000001000078030000000402050060300020000109000927058001000000209600000070050000
000040000010700000000500807009203500080000076000000102008100003907002000004060200
030900000400020800000007420610004000073000090200000071000300007009060000000800000
000003001002500300000040000000006002050109000008000590507000000000702006003060040
000008100006000809050042000072000000000300004000005760090060200208900500003000000
080004000000000006703590000000041900030000001400930025008060002002703080371008000
009460050000700000070000098000004000208007100100000600000006000001900030504003269
045970008100000090200100004080000700000080042401500000000090070000053080069700000
230000001070000048000010007000000090500800062002063000900006010000005006804070000
060000370000520004900080100700001000089000005000600000003007000002800410000340000
000800049300050020000000360000400000560900007000010600100000900703000800005007001
600005470000090200040000000070000002400000030536000080000070900900001604002069300
020000000009602001000170069000000008002000000430026100004003000261800400900000005
090030000100000050003000004000158002080006005300004006040802000200000060000015080
020000001104300008000500300002017600089004500600000420060045700000000000070000000
120006000006005000009100020000000700007400000502003840000500000010002680040301000
002300006000006000003000002056409080000100040090003050900800000000904061184000070
004009050102000080007051000000006009001007060080020400000000001010040398000000200
014700000080009070000820000903006700000000009000000203007043600500060000000900427
086050000009460000000900000600021003030000000004000906005380204807046030000000001
710420090080001000000609000000000000850000012930504080023000004090006100000070030
500000160604003000080000300040107000001000050008490000000000520000009001239000080
039000010060900007000000500000070003800400005000160040080604390000007008200300000
007060080030009006004020000190000400000540000003000000801005030002001078000003200
100060000302000000600024500000050100000000405900008006070010080400000020206700900
000003607050000000304196000528000030090000020000680000000010003000408570009000061
702000000906810005050000470010000009004030200000050000507600032000000000600520080
008020704000004000029000000040070003080002010050083000000090046700060009000400507
008906100004008030013500060001000007090000000000680020000004019000700008200000300
001007280000000070060109000700014000000000008400000500100600000500020400002000006
052000009000000000910000642000103900000004070090002006028050000000040090700000064
420000057800060000000500000090001802000000005105700000000600000500000004381020600
040190700009004000000003000800006001001050030400010500090008020000500600006200954
052014063000900000000350200300027000004000000070000850000500470000030100400000080
060080000000007000500300094130000065000900002200008100308090000000701000000062000
000800040500040031003009007900008020206000000000706000020000500080950000030000000
000620010700590000030000640400700503060002000800000000000000089080400100002900004
000600010001400090000002384900106003807000001000000400200500900070001040009040006
200000100000000000009005004005800600070000532090006000000100000430620050000000079
710002030008500106004080200000000608002000000960057000080004720000720000000000005
009050006130070000000000008206700080800000020007302600500000410008000090000003002
000000000750001300030008200000800009001200000200000400000900600506070103003000702
000023100280006500000000000720000306004000080005000790000500900400000000060940000
000023000002010037009000000100760259900800060006000403400070900000100004008500000
000000901030000000020509080000000834000490000012000000007801500150306000300070060
510900008007000002600805000060100087000004106350000000000090040000000005720010003
000200450005907000000006007080700340600001000703800060000000091958010000000000030
000000170208700400000005030054001020039420000000050000000040680000010300047800000
000000050020000001800000460052809100768000000090460000300700200001900600070004039
000300000025680000910000000009030024000000010160002097000570800500100030400006000
500710060200500910008000000000800009980002001030004700000000004050030600060005300
570000809000030000009005607000000103000400070000060002401000006080057000030040500
000643502700000090002000030140750000000060000000204050000090045907008000000000008
060810000005000040940006000000000001000153008007000060020900600000000073103000000
009000020710000000004000063000057104000010009000000070003690000800020006005140030
060000100100002000032015780800000090007900030000000005600001000700008309000720046
400500610052010000070000500003000001004090060760100200001003059000070400000020000
030084000009700400080010060014528600000006000270000005000000021020040003000000900
000700052000000300103000008027080100000000009061004000090641700050000000000370000
820000000609800000000000702000076000064150007000409200000700000530040100010600030
030040001010209000048007509900700000000060100000008004000000005702630000000072000
700000540000800000920100000000098750000200000000350600003000960005000000006024070
809002004000000370072000000500800007007040080000006000200063009030000120060900000
000300024020000000013000800400050002980000507000000061002080000600005700000049000
083007006000000502100900000600300007040000800317000050000020003400003009001090000
000006092950000300000380001020000780009000000500890600800702960000050200030000008
008090001060400500300000009010050400007000900200000080000000000059080207000004030
000075019080040050207000000070900003000004000310050008500000000000002094006390020
460000100090400000000000030002000300000070005080205700008007500037509210020000009
000600090080000004005000000003140009008000002200300046400008000006001050020090007
015206000030800140040000690001600050000001730380000000000500000000000278004003000
200500000093008600007020018450000002001000000308015000000087000040000070000903000
802000470030084900090000008000000010200000000903072860300000100000400700001067042
000800001050030600420007930000601000009000000006043020000000004500000276700080000
003000000000436002000008000071000500200000794005600000000020008400010250000300010
600830000000007080500600001000080045000300120204019000000200010000000000130050097
000000000005090040624000007008000002060002710000100300002039008080000005049057000
032000507000200000600890021006007000000019480000000002000000005900100060064900000
980500000721009004000000000003618009000400607000000081010000040094020060300900000
097030060640000802008006009000270010103600000000010004070004020802100006000500000
372009005900060001506000000000020309000701000200800010030000000005000806000507040
029000006000000040003002100400705020000800000060000430000004900000260000001093700
000900000010008076007064090000027600060050082083000007000201008000000400801000000
320500004000841200700000000000070010800000403000938000045000008280005000006000300
013090040000000000005026900004080000950000010706001024370060080000009000060000701
000000579000000100570080004400002000156000300003000000080130090009240003000090005
130000000900054000000700500308001400070000009009305002046003080000006005000000030
008000000030006010109000800480570000210000000000000730070401000000960040000800195
805906020000180000000700005090000067000640200050000000068000000000000503012000940
090003060004006000050090020400002003730000004800100000000000000300080906000050080
430028100209000047000009000054006300008170900000003000000600700002000400080000015
002000960000000002108000000007090000200006050090000804000405030800001020040028607
000000703060530400002060900903000805500300006024000000000052100070000000400917000
004600000010000208800000003000076010100400000650820000070040501090000030000009600
000130000020000000078042090080005000100200000057904001000000003200000016090000004
006015080000080049040000007000004020000030050001200400003052000009000300812003000
050079000000304700040000008000600070072000900005000040000006000018000030009200506
000075900104090080705000000410000002000032006009000500003008009000400200007000008
000000000900002500001090670620100003000700800080000000007080300405000009008310000
642000000000400030010000200000000001000003080035800690009001040000070005003006000
800500013000060000090003708020007000350000100170026890000002650000700000030000000
690500000008420007007000300900600005000000108040001000000085002000000700500070090
000002053500040070071000000910000002200680100006005000460070900000090000020001000
604000715002000040000700000000500000006009000050840061007002009000050170400090003
000000240070000000401900700000092060060470000000008090010500000020004016508000000
402075000000000010010300056000012600000740098000000004709038000300407009004000000
000000003600904020503107000030000000000090570000000001001025300065001900200040000
240050900000790000000002080019080000000070200070060090006920310000005000500000006
000000000020105090000020580300000907090032000000008063950000010000700000203000006
600000510005194000098000000000009040064000075007000830000003000000980000000056200
040080200008100000000007040003020560705003000020006008450000300000000902102000005
000000005000630090700800403000080000102000080000940020040000010007500032009200600
000150004060000000890000000000000306308000040050008200000002000706409000000010603
800030050300020600070000100020009030007000200058060040005604009000000000000900071
004008070000950000005002300000600038000005200600000004050036000009000000023801400
000000246000090000450300100006000000300000021002480930000250008089000010000000000
000008000001029000560070093000000071006000000932000800000040080054300106090000000
000018900000360000132900000000000054250000701000090000004005000007230005001000600
008002007006005001910030000580000200002057000090010050003008005420000006000001020
001000780000000005540800316907080400200037900030400000000000000003000064010040030
030000018200019005000002407001200000093008070800000506104000000020064000068000000
000000000104300809060005310800000030000200087000001200000006004031070000002500100
004870009800050300307010802006420710700000003000000000605900000000100608200000000
000000760004006901000000000620000030009010000035400090000020010007001000083570200
100006000002040060970000015600310000200000000003700640000070508000090000030060070
000009052030000690067002340800000000400010000095007060000703080000400500700020000
890700000006093500370000001000000020000002708000680400104030000000010230060000084
004005009000020000706008500050079203000000100009000000300900000200006004000700800
060000300200700800080000012009040003000000020600205900703002001000430009000001400
000000007000305800950700603800500300060028005500000000610400000000000706000096018
000000030090010006004700080400067000000030000861902004070200008000001605080000020
030240590070305400000060020000053018000609070006000000400506007009008000007000000
800000009071200053005007040006300895000000000090570000080720100010009002000100000
800000070700009060200004000008000019006080000590040800030470000000003054001000200
050420000200005096430000102001700003000250067000000009000100034040000000000607000
000004000005900600000000032020060005001090004080020000030078029600003570008000000
090045030000000010100090704000200000070306001039500000000000250020007900603000000
905004000000800300000060405400370000006100937001900006000000700600000159570000000
032008105060040900090000083010900000008030000500000000000002009000400020003006008
000070053050000001420000070009300006000000000010208900000107000908430000007000030
001050000009007634230000800000070003080000706000000410675901000000030200020005000
020300000600500020030700800000000062200000001050400300000650400009840000015000006
905010000600920051100000908000003700000700024000200080000007030700600002080100507
180005000300000007000300065000040020000807009000001040600102000020500600054008000
072000001000000300304650000000407103450206000000000000600003072008001000000900800
870200300300500610000090000000304900008000000760020000010000006004000790500736000
040000000000009600306500090800000750010006802000700000009601070000003410600080000
080010000035000900109062008200007090000500800300000000000701000006000030000004705
006200008108900004002008060000000400050002000000010007000450080700000009005067000
905000807002403900000000000008000026000001000007002000800500400000010630051030070
000030508402000703000009000001004080000000010045700000090200304700005000000078001
005002064090700200080006000360000000000003801000005006000609375000000000040800090
000100400028500100500080600904005002070003000100006700010600040700000050300000010
100040080900200704000000190040060500700008200809305000002000060000534000000000000
004080000000000750060300000001800000000020900007015806100002030405060100000000007
000190004007000000080000310090306280000000000000289005000600000005000023100078000
023007000600050008700240000300080000000700510070010000000500001000004309010000026
030900250000000090086000000000001007000006803350000000000000100590010024000082000
600028000040090000501000000080000000900506070000013000800000090070000001005240603
006100057000700000090240000530070290000000000000082500763001005000000000201800040
700100000000700060000050840000005081060000030003008000018402000020009003300070000
000010709000080300000900080006050000200007190040600078508300000100040000300000002
010050040000002008050000030500070083060000000900003100006000095000007060028500010
000300029500608030400090000000780000020060000807030600000100040709000002230000800
400000008800010070000000400000970005004000000510000703000280300780061509906000000
050000460004000100008000005006870010000000009079200000500010670800003001000090030
000080500900100000000302009000906050400000001000074802000000360006000007582000000
010000096450000000308000020090400005000000800007031060020009030000280900001005000
300000000600008500070300069000020431400000005002000800007240000001600000900715002
007000054140000000500090000800400007000070030000080920900063000070000100030010500
040000203035040090009007100100000000000900600000100500906200005007098000003706002
000000500400800020003040006500060000000700098030100400060008009004070005007293000
410026005000000030263050000130064000000003000007000000002000400040095100000000072
480000500000408000030000060000120000000000003540009607000002006010500000750096080
000500000400000857008036400701000009000020070304000000090000040040007200005008001
004000710000040020000300900032500000079000000400076100000100009000050047026000080
000020000001800005900006030000002003060009700002613080500060000190700200000000060
000020003382000041040000080006030090004061005010000000070300000600000000053004708
000407000004000800602080050100056070500000902003000680000090200000203049000060008
000400960000008000439000208000000007072009800305000000007030500000190000024070013
080000050902005003700000069010609000004001906000230000007300080060050000100000042
008010030060500200109400000000007062000000758000800910093005020804060090000000000
000504000200000000000000697360007000400900001910020075007002100000000000000046520
206100000800000502040000000000029070005000200003080004107430600000201300000705001
025000070300002009090700000000000028000026004000904000900007063008000502204030800
000006081000000000008203700020007003003050060085000290000000026002600054400005000
000000100860000700000001040050809000000005000900010080170600430500000029006203007
002000000890200400000940030700050320000860000005010006173005002000000070008000050
900051046060000300200007001090008000000740600400000000007000050035809000000003020
500000006070840930094200000005001328000000000001020050900000000300010400050302060
000045900097800006002000000320009007000000400080000000930010850000000001000520030
010004000300070000690000700102008000400000013000503000000980200200005601050000000
009010080030007010080039006000090100870000350000000000200000700000560000910800600
900400070400000600000000058012008000000020034003070000000100503000086000065000000
000056080006700004010000900000900000000000270090040108980000060000090017005470000
001024000052700000080000030200090000000408200040065910060040020000000000920530086
005000000270950003000000008502000040000620009001700500400300985000009000008007304
750003000000700200129000000000600000031000670200007014080005400600002050900080060
500001009240600031000040000007000000000300840300002005091000080700004600060703000
200001000059080400000009870130008007000900000000064503900070200010300000620000000
702010804080096020010080050300100070009857100000300000000000900068000000000020000
060517000000000000004000503600078300000005002280400100342000607700000000005060000
904000026080010000000000100000061000070900860001000400760090003300700200020005000
003000504040008070005000380000000020020340900560720000000000400006070001002816000
312000800600000054005000000200900007509001300700003000000026000090040100000000003
310000006007082000005090000000050040004900000590600001000001700709000004800000603
000480500034007060000001700080040000057100090900002001000000002100075000046000070
250000060003000108601900000009000006060008005100000000000065040900810200002000030
000060004010024930900000270500200000090410620007000000000601008000000391050080000
600200970040080000007030010000007400000000005000000290270001000084059000050000106
000240007007000008012070005056000020903060000000409000095000810078002060000000000
002067050000000060003008007007095000030002090000100005506700000000050010090403080
100300800007900000000006012000080053560003200009000407290100300000400000001000900
048025000007006002092000604010000507000000090000060040805040000000802710000300000
407800010016000200000000053000000002000007000192060830500700090080190000000000005
002030000004001006000708900205000070000390001008500400000016700706000000000000300
308000050000000006907600000000000500090201300000950002040002001012035009080000000
000602000000000700174009000000083005080500062023000000012040090008700040006900007
000003005000006809003010400040000000300080070870050001480000000005904080009100000
530700000600000400004000090070020500900670000003080070050000780800040639000008001
001000780060001005000060000028000000070802003000950060942000000000100002700005090
040900670700000009008200000000007200000401503000609740600002450004100008500000000
200000481000000007500004000000087000003600000720001908350000800000045000006100204
030080000902030700004001600000040006400008000000376000000069000085000920003000007
000002900700000000081600070900000003015000000060500001000400050470006300102090400
070000005013400078000083000005060092000000000620017000009800000004000031000005800
000400009000007240810000003209000500100000000005040008603008000050070300071350090
500100098700006020420000300005008002000012034000000500000003000207400005000000900
500900017009000000006100300040070005030000000000001824700084050800000903060000080
009005010034000705008000002070080090040376500000050300000000600000020037180000000
907000205000900003800600000370000000000210080006000400000061050120405007000000000
500096004400200109000500000100000008800009045700025600000000080003160000904000000
000600200000300090600205000710006300240190080090000070400008030900000500000020010
140000000006000080802600400000409300503002007000300005000201000087060100000090800
007060000090000500500024073000000000079000040000502010630080004000000700020096038
080060000000000001100020370970001005205086000000900640000504803300000090000008000
060010000010008600000000920600370008084902070051000000000034200070000000000060030
300750000000000600500009400000003006006000070030600010400000009700012000058000030
000060000208000000009708005450000000000500210000897003001004090090180607070300040
005761009009000000000090050040006500807910004000500080006004100300000000000100408
006000007700000409004260005200930070600020008000800900500680000007000004000090020
095070010000620000600000040704000050001980006000010000000002700430100002502030000
050010000000800700020043096302000500040000001010034200000060004009200100000000070
400005000003100000067900000000008070010006050300020000002080049009001230000009507
800000000004060080900004000206000700080200046007093001040700010000028307500030000
007003954000000002040015000609007500000000270000000009420030097006050000003870000
020000006007000000000780300000400001200800060065000090008004070400200650350600040
000060200007900000080507000000000680003600150005400000000000709000059000460300008
608720009003060010000004000950300620000007000000040900501000000060400200000010007
000170509000300000006000000091008000003060140200007006000000320000000070748000000
070016000800004030030500000008000300004000050500000847000007500000008020106040009
006000000001000007800700304300850900900000800000040002084900021010007580000000000
000508000040009000005000003007001000009400000000003059002067001000800670600030084
501900600000000004003000902000040001700080060000390027057000000010800070000006093
006090010000060308005100400062000540001000000070030900000904000050003609000070100
090060400400900020607000900800000000006005000310000000000070865000250009900008140
000700060600000930740009105001400000300005704070100059050000002002000300930040000
840090200000000006030700000000000600068000005005082001003010007100360900500400108
015300000000701000000800902004095020000000045080000030100070000040000107900004050
180200000600700400009000020040020000802000310003060700000030180004805000000000003
060001000908000000000700390006000001000400050040009830600000010701208000023900000
000000095000006000010050807000070004000901070095060001000700600400893000501002000
060408000000060000200050004005800009010097020080000040650200000000039000403000005
008000050500009300031070080000010090070004000040020005087005602009000040000082000
006000000000030981030050006008020069900001420040700000000000008200000057510008090
000000040000091063000087100000000030500000204904003006072000018090600070830070000
760050080000104700040003200200067000080000900000300000000030601004000009801900070
000170009063000000001003502086000000000214000000800030500000097000030040000400600
006007000000020800708009003092804010000000000400005000000061054604200009000050060
000000004008500090030960020003400060000050007500802100007300000800009036006000870
380070000049000700100006000002009010005000400000200090403080200270004008000900001
100000060048000050007056100300000907070100080000900002900800000000201000050000040
206000010103000080000107900080040000001900006940060502300000008000350090000000000
300902000000000700070810029400000100000008056000040000000001000530000078700630040
400001506100500030700000090800706020007300000005082000000005340008000900000400008
670000503000040000894000010900100350000300902000007000040000009000034800085001000
750030600009000000000006098080205000300000000200000104500060307067004080000000010
010370000430000025000000000000001002006005093500200006900000000003060007600704800
083000000490020008000906000040000600060500012000709000000090071057001800000607030
502000080007020000000003500493000600600000000000000058700040920000367000000001300
058706000000090560000000000400080050100000407009107000300002600060870000000030701
409080006305000080000603700000020507001000400006400009100005000900002000000900035
800000600007006200009007000000409000002000013001800040958074000040200050000030000
000600000046700008050400900080100400010000000003006000900003504002000006400050100
030000000004600002908040603000020794006000300080000001000017000809030000001900040
605200100900004800002901040080040730090000000000000600004030000758000010000500006
090084037000000096004000000300001500010350080000000003006800000700020800250700000
000000050042000706350000000000030590005000400009760000098074000000018000000050302
800000006090000030070109000020500103000200080065007000480020000700080000000003200
074003090000000860800200010000010000000704008300006070030400005008900000100005000
040000000000095030500060804000103000008000001001549700000700000900000020437000006
