Seed: 1640217585
Cooling schedule used: t = 1.440000, alpha = 0.999900, cMax = 500000
000009020000040069100020708050100000300000000600300510090700800020000000507060003
002030600310000008070000400008210090500060004001009500030000000050600010000028000
040008005700090204000000030010000090300007048000000500009804000005000007200900060
006000300500004096009500700000090010000008070050240000907010500002600000080000004
018030000700040900000007000967020500000003800000000709000800006006001070000200010
000706905008000400090500080504000200000040007030900010260409100000002060000030000
004500908180004050000000003600000000008000000300802010030200600005600030000190002
005091027000400000000000569090008000130000800006000090000002673201070008009000000
000000829009702000000050000203060000010207000960080300300600205000003008080400006
000008300000090070000060400100430000070600500500001006014807000807000000200003600
000000029050300000008075030000007006830000702100800000000036070400190000090000000
805000000700200049000004300029406007001000500006038000000000000000007416000090002
000080000040000630200600780000479000170030009800060020000090500002008000000001090
070040000906100470200060150400603700080000000000000360100900000000370940007000200
600350204003080000590006000060000070000020301002000005000600090030040000085000000
800100064940000005002090000004003000000064300200000040007010002030000008000080100
900000000021000638300060005000000500007002900002190000100809750000600000730200000
300040001670000000092070008000600140200050006000307009800000004000008050700430900
080407000000090005040003700000030006602000010700005040006000009000000050030004001
061093000000000035000005900900006000040800093006200008000000060000002104017060580
000000070400200000010008900040090000305400000267803000901000007500010000006700002
051000003003004000006190004000000720520040080000000000902000047600030000840029600
038000407600035002700000000200901000000000005000060930025007000000503090000090020
002400609010002000830070002301720006600005130090060008000009020000000300003000007
300004000000200300000109000961000740020000000050070100106005080000000070570000092
004001000356000000210700086008009070000500000000300509070030100000040005030028000
000008000204010060900506000000009030000000400000000706080020000010705008742000001
005030000400600005068700000000000501050496803000080000704009000030000008000360170
400000890100005300900200000070008000000001580003092000080030100010000060504000000
400802003700000000150400009000008900030900005070000060006130080010000030000700002
002018000000009800080400050309000700600000400000907305000004000035000067700500900
009800000003210500000009076050460200700000000000000390207100000000020040600038000
028060004400000050006700009002070030030000001047098000000000000000230016000000095
800100000000002037910000004000001076009086000005207000003000060200400003080009500
006000081040000000320400000070002000403001200080005004050690800018000000900200006
070003200000400003000000580905000021100000800000020040010730000206091000008005100
000750009006800500470000003007000850000000000010000400080230600000500020300009004
047019000000005000100000007200000800405090000030000002000800053800007100300200400
000403006802000010500080000090000003000560800006009004000000090000108000010007050
084600010520040000003028000050700040000000000002000000007031060300000500060900402
207090004400007020006020080000000001003506000000370600008200900004010000050004006
400018690000050008003006000001005200000000907050070004082000040100090000000160000
009600000004000506080000090410070000000020000006508020008000061140003702700000000
000900001000802050000000004000203100006001003009005000780000030210000406005400007
070090402280060003000004008500300000001000800300100040060000900000000020700010060
000300000002400790709501003003007125050000308100000000010000080805000004000060000
240090000006000000000030920092050040018000002450070000000803090000900706000640000
000406201003900004020000090007600009280000000000001047019000000000009503800050000
000000010041052008000400020610007300930020000008000700000090001020000060100060900
000600070009030210160020000010400700080050001000000900040180390300000040076003005
004800006100000078060024030000009000000470001000060000005003004700006080008000290
902070010070008060010005000090000700205003008001000043420000000000010070003000500
004000090008070500060029004000000006000004902801200030000098670005000000000002305
000000280000070000048005300000380000570102090090000402400260000060700800700008000
000020000600580209009100000800052090000060050000900010007000003000475800080000100
701000630002000000000800000007351002060080000000670054000400000600002400020060380
100004009003010080000900000600000050000420001009003800000001008027000900008000370
051700009400060000000020000000000006960000740025800000000290003000013000007000215
008005600010300080000000102006007000000061093090040001001000000004030820070009000
200067000001000082870000000000000040900001200080500006000018500504030009060450000
000000600007103020006020004800000000060009012100000408300010046020758000010000000
010005604043001007020000009070480060106200000900100005000700000860003000000040090
901040007000109050000000003304000000810000500007050040003510290000098370000204000
031000900090007000004050372000000000800001007000492000010208003005640008020000000
050006002003090000070010850704203000001800500320000007000600035000007094000000200
652000900000000801000060000000008000008300607014000090700000000000030016090415000
500000000607003008000402090000200680000190004000000053701000000008010900009060700
600300090800000100210006004302500000080000000000128300000070080000040270009030500
000400001100500423000090000007003000005000000623070008000260080080900070009000030
300010000004730000027890010000000520000070004840005060090001752500900000000000000
450000068360090000008060095000000047000320150000406000000045000030080000900100800
006500100000020000030604000000000000009005004020000790017000302090048016600003080
007600014004000030003010090050000100200500000006040800000008000000407000610925007
000390004036040700700000000000602980000050043087000016400000050050006809008000000
030000091000098000069000020000130060750080002010005300080000010400007000000056400
400000021000010060300906000074001000060409050200003800000600000100000005000050007
040500000020007038080000001000001090600000000058460300007605080000030000100002060
270003050310000004056002007008000000100000723090000140030050000500020300000001002
090007100040082000000000073002150000700000000500700930870000000009000604050000310
000000004006000520028000009700200000000701050435000000009004000007810060060007200
000039700240008006000000500420076900900000170050040000000000050000490010109060000
090007008000608004120000060500002030849006007000000600000000000005030000301470000
002000070030000000400870065000080590000000280000409000600200008820730100010000700
700060300030000650600080000000000000000004708048090000410020000902070800000005091
408900600000030800029000000000000028000600010540070000702400001000000040100003090
900800043020903000100000620000080001850079000000000070790204000000000080034000500
000001800007000050030050700001000002502000080000036000600000000200940510058000020
500007390001086040002090000750000000008030000000400003100000600000020030900500080
001970000000000050709030600000020000003400500007100049040300020200500001000016000
804010000030008100000060002070400020090030000462970080000007046009103000700000010
060000103002180000070500400705302000000007060000000000003000070201050009050004000
000500061100700020020800409010000095069007000000004002030000000002080900695000004
000800290003010000000000040401003800000007000060002004020005700800060400007030006
000000800100058000500000074000970080000204900060010300034100006070060002000000030
030000900100020000090400007000000000000001408980007500006008000400700000005096070
040000003007140028000000000100003504002007000000000900028004705450900800000080000
000300405000000020008750000030410960410800000902000000000500740040080000700000013
030600701000043020002980060000000000018060004006300009709000000000001050000200600
600010080092000300500020004000090000080000609000572030400050090008307000007000000
000065100870030000050000200000006020208000009090040000005800060700000005401020030
200000000040016000000005010300700500090008000070100086500000200603090000000600750
007203000100740008000000000004070500250009000000400000030000090600504000008090017
000600020307000860000000004096003500000400190000050400030008000100035000050902000
001000000030008020000005007005000098000400000206007004000006100089300000000010340
001080070009050010000000300000900430400026000370001005003000600800060050150000000
030086007700000103960000400400210000006000019000000000009000800003600000080907206
000109000040570000009006300520008000900067000070000083000005900000020100057000820
000000003060003800050004010500000090000407300429000000007009000040016700200700150
058760300070000000002305000906001000001070900030080000509000060000006280000200170
020050800000000740031800000060200000500000000100708060700004500050609300086000020
000001600250090000000400070016042500500000700904000180008000090000609000400070000
100200670000090510003004900051000000009700008034001060000570000000060000000008040
005000000900071008000089000307000900100020600000000180506000010702006000090002407
300000020700204001100000067000000000006871500000000800007000080650007003028500010
000700680006000000700008130001600000429000000008001005600903400014000700200000010
410000070200070308000020900900000000008000000720096010003900000070800500009004006
008000760900000005704030000300001002007300800000080150000400000520000000801020300
003000000840000506067900310000023000600400020010600000000080149200000700000107000
003040206000070080800000900040008020020590000010000008005920300002760090000000000
070400000000010007060007254001900020009674000000008000020050610007060400050000000
004038000008500170009200060703000200000000000040060090010900000600100085000040000
200070003070090080000302004405000008000003000890000070708906000001800000000200010
920004800006090000000000060007000200005010000600003908000008070002605000000000003
000008754000006000000400090350001000090000000027860000708510200900000030600002908
008000000000003000170406300000062000006010570040300000000080096200701400000000003
000040900600000000005309000002003680000000007090507103000050204400781090000000008
001000900027000410600005003200006000040000079000000800508060040010908500000050000
002005000090060400000090826000002070800030000200000064056300901000000050400100000
000805000600040000900000180750004600000100500100600003060010000270900050310000007
085020000360070200000008000010900005003004007000006040000000020800400000020700500
004100500000000210900003000500042080061800000000050070100009050007004300030700000
000009000020000600070508000200060007060300009050070210009005000000000700043000800
050000087703040000004000610000000000005200060020703090000007030140000000906050000
000000230005300001010700000007002000090008005020906080000001700600080002100000006
030000789005060001000000000000000200901030005007504003000020010008040500000091064
010040000506009000080000620000003006040052003002000090060080010000400000400100052
000560204000904800000000003702000000049000000300010690001856000028000000000000060
007006001060050002400300050190004000000700200080005090000000040600010007810900000
100005600607090005000000000800003070570009002000600009005106007000000000009020054
000200010000047900860000400000000000100000643047503200500916000000005000020080500
003007050000900104000100020000064000000200047001000300020706000086000500400030080
034000070700000090090010000000084100010002340000009080540030200601000000000200006
278030004000084020000500090500040080000057000020100000400006000003070006009000000
500300000000640200009081300000500030600090400090403000087000091010000000360000000
605908000000000008040030050008070000030100040070294080000006790700000002001000000
006025000008090016000000420003010000060000000000000748000000003080406005100003200
000480900005006004000000000607090030004008105051003000000000000018965000420000001
010070380000004900960003000070500000003009750040037006002000000090000015054000600
000004020010890000000000900002000100070000095035002408600409000000060810090208003
670080100401053009030000200000000004502000000083000560000908000850000700000006002
000130020000050038009000000672000000800004710000003000300080540207000000000500003
205000046010002000400000008003000010500008902000010065000509004000080090060003500
479200000000000010000830040050006804600000700040000500300008000784300090100060000
000000400000062130109003060000509000913070000008010270050000000000000008821007000
040003020003800710702090000007000000300080602600000800800061007400000000050400081
370052000000000070028000043006000027500004001000700000084003000000000300001090600
290080500050000003008000021020007900000000086006000010100900240004006000000400000
100530400030090018000000000560910000400002690300000000001008000700360100040000007
004010500003570108500900070000850004001000000020004003700090050000030000300006000
000000200240000000890000057074000000300870000060000010000204003001005600006000005
000100000500083000810004003900010620000000007702008400009402060000000000003860090
000000000060000040000018020028070600500806104000090000400503908050900001080007060
000790006007000090000002048039084007006200000080100005000005000010060520290000000
000000040030902500000007302401000030009000108060000200020053800006070000908000000
031000008060100050000080601503000040090400000000025000049800060700006804008070300
000000001000740060720903000009670008470050020105000700300000015000000603010400000
950008004000025007300401000000083000090040870830000000500300089000102700000000106
000200537030000001019080000007802043006900000000074000400500019000000380070020000
010000493204018060000000001080700000030092000627050300060080002000000600003900500
000000806400510300000093000080100000206000001009600083300027000720000090000000000
000070800000900000103500206800100000207006000009002041004000018531000720000000000
180500900000000056000000400540007010002000000000009068017000800000060007000025000
025000000010020040040350002003010500004003006060700080090041003000900000600000000
000000000000600700005000694070001250900040060203900000820000007000000308009702010
108000020090800150000005000007000000340000006002043500800200600003008009000096010
004602500002300000900000027876000004000708000030005010000201070000000103008500006
006091004000000000020060000061000079000004001430000052704100806000008005200000000
300000600004080019000700000000009047030008000200010080900020706050000200000640000
090000105000670030000504080060020910000000074000403600007000000051008200608000000
005000804000500100080070060000200010000040600630080500007020000340000000100030209
190845000006070008070000000503009000000000015900002000000000000000090782065004090
030800000000000020000200900006004000000160509020008170060907000301000000240006008
203040900000100040000008001600503009500000100090700062050000008000000090172000006
000060700640080090090000002002150040000004900000030020403800600800600000000020100
000100547004900100001700000800003005056000000000000729000024000000010300060000008
720030410400000000051000038030080050010000690002000000000300000004000075090050802
040000000000678000108002005000029400703080500000005901000000060410000000900400800
000071905700000300000240006058006009009400008400000000900600003000513000000029040
060000480048000000000007910000050043001090500070100600006020000000809000950000000
002100900060080402300000000000604007230000004000500600008040010040095083000000000
000300065008400000000000109160000083080049200700000000007005000000000506009010070
000000100900005400010004200007006000060010005002900000009020080000007000800061030
002000050003000028010000603000160000000700002008209300070096000000000007085003106
000506000100000590007800400080040700300700000000100009020000004000002010700060930
090600080007030001000001000900040000140005000003002006008320000010000000060007200
000000100400370009000000087000400906300000000500102030732060040904000060000008000
000068009300007010005200000000004300807006100100000800009070000030000704020001000
501600030000008020040900500058003000000080060000070009007000002630002080000004000
190000002000070004007025180932006070060008000800002090000000001000000500605094000
600000704500020003004060200000470300009000000073096400000940002700001009090800000
300005874000480650000600100070000008009001000000820000701206040000000900030007000
070500064010023000009007000024009007000008000950010000000000005040700000500000601
001000090090000320080210050132900400000000000400603008603000000000500000000028900
000405008000000000940800305080000794070000000201003000008070000500002000003900010
300700040900020186000001005090000000000010003508470000001007200002000008000084000
020000000831000020600050000000040000005091200000005060007260008940000000100800009
065100000040050000100020060009400020000080300050000408006210009571009006000000037
407802009603000002080000004000004000000000301001009078000005000008300500004100006
240500080008000250000100000000006021020040009090008000000000063750900000000000700
070005062000802500002009400427001900908007020000000000004950001000003000000070600
010700060020000000600593400000800370050004000100050006000028009490000000080000150
000020000008000300020860900409083000560000073002000090250600000000050100030090400
002004000730010000000078065800000000007280409000000503020640000904000001000000000
800000601000205000000090200000400000300500014500306800003820000008007100064000002
102000040000000700500000009050063000480200500003000800004020600308050002010400080
305000004000060010400000060200004000010200700000009000000800900700003041820100030
000307020540080000000002809001000000070190200000000004029030070050900040600004100
000040000000106029005000403000069002004000010090000000060200850400030000800007100
000000200062000001000590300004068100000005000090000004300040600528000000700000020
078900000000480090000000000500008000231000600040701000029030080700005024004000300
000000030020003046000210080400300070007000000800104600000005000052400900700060010
000000200001090007050100003004000080000500309006000020030002090248050060000800000
000009053800000000600053200000030070000986000020005009406000517105000060000000000
006070900090000204400100000030000098200000050000000400000024086100008000000690700
600100070000620000000073104003000000048700900095040200000406000030000050007030090
400000700000700380000050000240000096900000001500000407100908000003045000002030008
000000500000000037100562040600900000000040080957000003300007000040600000000001600
009600000030400650001300007700000009000060005023000800000070004160040300047000000
010005300300009000007200000001090070005000060040008091400310800000000000080007005
186400003000000000004920680009001000700000248800000000030000004000290006000600100
000000004000803000000001520063507900800100030020000001010000000302005040007302010
060000050000030600000048210830001009000004100010560702970010000000000300000009006
000000004100703000400908070250000089000000320000000006001020900907030450800005030
000820000007005006900000050000050007080000000100900003029000070004581090830000000
050030009003020076000409000760300000000904000204000700830700900076005000000600080
408020000009030406000000000500060290700000000000103000000609020900080564004000007
690040072050009000300500000000807900021630000000000005005006001000002300240100600
205008000004000060800000075010005000000030000500200080072040500000906008000000601
009300108000500703700008020008000600000800030000703010020050001075002000010000004
460010000003094001050000000230000084000201000180005062000050900000900048000046500
307020140000600009009000300720060000008003000000050700040500060900010470800000003
617000920000000000590200107000030200006005310009000000005167004030000000700002000
106000080500001000074200010800000300000409000607000050050700090001000800080900002
001002300000906700307000060000005000002040900006380000503000007090007500100800000
000400015070038040000000300000080001903020400017060000650003000001002090208610500
000630008950001030006009004200796000000000000009204805064908500000000006002000000
400007080009005307000090000001030500706000900800000700008000000640270000000001040
500000900900001305020070060000000003000006004100090700600030800040007200008610000
008010090030002000904070060740000000000200000000804003200000000806509000000106980
003200607000040000090056000900000040060000350028065100300070900000001000070000208
403002000002500080000000001009004500000680340000000068070400000060038000000756030
000004900038000007050086000000100000400709000072000000603090005090500700080000600
009000008400501092001400000052030001000056800000040020070000109000080070000000500
000036050070800030200000000106500400500001026007600000000203000001000280000040700
600000000350100000000000548008000009090460010070200000100009000000000083000004021
000030400013700005060015030000590807009000000040001000001804070000000658000902000
400000080008000703520000000000070400006035002000000001302087010060010800005004200
020047000380000710600010004000000900050009800200056000002100009900080040806000002
460070208200300000070000056900002000040000080502010000800500704010400000050003020
000032007600410200904000000090300002060009005001000000300085490000100700006000020
050000800730000095000058003090800100000049080016000002070023000009000000002000000
060001000300000000000450090007006200030100940006380010201000007009002030070600000
065400009000083200000000040900001000700900862400050900008000000020600504004000000
090000520000708006020000000000200050086043000010006000100000004200001090000430270
900300050001000806607090402700000000000020005010038000000107000000002901040000600
004169000500000697000000200210000503000000000009300000000500002856010300000006900
004090006300000070120704000200050000600800000000069000080000001040000290003240005
000620000040007005305009000806000002000008390010700500000000000467500100000200900
000978100004000902080000000800000609000400000001025007600310000000006253400000000
000000406000000020040700005000120900000630070400098003060052000903000010200009000
031000005000000780600008020002060000070530000000007050000090040060004030509000001
000001000000790400680000000000000500009100080821000300160400057040800000000970010
006092074000000006002000800000000000004968000705030000060040003508200000200700060
874000050001002000020000140040600000000105090010300400000209700600000089000050002
520000103006000020039002005000406008003090040050000001095000000070600032000020700
007400000000608000008000093600000150000030000010007002050010080020300000300800504
080517000030000060000400500060800150004300000000005004007006090012004000000100000
000001900097000500000006034460000785800002060050000001040000050000600008100030400
800006000000001070000300906050000008000000002000200490008040060090010700346020009
072030080090002003508090001010000600000300208400000000050600809000900100900700000
803750000900000046000000000000000053018040000006800000200600900000000010350017000
000030006005706030060000070500000042302000700000900000100500020800400007039007010
500060003000000400702004960010008040000906000378000000000000009000209030607100580
000400500000700003060030020106000007000000000073050004000201600080300001200008030
600008000007100000003260100070800000036059020090000500000640001000905608000007200
002003400400000090080006003000024068800007001050030000000010502075000004100000700
000002061670050000008000000005000040000000912207000036090701000006300000004080003
005300007300600000000000090400070009001020000083400100010780000002040800000005020
270008004900400260000700090020000050065000720007000100040010000010900000003600005
020408600590200040000050000256000300700005010000000009018003700000900000600000800
800090700040000800003807000030904010000008007905603000100200050000700300090001000
600081030070006000000030500000009010300000008750004600400500800007000000000013024
009720406000000000500040078000008001900400030603000005420987000000050000000200050
000000340000005068810026000003000700047000010060004000600972000082000000000000007
784000030001700002090000010000000500000809070029000003000000005560070020000042009
500200306000900240020000000040600080600500103000000090100000500000801000000039008
500030000700006000890000004000740006640085001000000050406900803003000175080000000
000900800300100700000048000490030600530002900008600000000200500200754000010000003
009000086680000000070020900800300090000700020100050004010000000000800060400009032
200070000000405070503090600001009000009060402000200860900000003715000900030000000
307000000050000068000100900080000010209478000000200000000050000002760009500304720
800004000200006007007500800090060700408000906001400000000000000000087034000690175
600200400000400080008000020400130000065708003007000001000000009900807000200090100
008007300050300019209080060083040070000008000500006200000000004000200600106000000
000090013609003000002480000000020080000600100000704600000800070010000320048030000
000010000120060800000902600000000000001340907800050040000000265005001030060027004
400000000060007100087002009030000204206000900000000007000980002300000001590063000
006307590041000062700000000000002000600000005900000480090006000000503000410900003
000800900300090000900200010804000250016000700030102400000560020000701000000004806
100003094000000050030420006810000037300060400090000002000500600000008000700210800
007400000980600000400800072000790104000000037020000000040003905000006400605080000
009040007000098005500107020070000100003080000000000280000306000400020070006970000
070060009000500002090002003152000000000040000600300090900603010406005000000020050
006198000740005009000000000070000025025006903010700000001000098000000500504000001
000000200806050300500000006030806090009000020008700040067920000040030000300000005
094070030500100000007004000608039050000000006920500700403020910000000002000008000
000000095073000000200390000010002000000000800700580002001007008000030041020106050
000903507200080900600500000000830070020095000400060000001000200090006000064000080
080596000000030054000100000410700000000004306200000000700080039003600002500000070
180000000020145009000000000400000060000300070069020300090004800007080006040092050
804000600000508000000037040060000000401300050078009000000000070587400003040800090
030000005059260037600009000000082010000000062003500000000000870800900006000034100
090060100200030500000040060004009012000004050002080030003100000070003000019000200
004060000903000000000108503000000080600500709007002350000094001070001000046020000
805060000000980206060100000000200009500000020034000070000000001103006700609005000
200043790003001600080000004001600000000000407000230000008000025692050000010000040
008074009300105000050080700000690000560000000000201000003002800096000100000000204
000800904000000560065400007009300000200006080000900000700000200006070050034009008
006000004490001000000000923000090800000003000527040000000004080001002560000370000
000000000062009400000000906034000002809603500050004703003001000007806000000300671
400100008060008900000000720801540600500097000600000000000800000000006093000050064
604000000350000000007904063000007000400290530006001080000060400000000000708000026
200000100000004700506000002681070020000008000020300040000000500090531000010080300
600000005005030048002900070100000600790000003000609500081400000000013000200800004
001000603400000170907003000000902800009130004000005096010500000030000002006000000
100500080000080904004000000600090400008000200000320010000009000046007100379850000
000010058000030607000060000000000002010009060900050030309071000200800100500000803
008030047000409000000000150300040210060000500004020030009500000800003000000071309
050000020002080060000300409000030001140605000000900050000000200600500013700190000
000806090027030065000700400500000000002900700096302000081000000000604050900000800
000001040000650700021090000000400000680000300300006500079800030210043080000002000
400003701080000003000000054050600300100000046000241000000005680003000000007008009
000200070300000000005907800002000000630000900087003000009620300050094200008000001
400006009050800006900003002003010500000000068000500700000000000576009100000170080
908700060000009800002500000030040500801205700000900000000104000600000300079000200
000305000092000007000040000030800092041002000070004080000900578080000000000000024
708500900040007000300010000000050002000000060400002750060000204080006000013004080
000000000398000006000003080400690000050300910000000002002800005014007090000002103
000000000307000001590030006000062000000004700420500900002400000040050109000976050
000650080700000000030070400020340060900000020000007000800000000607590003000200004
020070800800090400000000067000040010070000090040100500300900000000200008910060040
000008002004600800720500000090200003300007080001090000030002010000080600007000000
400000700053000000080090400000600003000250080030008164009405000004026390000000600
009020007760000100108005903000340000000500001301690050080000000503000006006000009
200030000580010000003507040000600080002700036000000000309020000006005000000008103
027004008560000000400000003000020000071000600000058700000005930000009000680200500
050049000000800940060000000700030094040000100008000003004180036010020070002006000
034200000200000751070900200400090006009080000000007100000008000501036000080000500
000500000050000820008703010090000300200070000100600000070034060005000209000090073
000003050904017000008600000020036000540009001003000040000700400000080020060000910
300700810005600070000001200000053600030219050800000003070060004000000980900007000
001700000090002003000100082009000006500010700070580910000000020060000800407005000
070090000005608970000000200000040005007000010200030000008100609000000004490500800
005280070061070003008000004000000000100000390020500010090700006670800200003400000
708005000290000080001000060900010405400630000030900007020040000000001200000009850
006800020004003060080004001007000600430205100002700038090000000000009000805402000
000000000002910000078000006007400950200067304004005608000080590050009000600070000
008000036009000120000090000302460000060907000000000010090200000040780092006000308
008000001350070000000000860000100200190500070600000080700000006900040010803200907
005060000000700002040080050037008600080000010000070009000006000000900026820350000
810000090090500000200740000080301000007000009000000804078000030000090700000002546
009082000004106000800490000000700900080000160100000027040920710301000409000010080
008050009060800000702000500040070098000490370000003000200030000100900007800000106
000000305008030900002050408000200001060040020009000000020307004140009700030000000
100000000405607000078000105800000046000008000000940000500060437007154002002300000
003098020000000010000120000700016000809070005040000300000601740060280000000000900
007000000060000050500608300000100000093000160000007000009010802400076903800040600
604300007010000000890605000030000080008000000000000250526000000007400100000830020
000960700709004000001500000072030000000000309900018600000002000000000460150780903
000071054002000006060500000070093000000000000134000007003019080000007063090080040
000020830090008000001000000502610000904003020000700000000200700068907340040000090
402906000051200000060000000005604090000000017100305020000000140200100009003700000
000000800000600050009040001008004310007820000000005090300050400000000006460000270
690001050050000000008000600000020910070090005003005064000000000000436020800200041
000800000900260700020003000560000400080000001200050609300100000050620804000700002
800560701000000000904000000000040068200630000706008300070005904020000810000000530
005000006170090000040507200300004020200000064600708000008000900020030000400000005
004007000000900500013000000720004080650090000000070950200000406000810000000400800
060000000000800000501009600000640820059001300000302000040050000030100002008003090
000700800002000050100030600205000000017002095060004000000500406500080070004010000
004030608000000070006005304900000405000890000003000700200010560507460900000002007
000090524000007080300800600408000050000006007000000006040108000917603000050000000
080962000000003900700000080176300008003000500200090003600000724840700000000020000
003006004208304000005000020700800003000050700502000000420010000000000600300047500
003009000007000000002035400000200609060107000100000000020000705030708042000920030
000001004004800900080003700000600003842000107070000002620000000000010400090007000
007680000000000009500002063800005000013009020006010000000091030008000004401030000
000080000015004300020010040037902400040306090000000002000001800000000500250000003
100370000060008004700100050000820700000090060000715009020080001000000200070000406
000050200400600030005070000500000800010000490002180000000000009000003740071590060
100002000407380000000400097000100000005800906860200700000045020000000600001000080
000700000002050008900830504004009800001007060600000000500000401308400007000070030
000601080000309005050000360460000000080100500907000020000200000009006007601040003
000170540010600000302008000900005301037000000000900820090000002053009000040010050
000090500040000009009005048502800300000302600000000020036004800000060001070100000
200007800000000030010006000000000504050004180300060020400010700080030005120800000
003400075700000009040001000001000000006008000590000006100020007070030050000980032
000040009090000080000200050820030010700489000000005400000000091009700503460000000
060000904100000000009800607200009000007050009035001000700020000000000038043095000
300000602000140800000050040003000900094200007700509001470000000008400200052600000
000700010080042090040000007500900630001000740030006000007560900090000100450000000
000400020000072000450980300000300250000000408007590000740000080080003040310000000
709000000000090001800006205003700002400000500690420000900000000004008059000004306
540730008098006000010500300800000000400050071000000230000072500007604900000800000
008060091000000030930000700000005006600000000004800100001002040306000009700040800
240000700107024000000090000015300000090000002000008000600501090000600200700080150
000002060070005400460010032000090000000000050041000096000600000230840000500000309
100020070050009000000040016000280007705000004600000030010000000300100480000870009
000600800010030007000080204600000000904006080000207000307008600006004902050000000
000003608276000000000100000000030501060940000100000080008504020000060407000000030
000640000318000060000000700000302001600000930500000000007003010204060008080270000
000304160004087905000000000800000020000000000006740500280500401600200000000030070
000000070200009400005000230000020500803060000106700000002015000300400000000300846
050070000027680900000000006509000000000008025070100003806095047000030000010000080
700090000300200007820000094000100900000025000000300065001000080203070040000940100
000006000304700010800010020010000003600400002020000501950204000008000000002300900
089010372000000080000000900200800630004005000000000027000000069300570100160000000
670400030020030810000000050000009070000640000000805000001380000000704900040002008
070400001050000006940050008100080030000700080068000005005016000000008019000004000
009700000000008009000000431308100090000090000000005380710304000000001000063080050
400000260005012003000003090000000820000050300200000007093008170702000600000090000
640005200000079300500261070000584027400620080080090400700000000001000000800000050
401200006000000000300005010000100078000056000000048300002900000603000140004080030
050020001810000300000400060000002406100060200000780000002000105900040000000005007
008040000500030906000029400030050000124093000000000060003002000009000218087000000
000000020050004007800000100003470060000000700900213804000805000060000000090001306
000030100069000700300002005000050000080000400053000060040800001001603000008704090
590000402080700000032065000000000004040003005600004200000000030009180700800050009
000100008000596400020800536090054000560020080000010000800000000050000290200000007
609200080007000001000080040000070169070050000400000000000460000050030406200010007
000040061016007000000000940200400010090000050004850020000006300009100005000520004
000000000000500048002009003054600100070000200000900080340000010790210400020007000
000700000064003001000004500000000206080600005032500100090000060000079008007050300
100900030000063100000010000000701800087000090020090005008000750069400000000300060
000001056070050000900060103005000000040019300000004070000007000086400531000000900
026004001010000400000089000100057000003800010000000080000006004400070030068001900
000040900090300600100007032000020040004000703980600000000000010000009300601400070
052000090000004700300000205000006000400000007060079010004000000280000000090283500
790000020001000400000050306007020040030000010000895000005004000100000030400016009
000480600093060000000005009009007041000000300000100820001000080026050010040008000
090100000000000000002400167007030400000006025900000000000050082750309000400000300
600590007000000000320001065000000400000008050407050090700600000000002100001840030
000800100900004003004001080000750608060010000090003004006300025080000000030900000
003067800070010050000850900020030040006000500700000002600401080000380000900500300
005060700000001004317000000001035090000000000009004062000000050008002000400056030
100050000000700020006003400503002008000070061020809000010000036800000902000000050
003000000780005009000090000000400010500000024067032000070000300006087400200004080
406000000000006000739008040050002900000070004000000206087400500000500009000823100
008261000000700060000000420600000093003050010050108000000600000040007030005010607
080000900000006043000000000200047050905800007070200006009000000040090060003450200
000290000000007000000030450100000000702000905095000260906005100040800007001700500
000940030000007502030000800005000000700504000918000000080190270000600094090000001
001070500000080009000603270000107000164000003072000060016030007050000094003000000
009000000007310040804070000000200000100400360005800070000046500500000002300008700
700021004004000201006004000090002030308070000000040000000700060003009510070203009
000000106100500400002007050030400200900005000087009000750000008090000001000003007
040308000086000000000600703000000065068000900000009800210005000000100207809070010
030600070068019003100020000097000000000000000020038000050002804009040100006005009
023010000040003000000470000050307000209000083800090007000160700000020051006005028
700000000000983005000400800030000014009600203000001000900300041016007000000009500
000000900000400025801003000700000810009004060050200400900070080004000000610000000
060000590000070200000005006000040320740000000102000000096000010000038000205000708
050807000104200308600040700040003007000000600000900430506410000200090000000700806
062350900030000005004090000000030400150040209080000000340700802700009041000000000
018209300000010006003000005030400000000003002000070100070148200006500000200007004
700001080018000000205780901000060800000000700600009000003400270060050004004012000
020037000700004030010050000000803014062000000000710000000009300041000902890000040
800360000130900004000020000504000600000200080900070000005890700070000050001006800
000100903000002000000408500000805307008900000006030000000000480971000000500000006
002700003003006000040003000007000304000000060000930082200090006084105700500008000
070010906090020003006000000805400000907005100003000002000509060400067000000040007
900500000000003005000060970800059400100000003030620000001000000300100580020000067
000800030207301000800029106003000000400000090006200053180003000070100000004007500
070300000000004203000000000100800720040001090039000610007090040900106800008000100
060000007300008000010000090605000080000020406007800200536080000904500700000300009
000000913090006002000003000840000090100700605205039000002100408000200006000000070
000805030005002107870000000002900804030004070080000020000600000000001050900000308
400070050086000000010900000029000600000600001000804230093000040000750000700080000
035000002020050700980000000009400020001000070000002630002940005000000000000018003
080090546004000000050000080000003600003004000840100200000001460090502000500000001
010000507500000000004207000900000003200000604085706000000590010000000805002860000
000030002000000090500401600003280500000100040042700000000000300017300080020060001
007000000509480670000000825100090008070010030000600400092047000010000000000000096
000080000000500910640010008703001800001000700000000000020600009050047000000302100
400009308002000710000018000020050000608200000001400000800003507000000000090004006
041000000800502000006000050400087093000000000090060071100040035000000900008600200
580901004030000010600030000050200690017000000000070082003000000090002000000700805
601005000970080006050000000000006007094002008000010200700008020000700801320000074
300000510700906008800003200001000049000200000080030000030060920040002083002000060
000500010030290000256004000800000000000030000000900500007403006901020080000000050
060010500508000070001000028086170000100035000005060007000900600000002009003000080
000700000640003500001006009090060001000874300004001870000000000005040030809000000
078000090100870000062000000037005000900008000000000962005900013001040000000003504
000000380180000200000057000020005000000670400000010607900060000053000000600008043
090001020020000460400300000000000600850000004930000070072100300000020100001050008
106000409000000007070300180010000000890000002000901063500000004000809600007000250
004000000062010005050400600500600000030005701070000040000360000040008100008100090
406000500008000000000500230002050900000304020705000108000460000000038001000070000
200006700000200189000700020000080000800000570000004000005007090003020000402510003
006700900910000300004080210000000000050012000000030020000827600800600000203000009
960000030803005000000060072600070005210400000009300080000500200000004009000031060
013000050000372000004000000100006040437208600800701000005000703000080009000007001
005010230000000900890000060600050002001000806002380090000691400000000000700400600
009600240003098000400002000000000098004000600050300020320010000000024031000007000
009001800302000009000030560008600002700003000000100080050000000000000140006478090
006000090003020000102800000000004000040730850010050000000000040500008360038200900
200000960050070000000031207010905040000800000040000026000000012000300009800050000
070000005006000800000080090021005000000467000500030700005000300800700000000000601
402000630000030010070800090040009720000000000050700001000510800007308002200090000
300070010071002000000310400500000842040650000000000000000790004005000260006005008
860000000020900007401200006004007002000000908000030060108500000000709320090040000
003000940800002000000000570000000030020150090075000600000027060000360000200400103
070000000200649007008000004050930402000000000401020950300080079000000000002003008
090570003005800002700400800000080000070000050030002600060000040009010030000050001
000000000030100078800000014180090000020840000050000020000061200600002007700000040
003020000002053940010000020400017800200000600860005100100000009006702000000000480
073100600000070000000650200400010000000046000900200806000007000050020080800000410
000000980000300000480109007000000050600030040014507000100000005073000062590200300
230780000000300006800050000070063004500000009009075800040000000087001003900000200
000400362000060050000000700000000820060020005001080004000040000604035090203001070
001000400000030000602700008000000000023800700050000892000001000900570080400028030
600002000000003000109000470057030104000000300000097005040000900901076053000000000
000008004730000005020401009503000060000090071000006500002007000170000840000809000
750000100090000203000600000600000007030097501000020009007403000000060040300001000
000000604050002007001850000570400803004200700060073000000130408000000061000004000
098032010000000000001400860000200000009300020000080004507020030000000006320009008
008005000020700000007900400054692000060003000009000300000000940800000052100006700
000000000007980000430000060001020000058000007200503800000017036073600100060000005
007000040000810000023056000700000000000203090190000620059007030000000100000000005
000040600000089200080301005608500000510000040020000008030007090900000700000020010
500090204002007000070000003020100807100000050900408030000300090005200000001000500
000400050890070200005263080000300000080000045406000090020000000900040000030500006
003080075800017200000060001005008006094000500006090100000004087200000000000001300
001004056085002000000070000140005000053240100002006000800621340000000601000008000
000700490105300000007000002000040019000002600069507000000080030094000067006000800
108004000650003080700000000000020000000079406000000958005100370009080000000600000
000010000705030090610004000008003060003800002000670000000940000049000500000000800
000005001002300008001040300030070005800000700700030002010059000500010069070000000
140000060000000100000206030570430000000060200009008700200600400090000000400701628
000010040608000000040000260004307010000002450030009000001008076500000090007000001
000080006000290000070503020000000600200070000900006410000900001051004208004000005
000000900000341006000209003019000500008005700070100000607803102000000300005000008
037500000000600105001080004005042900000900000010068000300090001060000040400030200
100400000009005000300007210007001560060008907030000800500700000408009002000003050
001067050040000007070802100090000470005000020000095000456000000300000004000001580
000302680091000005000000020000090000580070016026000000403009000070840000000000050
000000040900006200041005068000070010005800024000300090012900000600001007000030000
007001306000500014009070000001008407000030000000050001000000600050019000008704000
007000002820050000540200800000700500000803706060000130050009000000020601000301070
080000030307000500200006900006084000502600000000000000609310000000009806000500004
000000000060051000305002000000010000046008012020000006600000207203700800010000305
300000062000001000500800000000100070040000206120507800003005900000010004084730000
001200000004007805700400000086000051400009007030060000000000080500020900098000020
039002000000009400070000100200000710000050004096000500000600003000005000042003061
405100790000402060060000000007010000000038410680900000004000007050003800000000900
003000020600300070000002000005080000040700000180206004060000045050007600004030701
000050200000460009400002000000100970800600054046070010003000100059080000000005008
008037000006020000095800000000500200000001980000400000000080034800006050200000006
000000850800004001000906000064100000000000002025000940509072300070000000000043006
004500907010840020200007000000008000096000080700460100000170006000000200605900010
600012030000069000009000800001270500050000100407006000170000008000000004260480000
001000890020000007700000100000000230008050001040230008500003000804607000100840000
200000100000000096007006042090020015050000030000003900000000000120930000040010500
090700000100002000500400107300600008000030000400970005000010040780000309000290000
009014000000000005040706000070500000000000602300000710850000300001900000027001000
930000074000079002000000031000000807002900006001208090049100000300800000000060000
002005003000000004870600000900560008008040060700100030320004005000000200000000070
001300029000090000030080001008004700060805040300002060000070600000008100070050080
430007002001200400000000000063000105009000006080040900900070860000300000000501000
900003500500800004000070801000180000036500000200000000000004000384607000070050002
038000200009000508510004600087500400400900000000010006000700100000000090800006030
070090023050100009000002700000000002908000300000871000800065201020000900005010030
903050007000860000200100050100009000040000000000010065000300602800000000090074803
608004200014030000020501000300200000000008017006000000000040060000007508100080900
002000516005000009400018020060301000300000000000060058000030000070050200900007040
000020000043000600007603009006530480000008003500000260801000050000000000062004000
020050980000100050003200000004006007900040001000300000050000600200900070000034008
000046008001008000003900000800010090006029500030007000300400001000000009090001807
000004050000280007000000200063000004000000006002095010050001080106400070400030002
007000500009710060608090400004001090000630007013400000000500080800040000090060000
000096800005004096300000010204000000000480000600001200040803050009000000130060000
060254900070000000049000103005070084000049000000600000902000050000000300086000200
020000090000960830000000401046018000200000010000056700570009006003004000090000008
000006709100000038037500060800000050090001003000040000010005000900000000600070081
007206900402700003009000000070000051520000600800400007060010070000030580000040000
040907800068054700900300500000006300000005970050140000090000020600000000580030000
000000705007080000096504800045300000000400608080206000000000009010000004200009030
040706029700003000105020070500090207028000000000005400000000000009058010400000008
003000680100000500960100020000060030000200007200500900000008000007090064690020070
105000060003000500004850000001060400000500370700203006000000000000009800520670000
000069302001050040000000000047006009600030704030000100000000408500002010080090003
610000000090000003000304901000090006500002010004001002800000000040100307002506000
000030800000000409000508061000400000706009000004603900100000050300000008080207094
000000810000570300000400002004090030000020000706005000001009040500083070680200000
000050000034807019000009070000504980108000040000001000009005004010400300000736000
060200380008009064070000000005020030800960020000500000000000048000016290940700000
083100900000080240405000001000000190701500000002070600809020000500000730006400000
000004708016005000080027060090008006060700409800500300009000003000000097052000000
000040270302800500000000000000003821010580000030000000600000000040279030007005090
805007000000010240000000060500700020007000430020104000003000600004803000000200180
000000860050000000010900070004020010000008300200751000400080005000006000900007030
760000000903070804040000000000040006087200030030005000000500000500402003001000900
000006500004010000630000400000800000090103020706090000000048300800007105000300070
000000430900000000080000209600037005001004070800005620020040007000100000030860000
000000090001000304380000070000400200003105000007006501806000040000900005000208000
380590000090000000000700060003072690004000000000000705007010320801060000000030006
020890000039200700000610000060000003000000000093000520000002014410060080000008630
002000504090000800480003200570024000020370009600059000000810000950007000000000007
100002000050078401040090000000250080001000005000001697700000060035900010000800700
740020003010400600002310000000600008300008700100000095070000000000204000000093010
980500000602000050040000000068020039009000010400000000000060100701003500000092008
000000200500000108010050079003079061000302000000000000090060000070201900080003002
310900200000380600600000040000000910000002004480090000000805000000000506806000071
100040000005030008080006213030400000900000000000000895008010030207000500000080074
004080005600070000070003290300200010000000020250800703080007004000000130063000007
000624931000000000000030508400090800070000000020050406040700010580040000000009000
605070800800000200000090000000980000001030000470200360003020008000050002700008400
000500070825900000400003000500004300001650000009000108000009000000065004010200000
368500100040000600052900000120800050000000410006000079010008000000700000090010040
027080000009000410008300070004902000000803004100000050000200060600000500000409000
000000900000000018850400670040002780080030000009040020306020000000010007075800390
900000700000000100001063000020040000000090805870006030083000400000000006000018072
092000000000000007300006809700603100230000600006009400010580900004000300000000080
002000900030000004701200000070300020000001360003400000014090007000058000200000605
030907010004051000000000000405000021002800400600004983000000002900000130000692000
000506200600000008000020010030050000008900301056040800420080090000100000000600030
560400000300090004000106089070000050200000060045003002600800000090000015700001090
000800050807000000000390000060030502020000000400001008093000045240600090000004001
000000006100600000680034010000100290002080030900400000400000670290001000300900500
003050000490000080000000032010200000060090000000003140200304600700008000000070409
004080900000700001860020040000200000000604700907050060000000070200005006680400100
008000009020040506000007003010050900000000802932000605005070200070069000100400000
870000009060820710000000020000000050500009134000100900180000000000010090096070200
000000070780000504000000900003020800010800030950006000030405080009703006600000300
900000000026093800087010040001820907009000000000000605002900406050007000000060008
005000007000750000000063020001000400862000000030017000000200009010000008020640030
000800900000453000105006300400200050000000098502000000280007000000900000000020103
080000100700200040050084200002400009009000004000003050430596000900007000000000001
000010000000894200060000480000000620070005040903006007000000100592001000040003008
500700010000080400480020000000030090023000080000500000005406007007800002004007006
005000029901005008000097005080006400000870000060000000300008090004000007070064100
002407560000000400570000300050001030000700080090004600000090000603000002200870000
605040000040900301000000000200000084080100000037094100000000070000200006020080050
000100840400058102000000507360070080001000003070040060030095200007300000000000000
600000020700025000000780009000500802000300004480000096010000040006007000803009610
903702100000900600007000000790150000030000900000000260070060390050000000000040008
520090600000802470000000005600900007000030500003020009091600000082000000000070090
380000000000301540050000070012008000040600000007020100200046010000000005008500023
708000600000608000000300500060090320500804000009100000030000005000000900010502780
860000300109500004000002001200006003007004000000000040000005006000400800630801209
208300900000200805000708040003000007060040003809000060300009100070000000000051000
000670000038900000750100000800000500000200680012000300000020004000700800041500009
000600900000250084108000300000000005260000000000000079001709020700500048004006000
000070308360089700000210000930000050500090000806400003013002009000000502000000060
930200006000003005000001000010000960000000703800090000000000000007004150502806400
200005400006040030400300900310700000000800001900020000001900500000070002590000600
010800920000000050009000483048201600000000004107096000605004000000020300080070009
007020000050708090000000050300000006900000870040000003500000000001680002098007000
000000008502000090000014030704081000000003000080900040003000072400030006029067080
000006700000200009002007060010070000000643100890000670980000010000560000003000800
700090048001000050080026000200000004000000290070400080029050000300000700000008020
030010000090050600100800900005001004003000009000780250046005000000600008050000420
000500000806070100009004000230000600061000030004006092025600070007030004000900000
200098000004003005706000030600000107003860000900000004008000050300000000070009800
500008000000400060862010000004000050600000002300805100009000740000107600000200008
480300650000000100006740002000002000370500000000000009020460000000000000630098070
072000900000800015000006000980004060007600000240005000000000300090003204000070580
905000000006400020002006000090020006008700000000000340000870050053092180040001000
701504000900070200800000000320748000000000900080006000000000806005103000000000041
070400000000310004100679300604100902001805000000000030429000000007000000310900000
003062800002300040600004000000000970758200000004830000200090000009000403000000510
702050400630000800000000970007000600000840000400100050085920000000000061000400000
386910000000004000000030062008000900000070205000100000200000801057000096410000007
810240700000600020700900000007000004000000030203008000004090200000007608090000005
008000007010600400006001890040200000103000000000040080809530006050000000001000302
670820001400000900000000000000000500308057000000000309030000000740100028000290005
000910000180000200430008050300062000010080060000450000000006400007000100653004000
000408000600100005050000908700003000004080000300720000000060700000015600910040300
002030005000009640500000071260800300000006000700000580070300100100980000000000007
000050000030400802000600100000000300004100205000009070907020008006001000850060004
025000000048200309000400070090015042001000000500000090010300000000571630000090000
000700000005300080000065002070920000001000009200000761920000100150007020300000400
083690040000005100009400000000007010007020030500008004002000000095000608040000020
000001359200000004004000016008306000900200030500009000000000670809005000600082000
001009200000010806000400001006004008008600100905000030600020000800050000027100083
009050408003780000076100000000009007000060300000000985060020000010006700007000504
000200000006901800900060040000600090300000002020070000009005030105000060800000007
000000030100030800040025000700080000650003001000750903809006500200000000070000019
900060004000070080100004030007006300420000008030007005001008500040000003000035092
090000007000600509405000000000008090000900308000324100010040072650000000009200030
002000004004070000030100500000080000800009270007000036050032009000700603080460000
040006002020380000906050000000005000000209100000600340501000000300900076000000930
410000000002601007500800000004000090830150006060000285000000040000210008000003600
030800750006000000400200060000400000047000300000010080090002003080000070502760009
960007000050000008008009400000000500042000007090200000005070020007080030000046000
000069045000010609002000000000006703060002000000037520080090010500000300200008000
300008000005270000000009370000000980000000006100050403952700600003040008780000000
006001000050036400004000080000094000000100020001080304238000610000000200740000000
000005008108043000030007200050034000000010004000000150800900670600000009720000030
008030120001740000000009000060407010000006000300010080076000308090000000400000097
020060000060000038005710406000007620000940000000003500007024000304000000090000000
500000400097000030030004020000010005000045809080030000003000900002000000050708060
060000000078020003090005020056890001030000080000060000003000008000150902000600730
490300000000100509600004010040010000000900100007080003054008702008000005000700000
000000010700605008040008200600700000001009700000080096000800540200037009090000002
000308900870650000003000000000000001410080600000004002000500830090002500001040060
009051000418000005030000000000610900005020004000003000180000000003400059000006230
004000037000027009000000060607000000050000000300010800700095020500601900000034080
300001600200408000000070020000204001067009400100050008010000507000500000009600000
900300400041700050706100000000010000050670210002500040000000120000803000530000800
900000500502079000001005003700003000000200010009400800000000206005000940408030000
000000030090650000560002000206003074000000005000070090000060700002000480007800203
000100740200706100080000000000900070040801000090000501500000000000608005476230000
100209080087300050005080000000000409006048000000000000470000003908475200000000000
403070120000002050810050000007840000900000008000000010000080004600005000090020007
200005030000604207300900000517002800000000001820500900009050010008000000050009600
084007000300040906200000000005000000690004700000021000070032005000900020003000860
035006000000000009806000450600030900007010000000900201200004500000800170400000000
000060700009000000000007634000010080003200000207504300600000001080000040351000070
200170800090000000040320007000700000900000603800904000000000000010500208007430500
009200000000050020006000578008000000090080307602075090030540700000008000000700083
700040089006000000090001000020000900000630001001500032000000003300257000042900000
500000080204001006000040010000200700700850060060000002023007008090004000100030000
000302500000000090000740100000100600070006003001005000006009004500680007009000000
070200301600000000302910007004800052900004100000000074000000000500073000008406010
000400300007010208082730050600200097000000000250009000190300020020100900300000004
600100008000000000300007000005006800000000010006903045007501003084700900103080004
200007000010008004000590730000009800704000300530000000000000000850700060103005400
100070200050010040004002030080900000300000109000400050030050000500030820000000070
300814000700000005081700000900000000100002097000601040000000204070006008000000150
000000000200007350003000040850040020096000000000008030000260090902300604000000700
702040008500000000060320009001000052008070001200000090076008000000097000000000300
005300000000201840080009000300000070000000009000867500000035100003078260400000050
005074002082000050000100400000029003000000000001000900300500060000000030060903705
010000608006010003007006100200003000070002004401500000040007900000058000000600385
000400000980020040406000002000067080105000000300000000000090063000016807000030000
079000850500000000000009072000010000007942600108000900000004007800035004000100008
000007031000000605409000000600002000030060010000900004007630040540000380010000700
203400005000090310070000000000025040000706503008000000007100204040030058020000700
040090700003000020078020403000005009060004000900087000800000000000000065030041080
000006750210000009000500001030860070000200000704000090003100000098032000000000008
000200001049700020000091500000020008800009600070800000000013000000902005030050984
000098001000030000604000800009000008000000500230000019100007000700003205002050060
090300065020000000000098003300640010700000000068000720000030001000001900000480000
008350200104900000060000000400000006000408000092000000300500082000009060049070300
400000000000000597001070300007008100005000009010506002040030001008000006063000000
007000364000000000000090008000040000058300007090570100070600200060150790500000000
380070000005060000004800005408000670000007903700000000640000230000400000100200060
070000020004700001000050004000030907000080060860000500006000009309100000200007136
200900070650008000000700000040200001580000009000004065000000003000009800410060002
400000000500080602000600950000020009039001000800000020060430500002068703000000090
003040080507030010900000260100000000600071300000500100085090700000400005000008000
000030001870060090620000000009700300000000060060043500000001020900800000007002900
080000000600100904250060080002603000010008300000000846000205007903000000000000010
600400000050007093000509800004600089000003240000002001900000000536100700002000004
000000000007003008000009250800710060000020000206004030030500000000080001010000900
050300020010500000700860000070000000000003010600040037040100800900007004000002000
005709800810000006004000000000200064900040200000007000390500000021003070050000023
000000280020600194700000000008000000007005600306081000000800761001090000000200050
060000000400030020031075004590060000000004500000059107000000000008001002900308006
001000407000000000038000090600905000000000906020007018000573000004001570080009001
085000601300002000000900700020800100000594800060000000000080005643000000009200000
060700000700000060000050103000210000200003500005004800010600005007300089900040700
470600080008020070000000309000800000001509000050310040040006010002000700083050600
008000701705030802260500300000009000020480000003020070600000080007000005000801000
000008040000597060008010007009620500060000014100300000003000000010000230000030075
410800509000090000200003008642000800000000003930701004800000002000000675060004000
005000070000005400000296008608000700700010030009040001906000000070084005020000900
000570004400000502020080300270090000000007008009630070000000005705041000090000600
000000600000002009000060270500800002720000830009030000405300000080010350013000060
200003000005008300000070040000007005028010760600090000050000012800742090090000000
010030000009000085500060000702003000000000200000008501098500100400907000000020000
040000090000005003003600500000106800000000060802000001020870004090300020600010070
205400000300050900004000320030800400000000081001000090000007050010260007000090060
093000070000701000000200900030040002600000003001005060000070080080500730007002400
000300502008050000430700910700105000810000090060000800106500000000000030000940000
043000089800005000000100000080006000400030000076090000700008302004600075000001060
200400000030000084150000209020100007000904068000060003003040000040007600500800000
904630001300800050000009000020900010100020006009008000003000090001070003000500080
000000700940020050005046020079000200030009608020000001300007000100964000008000000
000100200008064700300000600082000000000080070091305000039001005050209006200000000
805030000000005000090000860040200080009003070010060030700400090000902003000080001
700001003000090100000700840200000960960080005100300000050008070002005000000240030
006940780000000039002060400000000003239000000060000850000090000508700000001005060
700001300030050028060709000000804000004000003010000006000000090800000002070900400
000000000302900047700500080005092600000601000008030002894000100036000090020000000
050000010000800005207000030000006700809302060340500000000209007000010000503000000
604009500000000280520734090300190000040300007006000015000000400200600000009005100
009000003047080050605000400000000001000809000200000036006400100102005008000930000
078003200001000009000050600030005870000000000000107030240090005500200090780000000
000009705000500000060013920006000000290070003041000002750080100004257600000000000
000100000507000000689200001040000700290000800805000004000050070000080300001097020
805000900000706020030000100014002050000000009290007001000000600000049500420603008
006000030534000000000005000003040200200700680000601050040378006000000000009060807
001000038090600400400050000000064000030007000007200900105000204004006005000080600
030000287080005000000030006001300040400000100000500003600904038009800700000206000
080000006200105004090000120000580000046000803970004000000000012000400000000062900
700800000080000302310004790602070903090000600003001000000002000000500207000060040
680700003000040087040500009003002000009406020000000000000105304900000070004200091
047000008508400600300000000074900000000040100100007024010000006005000900000058007
010000040030008000000041800000009700050004006000580013000090060402060000700000005
094020000010060300030900501000000900870000003000400600007500000000009064640003000
086420000090000325005097000000043170008500090000000000000100500010000084000870000
009050010000007640005001000090020000070090030003000086000500008020800064600010700
000700000500000803043010006670000400810600059000005200009000005200900000000027600
800230060050001008300005000007040010000079000000000590406900000030004802000008000
900006001000921000500800024000009002102080060703000400000000079030000000080017000
000000008500000074000000360000000000019030720704008010000000906030286000400901000
004010090003500000060703001035200080010006000090000040000040030007030500000000870
180003057005000400000600000300100040002470080000000200500000000600005130003080500
000029000012000980000003200004070000930600801006000495000190000500000000000000067
000009000320070000000304000060150007007080100400900680709030040008000503010000800
089500000030100060400063000000000080005000200000845300078030500040000700900010004
000017008006030900500000002400070009000040201008000300080600090600005000000000460
000007209500084000006000070009000008003006002020050061830100490000705000060000000
000200500500000000003090070000000800036087250004006900050002600207000030008043000
000002000046300080180007040020000030001200006005000014003005000800000090009860000
000050709470008052000000080700500600090004000800090024030085900640000030000300075
090030800067000502000005000009000016100604000000081207030020000000000000406000701
390702006007000050026010970008040000009206400000000690000000809000300020010000500
090052008000010000003008009020100000006803902080400300900030000800000005014006000
020095700008047501000000000001000600000004009007059104104000030000000005600002000
000000207006000005000108000000020094090001000050600870087290061000080020000004000
000007200030608000000200050000000001840000000001879540080104070460000010100905800
109000020000048060000030054603025090080700000001300000300070040007060080000000005
004500083000040000080300025630001002007020000400000000010000600000100934300089070
100402000050010700000395010470000005080000400209000063300000070800006000020000008
037000004000860500080005000010000209000030040098001005960000700000500920003006000
000500000100000000670904030002001005380000200010080007003005400000009000026000008
000200308008070500000000029170043000800000450003020000000950800030004100401000000
000000000000005079062000300000074510020000400080001900004009030059030020008507000
700006021900800000050020000200003090000100570000000300070000000510007000089500260
500000000000002038047000900206100000050460090090805000005000670400010000000030801
000005620620000400000700001000004100090008003006010000901030000000400080700060005
000000206017000080003000074000800000090054000060200008040603029001020060050000000
020807000030100076000000000000081000900300018400009005003028000010600230060500007
020080000003700409010090080000000240058600000900000063001002006006001970500000000
000400000000000029390000701003002040009300100200040008920030060000004000080706300
700100080040009500030000012000020000265080003000410000009030000000000750610090000
000070000020000500745000602000600050000248100000003860400160030089300000600000000
400030076000500204005060130003008000090000700000900000210640900504002080000000000
900086000007005160000200800400060009005000700008000025000123000001070000034000900
006000370000700609050008100000209000360800000000000007540000000002095730000024000
700302000080400900000000016009040008010800000007000100000005604130000000000698000
080070600002000400000500030000005000107040080009060000000120740000090100403000006
290006050004020070000001000030000000000082500040105029003000000080070002600000417
007300012010008007000090604020006500000020000700930000002500006640000000103000800
000020000000500003710003800475000200000050010008000400800900700000200090050800060
000030700006070035500800000000006003000000008108009204080042500005900002002007000
010000800057906020040080090000000200000200350600508000005039000000000100082001000
020000070003006020000000516091007000000613000050080003000432000080001000005000000
002004009000008605000000200070000004100000000350790002410070000005080970000013050
000020009080100005402350000030000090000080500007004002000009000725000001010002083
000000000400010008038000200000050600045060007700001000027400085300000001800000009
000000062000000147000001300300400900050820010000000023092080000001050608007040000
000008050000910000706350100201000080097400300000000000470632000000000004000700090
000000003009006000800951000001030000000500108972000300008020000600100005007000040
050700802070040090810900003400007000300004280080001004035000000000306001006000070
010007509000200070084500000000000308041900000060003020070000010000020000520000730
001030008000408360000000004000000009706000000000023070800060000240910000900007500
500021000100006005000000060930040000070050800200090006000030000003804050040005609
500000007080207006400009000000000200004080300950000070006903800300820009000001005
000700000050000400014006000100008005060005080300000009030004060902010000000090730
000050813506000000090700500030000270020010000080070600702500030000940060000000000
600005004049000060000000310000200000010078030290501000020010000000006007800307000
008020000040000002000970048970050000300807050400000906000010603800000000510009000
010705000700000204430900000000000030007001502000050800000008009060010005800000140
000070002006010000200450100080004005000001600030000090004230000007000080853006000
000070003540000127800005006001000060700600000000027400090000000000390204620000030
050019000080400000001003000000030800576000100000600090004001080200800009010005200
460000700000040000070200081000000056000620000090005070000007003805300000002001800
000060290000200004403000086706900003030008000000000700009812000060000000058700020
052063040930080600000000010000000390000200000047000060000100809720904030000000000
400900078000000300000203605000104030507060000000000006030000090709000400000000057
000600020703805600000070010200000080005003400000200009050040000100000030060080201
017006040000080000036900000009000060100200054500018000001300209040000037000009000
000000513060008700000020000002015060830902000006000000058090000000000370007600005
501000320090060000000000040100500600803000000000200700080040000067910204000005070
000085000002360000400000030017006000000000000000950003000009500500014009080030200
006054092000702006004006000420600700000007010010000050060103078000000000000900060
900050003600000200105036000000002004000000800010670300020800001090000600080905400
007006002800030900100005000080000600306070100000012000009200007670000000000000035
600501009000000400100902000050000800300000060010000023000005001004003000200000090
017000092800000000000005000340000005000006020600010040006402008700000000500300700
009000700000069800000807000000708540010300000900000200006004000480001050000200001
700000402800000010090040000000000006040250800301000000009000300080370000000501780
850300000064000017000600000400000706200005004010840030007080040080000000000030009
920100000070300900000084000050003100049005008807000006002000080790000003000000651
804900006701000900900000034000409001070030002000005060108700009000000000000360000
010000000260070390000820700000050000000001030003000018004703100870040000900000050
000050000518000000000097001120008000000000800700200500000002003000063208900400000
000709000060000509000000062090300000000045100003200400704000030820070001000000006
009050100002003600005671900520000060001860002000000380100900000004020090000030000
000081000009706000000030000006100500805020030000300010000250009004000706790000000
000000312026000005007000000900830040200601000060042030070000000400100080000700063
014078500003090006780050003040010009050000000001030000000000200000002780005000000
000100250540000370006070000093000400080000000050008031309200700000059004000000000
405000060000400000002807409090050100004600000503001800000030000706000000080200001
043020000500080706000000020090005060000300000080206000020500009004900870007000005
000780004007020010000000000000000806690000700100306000070200900002100008904600020
900307000000200000030050680008040700000002490500003000700000010000690040013005000
200004000479005000008000300003000600810009000064000009000001090090000850000072004
500180000400006000070000280000670910020000004108040030007000005004000000030060400
800010290000800004060000170194030000000020401200000000009000000670400050400670800
000520000800000040720000308008000000006000210010003095001900000500100000230000060
000300800043060100100700000005000002207000650086030009000000000300120597000000036
070001800500839000200000005020004000049005008000090102000000010700000000380006500
000040010070030040003800006710000000006009050200600090000001000050060100900000028
000000290600007000003000810010400008070200040002000301290760005000080000700540000
000057000000001735000080000020018070416000008089000000008920350000000000304100090
005000008000500970090000605000090000800030402042060000020000007003000010670083020
000000430000005600001409000030010000109002048002000000094200010800700090307008000
000000170008100090900030000030500004000920058870400000040305000000007045002000000
080000400900006000000320000200000000008000090040800053000492800700000900020035010
426030005000002000801000007700090040000043000000007500009006000000009071060005390
306200800009005100000000536001490000400070000000302000012000700760100000000000090
092600015000031600004020000001009760000000540720004001270093000000800070600000000
206000009000006500000500301009160700801090000067004000000000008600000240048010000
400001800015820000800900040000040000040000079000703000000090057000057020060130000
068030007001000240000000000037016000002090100010400000200700510000002430600000000
000004060000080003000201870003000080680035001050000604000800049000900000010700300
900000306070008000002695000040060001080107905200000030005000000010036500000700100
003000000700000128002050004000080690000037500900001070490002000000600000030000700
010003072072000900900000001007000130500700048040009005050640090004071000000080000
807000420000000000604095300090710060000000000008300000300006081006001900000408002
100005300060000002208000009000400000801900400506700000000270004003000000087001500
700000000100093000208500000000060000005070030001040680000051920000000300084009007
006050000207800500000000906000000800010900350005031600079020400800100000000043000
307000000980065001060809000200000100000700426001008070000000630000950000800003000
980600000000400000370010004040970100000050070600830000090000215500000080000000060
078000000000040306005060071034018000000920000009007004000003010080000009026000400
000002006500031800000760500600000000290005760000080090040510000865000007170000200
000010580006004300200300004060730100030006000704000000000900000850000009400081005
000004000400305019000260000000001503708002000600000040005000001026003400001040035
400000030000300196000100002009083050071040000040900000900400670080006000000050000
500800041000010000000004908020000007306000090009065200000900000450000070000528000
500008002400000000089050040003000900150000000900084100008070090000000000006390201
000000000000094600703208000806040700200000000040007028005000203008600090100305000
750000008009000063640000000000600802400010600000000009800200000000009076001040900
000006900000000050100009002023400000000080070096501000004803015060100840000000000
000300100000002000900600050100230409500000000328000060076000300005804090800000000
000003206000007000789020000030000020000060054501000000006000403000070010890400000
050001002900000703008900060000004009501000000800100070400000090006500204000800001
000050107100700204000600003401006000290040800058070000005010000000000000000508079
020000090080020067637000000500006009000200051240005000000400008708000100100050900
900080000500700108034010002005008700600571000400900000700000049000000000020000503
050043006000000000010000750180002000000100004600907100000000000900008600807006003
010087000000090001560302090008000064000000000720004008000000019800000050235100000
900200300001007000000000040169000000008000905400600030006400000000070290304008000
004000700007450003300800000000600027200000900006000000003001064800000302020070008
000091005200300000080060730000040003027000010900006000600400020000900004805020009
160800020200003409000200600305021007040008000020700060600000790400000003000070000
060080700000130026000000098080500904000003200070020000100050060000400000307002000
002070300000900070016000402031005700000003200600007000000000000500204001040080030
000156000000700005002300014000003000006000200091000006607000040100200000940501008
000009300200001700000030092004700000600000000027006080039600005000007006008104900
006000000400900005000000703200004890000000000050008120800700000900400600007501408
150040000000578004000030000700005409040000030010020507000082700076000100002000090
008060000900820000010003500000400950005007000600000008000005070000000830000910620
000700000020013800000020410090001007070000020010000000051009200600304000000000084
070008005060037000000000403007053200000040100950000007000000001706000800008102000
080700009501000400600002000070000050305000000200108090030000010006420000000036000
400000307039000000500000210002430900006200400000096850000060000005000700087905004
000007000007600200060100050000000009020030006030079015003050008014000060000901000
500007030000500040900080100041000200000730900000408070320160000008300400005000000
006030020040600008083000500030000007601900000009300106000060001204000000000804200
300504090001003008080700000030002001000050800050000000002040900000895300000200060
970000042000000031060400900001500008000070004046093200000057000008000009000830000
002050001000842006300000048000005670027000009509001000040000030900030002000400000
080500000040389050000704000104000003008020000370000020900008130000001000860000009
003020800001060000802004100305000720000005000000600030000309006008210005000000040
000000000006850000200000073085010067004000000000306002030000200700100080000509040
600804001900000006000020003090600020200000000008010090035009040000083007100005030
050000002070030000480070300000103460002000100005067000000609800000040000100000500
200010000600000802000400370100208700007001005900030000009060130006000000000007406
014700008590010600000090002102005090008000004050000000009200700400073000000900000
800700001000000000050000068791006004040002006080000910300000800000630009105400003
090047030400000008000000060060080090080094070002006003000021007000000500000950024
010090000200003061480007500000000670005400093000000805039005000100000006700008000
000003168100000300006070000000730200000009715000408000704500000002000090605000000
000130000209000500500090008040020006918000040006000003000600200000840600600000080
000000030009035060030200410007060150300007009840003000060050000900000020150000600
009500008003740000000000060000002000000480005205300810004000000100000020008005130
027009300804006000000005004490000000000040050000501070060000080000203005300900000
050000090007305080000870600000600104608001000070030800000000050980000400001000006
000090001050040900702080000900003014000010000070000500007065080030001050020000000
000100006000090025006508170000070050001000003008000400600000000007642008023010000
006000510003000080000590004000051060209068300000007100000000050920010007350000000
400700001000080700000000025508130070020000406006070000203050600060000850000003000
510960000060000090070500001000020704000600082000000910028000000000090060007008300
017004000300000000840003010003080071001900080000006009030000950008600020000800704
009700000080003094500000003070060500050000640600000020040900070801400000300006000
350000008000010900070600000000300701000759030200100080100900250090000000005006000
001000000705002604094000850008300020000090008000000495000800000030004200400007000
000503000020006007507190000000600100000089000460000920008000040000300570050000000
602000000050900104003075000000509000000000340907083001000067000009200003001000800
009800000400000000000000548600050000001006070300410009000100094507900001000700003
043059080052800900000406000000090100090010004000005060700500010006070000000004306
000006005010300700380020900906200080040105000020060000004008160090000000000001200
006300005000000000000091604009000006820004500000018709002000000300250000900003040
090040708000000500000801006180702030507000002000005000700060003029004000060000040
000720500001900300000000409092010000065007240100003000000004020040060730200000000
000002090700030000006004030003206100800000000090058020080040000000070650000109300
050000004000000830187000290010000008020016000000090006040009000200680003000704160
000508902006007080000090000500000300000203090010000006021700400009020008600300201
700004002500063904200008005000092000307100000006400020900000058000006100000000000
001830007000010000085000004060000000004002570090460000108350700900000000000020068
200040060010000005600173900000309504000001080000020000007000000340760008000508000
000020008080000000000000615700800000026001700000004000000150090030008072050760400
003008002000600050000030940000090720300005000008006000009013200180900004600002000
000040600008000092000008000000007500320005004000003069800039400403080006057000003
508000000000067300000000028004030060000075200030000000000000600090500004123009050
900010000260000000010000060000237098400000200000081005040000089008070001000520000
000000070098000001000006020000040003460007000000005010200030750040200000900014200
008009000041200000000300060000030006002790000090001020000000014007080030030407002
400000070000000008080096000002961500300024006090008000001000040008045000000780009
036800520400000030700000096040008950000500300001000002008000000005200000300079000
023906100000000708000000000040000021005400000010003804000005007490300000081020003
000000000005471000001050070009000060000003050406000801000000300207508000004730600
200508040000620000000000030048001200010003007700004050003000020009000504600080001
000139000000200006000060740063710000002306001070900000007000590081000000000020000
810000003600000020000025060040003270000004130020690050200000000060708000103050000
800000009000002010004069000000000801000105040000000670520001003300000060076900500
005004109007000300300502000000000000148067000200000078080000000900000060000100703
037800060000000010005300000900002000800003206500100000006000002000000045008794000
100000000005000000029605800081000602000200030000900008000401060006000905047000100
000030000010000062090008170000007001200905030080600000021500800000000004900400020
041000000090023000500709001000000000020000805100304700000630080080200009006000200
072010000000000061003050004930005800050700000000630700865200010790000000000004008
000700900019030020400002005000000000000806071000000830080301092004005000063007000
700000403000000080009208000000400000842000001000021007060009500901005370000700000
900001008001000705023000000000029000006300140000000000800010006005008300012630500
080700002006000000070380005600500013504020080037090000008206300003000040700000000
004000693100900400000003002000008064060000500908104200080410000603000000090057800
704600009500070003020000064602005040050093000040080900000050000100000285000000000
000082035000000000400093010000009500050000000036840900060000842002000070080700006
002003000008070000500091000170000609000000040085000300400000230000050096000160080
576001000000090000400030000060000007030109400005200000000840030002000850000005260
005200030700090010090680000007000580800300620000000001009000070000050009000008400
090030040007800500400500000000602001005000290000000300000209050000040000160000800
007046080180000300009070500900500000020308000703000060800000072000000690000000000
762005080000001040000000600000807200090026010001000000040050000000400926000008700
032000070076350000000004010000905000594000003001080000040600200000000046000090001
