Seed: 1640217535
Cooling schedule used: t = 1.440000, alpha = 0.999900, cMax = 500000
412050000050076000000840000080500601070600003000004090000000030001003809027000000
005030094046000000000080700100000000007002900004501002001000000360000080080300217
803050002002000100100009070390702006000030097000000000000600000009081000640005083
007008100000200000500040000410009080000100060609500000060050040200000900040700000
005000200070000014001003600003000405010498000900000006009000000000000538000620000
000902000008000002900400870004000007850700000013000509009010300000006010340008000
000100400000080000000596003007400002300200601090070030020000009900005160050000000
002809010300005860000000097000210006075003000000600700054000080090000000003001009
000005000000000800500710020090003070000000000308290000005080010000060005736000040
009000006006014007000000100027000000800570200600090010130800000000000900050006020
070000000000000900000000036350046000000030600004007010020015008080700049700024001
000070930053600007400020000000040302007000054100002060800560000000000600510007000
800000005315098000000070000000000401069000030004006200050030012070041000000000390
000506000300000450000300008500601902007980000100000000000005081480000009001070200
078001020360004000000500001010200009900000003000000207000008000090030000040007180
009065002000300000020000030008032605700000090000006120900008000050000000000970040
008009400000704008400500600000000020801000000703000004000290000040008057090017000
031408000029000000006090050000502000060030570400000800000650000008900060050000001
160008470008306000000050000030001000002000050000000627070000000600900300390000010
000400070000020000000659800000700009200000000013000008052000000007081603000060500
010026070000100050920000000070002695001000200000000040800300700000090004360007000
000003000000000010700006002050090100640080700920000400205100003000008000060009058
000002000600750008900000050000009100361000000004230500010300000030040080400600007
700005060040000080002000000000240000084060100000100903000039000300600000075000200
008070100769300000000000030000003050090000300000850002140009000050001720007020090
503000010021000000000090000000000700002600003830000500390001050008000002000750690
040680700003005600800000000009501060000000000060000890014000080030006900200470000
000700000080506170020010008000005809060000350000860004000103000000080001005004000
000000000500000840060030002153090000600310078009600000700000004000000780045802100
050402000089010020000000816006020700000003600508000001002900000000004007000630004
002030019000000000090001820600907005000000000000040092309605007040010000000008050
000300805802570010001800060000030246070280000000000000000005028000000003009020100
000500003000009400000060020030080005040000010052007048500090000007102800401800030
900200105000050402000930060005082000090010003780000020810060009000008004060100000
003602590700001000200085000002000003010004907080060000000100000408300200009000030
010653000009010020000900800740026005020000000001000007070000060800000009000560002
003401002000000106100870500005000700300025000804700005038000000000000430407050060
000004300005003002300602048000000703000100000102000800610090007040000090070000200
700096035306000000050008706940070580200003000010000000000300009007000001000085000
009060200005200000000035006000702958050040000017000400032000000000300007190000060
000001037003090004140020500000406000410000900000080020000260000800000010005700800
120400008060000000000061000080000950000003810304900000205000000000120040001800096
709000120250070000008001000060000001000804005000500000020036040005000900000409000
000000100070004300060007005000028007830590000000000500050000000026050001000030904
000050020500900000032000007320010000000090060810030900070000601203700040080000000
200000506040000000600000370060030000000760800308590002000401720500070100000600900
400000002000900008061002000250100000000030705003080010100000526000000040080650000
005100200000098400900200000002300009350020800100009500860000070004700060000000100
300000000002600010000800040010008500000040070080530000600790120200000700001000903
005000060000040070090086300000050400100030500070002000000573000640009003009004020
000009170078030000009560000004003600000000900001004080000600800087000004002900016
200000905000700200100900048004000000003000059009802000040080062960010400000400000
085000070907300000020090080060040701050200000890000006008400600000026400000500030
300000001968010000005070090100493700000100000004000080400007920802000300000040007
000013060060007140000000090005490000030002000000701820008006010670000080000000900
000002106007450030003000090800000009070900003001000700000008905030201000200090000
270500000006900170001000430120080000080003009000014200500070000000000008000100060
000000007800006305009008000010504060230000008900001000400200090600000001000100500
100040309000010000300000008700000004023060900900480500000009107006020000000001000
000000005160000000800002460900053206000470908004000000000000003000900710050006009
400800200000006070800500600000200709070000001000300064020000000000621500058000000
024081000506300004000504100030792000000010003600000052200000000003000001009000600
007500400000000010001000036060000300840002005000001000000823070019706000000000060
100003000008901050004060007400200103000000000209000600000302008920700000701050000
000000008316000700500001093800309600100007000090100030000004000000080050005093000
003060500690800003000000007100600000050009030000050410032900000000080700010000026
804000070000700900039206400401600003020900001500000009052000000600090000000580000
000010580900000600000000942301200008750080000009100000000900230060030000800000060
000069007002005000000000490000023806600001000003000000030070500100906070047080000
080004005005302000700000080000500406042000090001020008400000000098000070030001900
020300080010050007000000259000600032300080060002007008000000020580009000001000600
008000706000007840900000250050300080400201030001000000000040000009010600003795000
506070040300400000000000590408000000007030204000600010004000800005809060003200000
000062000538000040006030000081009000002803590000000001070000800000020030000600015
720040500000000140001009000000900006002086000050410280000003010500700004000200900
000000000020004506000060900000080490560100000200000030613090800009000300070500000
065001000009504000020000004050302600000005800090800102000030000000008907070000010
008009000020600030000040050030100020600038000007000096560000070700500004000004009
080000000000080036603090004000900502200000000067005010006003109100204000000800060
003000080005000204070904000000003500000600009430870000007000012000000000002310800
019080000000007600003020090041000003036000500700500100000000080004073000800006305
000000070002004908070100230003008090000043000200009500060000000000300000840002006
000000038370500000002700400000200060087403090004150000040000006900007301020300000
025006300000102000604070000000500700930001000007000902096000400500010007000050008
080000600009041050000000000002000470090020008007630520000310000204008100000000706
180002097004000020006190000007000009000000851500080070090600008000000200023000000
031020600000008000000004031900800205060000004070050000607003049040200003000700000
000091500387000000000000000000902004670003020000050000001476000040000005006200800
609007000000060008340000017000003000000400001020508040194200000007040900500006000
280075000070002005030000000059100800102907000000000000000026300096000040000300070
080005709900004061000082000004000600020030000008046302070000030001060000500000900
800000003001002500004000086080500104000000350090000000000600070010490005062850000
037008000000004100004000083000200600173600000005009030000000020908000015700006000
000104080000070360300000009080200400090008106020000008000300000670005900500080000
000000300000027060070005000080010709000586000000002040401000080008230600030008070
900026000000080070700903160000000230002001890560000007004010000050040000003200080
080000026009006010000092307740000008500370000000000600000068000090100000300020000
100490000004002000029000060000600040000207000000100083060000300080056090007000004
001503000000010000380004000000050629000000040008290000607100080009000004040005760
060100070000000003000070501000007000301090004020800309005306802000000040019000000
000080000004000370000001090008240060207000900000030000530410000020500700709000000
002007804180000075000000000000000010070050493800903000500600700000000902094700000
400060703000000000090030064020700000500000000009021070901500600004300580350010049
900000600000000025032001700000007000280069070061000500020030000000905001003080406
003000000000100709704008003090800015060204008000000000140007000000005900050620001
120000000050309000009016000000000001000007380000090000005000038000725600200100090
000060400000000006009080050407300100308100067010600090800000000000010578900003001
600870501519000400000000200000000000038000000060000182007006000800200037000510000
000900000706300008800060751004090070120000000000000400000180000007003090008006010
000500400000040080030279000000703098000000000090820301040000000080000570501300000
030050001000307260097100000002006040000000000106000008503020070000000010940060050
004000009960850300080001500000080000000702000000003260002074000015200600000000008
300020954000100800080500031040010000008000200000009000012600590060000040907000020
001000000590800000000097300000000803069000700000002001010000000750148060200070080
001000608000800200000900000200070540700000000430005700007100000008020003920003050
000000801050930000016000020580000607000065040000000100973402008200000000000008002
200093800000000006000000090037004008805009310000060007009500043000000000500080601
020906010007000080900040000000000030460000001003670908009004000000300200000825000
370500204801700905002006001000205000009000100107000000000100002700008500008002700
010006040000302000006051070070030160040000950050008000009705010507080032000000000
607032000000000000000405002000580600300004000500600900200000010004900003103027000
000800057003096000100003000901007000206500010000600070300000000507304006000000080
000400000000010000007900060005800401008000000060052700000000170500030002900500084
000000140000090630200108000000020005048000000901000000070009300000003010400060500
060400007000070080000000030904060008070009000021008006030800001500010200090005060
002730090003294000000000050041002000700400005006008000300006008000020500605000104
609204000072000008400008900340007005006000100700005080060010004904000300000000020
000700500004602010000040000007184000003000000000050600080000300000005070102407006
000127800081600730040000000007493000000000000006000100070240610105000080004000000
000002090400106005006000300900008000070900000024007000080005700007000061000000843
400590000002000007903008000009050006010000000000006750000000290000015000200067001
800275400040000000302000000000001064000000000010603280903002000400906507750000000
002000000706009500030500048000000000800912000073080020005130900907060000000000000
080000006026400300000200098000000007700056400000009010800500000100000059507000001
000000000000002006603009007002050901004718000030000000100920054000800000800000020
007680040000050030002400000001000000030090607020000090010005300080700500004060710
000007600058903000290000000300010000000530400001000067080000000000480090000605014
530000620080020000070008000000000000000673000002150004100046900003700800020000005
000200900007000010000005000206304080500000000140078003080000000350000720000009030
020000970000080500504009000370000290080100000000000050100400000400700060700096408
010000000070030000008010609000060142007800000000000000230000400060400008800009560
000000061020076900903000400007400095600001000010500000000003010250000600000000008
001708200000000780003020001000000400609000070000360500010080002806000000000005003
000046000000700000000901275000030600000500001408007000020003050974000028001000000
000003000409080300700000004306009500048000020500000060004200000090001030070390800
010400000000970300000080061000600030803004010700000009004010000090000072100700054
000060400702003000095010000000900100508000009000140357051000000000030006000600800
190003000050090000000540200020000500000620140001000080030001090000070003000400050
000250010020100000000000000000000600000008700613000520700001050006097000350000090
000002090000018007005470000031000208050100000800000760900600000008000009004005010
030080010080300007009001004500020400100903006600000950000002040000000800000800003
001000006047100020930800700720030100000002005000409002280004000000080000094300008
015002800490000060008600405000005031350000000000000048000020070560090000002003100
000006000002000093150030000420000970000007030000040650070009205013082000000410000
000002000020714050050300000090000320000000008168000400500000901014070000300420005
073000060000010000000203078000000007000090200340060000035000900008009020700004103
000100000050002700000300002060000300040008650090700200508070000004003060700905000
005070003710002500000004800030001045600000000000309000006000010000000264100900000
060005000000310009000000008208000000000900800300000000009500084050027603400030705
001300700000000008200000136000003005050960020020010800100002007900080000000005382
008040700030000520720003006000504000000891000600000000005900600400000109100000057
001080034000500000000200910400002700280039100030050000060000000009070002024000500
009070050000200074000308600003690000000000308060100000000000020456000000007010009
050000000089001057001096000000002014023010700900000000000000049500634100000000502
300000009008000010407600003000109050810420006090070020500000100000000000000800670
060009000000008000100400007020701500005080000408090600002003080070040065040000001
030000700071006402200090050060042070000010000003000080090501000800200000100004000
060000000000012600000000507090020003004063002008700000085300006000056890000007200
001074020800000000903006107000010003308000950000020600000000000400090060050000801
700400100008003000000000050000007024302000000060004080190680043400009001000000000
800024600019080030000000200000901006060000310090050400000009000000865000730000080
000021050000950210000000008009230000800006000000007104070000420000010000500300006
006300000000020000000801700000050000300000062204100009061009000050080004720003000
064930000103000000000087000090000406070000080300070000000000200407300005500609003
701305008400010790000800023090000000200709340000000270005020000080607000000000030
003500984007000000060090000000000210750000800000001097000010070000306009000802340
600000304090802000030001007700000000040000063900106000000007000301004800020080400
001006020560010000402080000200300048006000009050024007003007004070000001000003600
205600000080000600010009000000084030000090400000000050620010900401030700700000008
800509000060001020300060070042700810700090000000085200000000506000000002670900000
000400800080600001002000050000700108360000004720010060000006470000200000900050000
200030007057000001900080062070012080600000000000050003008009540000000300002005000
003105000000000000509300007608930100000200300300006805100000204900700003000500010
083500000070020050002091000030006005000200300000003020050060090809000000000070108
000000001300090000000300485026900000000050000140000072000000010010060007000078903
200807300004000090300025008000070501000000000809300000600700014000040000700050002
009506040700000630050000100000809000075002000380040000000001000002600500037000200
000000000060070049900003001010000400040720060007600102000300006621500000003100507
275406030000000500000801060900010050300080400040700000002070000000000906000005082
000920000036001000005040000027030500000004080084050001102560000000000400600000030
008500900500800024400030000200040003900000000000700008807210006060078040000000000
000906700000000083030000600764020000001050000000804000005060000400000020809071030
100600070900002100000079050000000000006007023000860000607080004000005030020040007
700080000000005000006002070080000000029406700005000093000100004000009060930048200
000009803804063000003000200400020005070010020000000600089004050700000000001056307
000600200502080074300075000008026007179000000000000005800060010000400000700900003
000800007008000031000567004087100000023000070000006040004000008050003000260040000
020007000000390000956000030607000800000200000500040006090430600000500008043680009
230004000040000000007900804006003010380000090000000057000032000020800001000490060
000004350005003002009000004050000060000000037608030000060000018000107000043802000
090574000000900800054000020600010305040000000005600000000056010918700000000000000
030070002700090406065000000006000000500700930000045700000120080300060000007000000
010000000809003070030268000000500700300004080000890506000000294001000000006940000
004000003005090800020410059096003010200060007001000000010056000000000090002071300
700920006040700300050000000000500100310000020000000048009003000074108000000000812
000000000000000789000502000908030504450070030000020000300051000016003200040900000
005200003700500000040030000020080096090000340000000800007020900186000070002700034
096004001000800750000000608960000200000060040008003000001000007000700060004300510
000004060000000590900070300079060030051000070406000008000008640200940000000005002
700003000060002000002105007004000620000090000310600004407009305001004000000000070
016380070004090001002040000000000000200100500089000003901027030050030020000800050
420039507007004003000000000000600004000025000180040000009007000051000060040058000
280000000010800569000063180000002010540010600000730400003000801000000040402000006
870000090009020030100000005097600010000090500010000470000004000000065003003700008
000000000500904080030000007050603100200000009000008000003500901000201000004060032
070060000910050002000020030503900400000200100006000500400108000008000000000000005
250090000104000200000007000000073010900500400030080000700005000800002005010768030
070000000300015400006203000004320800090000000800000200003000050001009074080050009
007000320020700040500040007090000005400068000000009003000083000000902000070500089
030004000200000006004390050000009438007000000000601007020000000103800060046000700
200600000000400900000010005000100003003086002007030000540090020002008504900020600
170005049000000000520096000005640310008070002000080905900060107000300000000000006
860700200000000003500208000000800307002000005070050006004107000300040000008600010
000008000008305600000004005106000009000020530030100002004000900700600350390000200
000708030080100000000020005034900000027001000100000048200300006000009502040007100
004000021000030060600050000203004070060000008050709600002900085500100000000000900
800150000030400510900000004300000000150892060004000008080004300500007000000900650
002090035000050000090001002400000001000670800000000000001807050500042009080000020
804030906000000000002970800600000205001700000000068001080000600000501409090000100
000050000009080037000100408704309020390000000000000000007402600000510000480000100
003080010000400070000170065080000000430005006060002009090060000008000003002900500
000010409020098003000605000000000800000020300003000054850100070091002000070400000
001004003580000600720501000000007000900000320005000090000000080800470050006200704
090000010050000080008500009030000060507300200980760400000000035000013020000070901
003005904090000000570000086800000290230000000045900000060340709000002801000000400
000090000020000500003065100040900000008014003700000010070000020060000390504003600
000069470704000000002003008008071040000005000400006321000000900320000006096000000
000000173700900000024000906010003080000090205800000007000600000040001020200700400
300010000004000000192500300500190000400002061008000000009000020000063508000000703
100000004020700000070025000090000705000050026032040010380006000001000903069000007
029130000400000005080040000006004000700020800000000139000710003008000056200000080
679000000004000000000900050010000025008400700500326000000600003000109804700204001
002004003040900000008000002003010009906070080000005000600000350800057000000002400
000000170090020000040700006800060000015400090004057002000500010000043700060000020
096001000300080000700200000520900010904000060060000003050740002007000500000530400
000000000081040900000000153000900000502060010800302000005627090060010200070000030
000590600000002000235801000006050003000720060042000090000040800010300740000000009
000600503000001702098030100803200400010050000020900000000005000009800070000094006
000000803320500910069000000000100070090006300000040000000003064500000007001904000
068500001009000074700060000000080450000700010016000030050470000000100005304600000
709060000000004050400000000350000009900003102000680000602130004000075800000020010
000500420406800000000000176609050000000030000005401000010000200050070040300108000
000700003730010000000085200005009080090070000083200060000000800000000012002040057
000000900500700060000065013045000000000000002009800540200007000050006298083000000
672803000010700000400005600004000000800090510000050000100042005000100067000000009
000000500040005070050009100000906010310000000095870004000000200082300000400050986
060290000240500060050000001900070300000000000000030004000000230000908000607004950
600130020002650400300070050050000309000000000200000105040000000000310890700009001
040000090201000703008020001000600039300000145000000670000030010003908000804500000
080400000015200080700800096000000000029080010600002300800079030003050720000000000
700008003090000041080200000000006400000034270006020900500800007000065000032000000
000050000010090200000000031050010000049037600060400080000680000007001060003002004
002080006000003000060000170000305000017008000000040003040000920080070040900000050
000000090820000170600040080006000300305200040900500200400009001070010000060007004
070300098008000103003002040007580000000009005010020000000007300056040020002008000
000000480008026000700003000300800090000040500090000008000005109120034005007060002
008290000000008000090030570600050700000000004300002080080001000001000430034000050
900070004010820050758004060470003000000000030100000008605000083000000000000130000
600000003008069005049000060000002000000500800002006049013700008000004010085000000
039706400700800006000000000070000500002400380000009000063020150007000009000100004
403900000020000908007002000100070000000000530070450200000000600380000054000028000
007408003000070000090000080300000200510000030000160058030040005800200061050010000
070000008008430006300000005003600509000800061005004070000245000000000090600007003
000060380210050004006090100000000500000074000060300802700080001080000670000000050
002000000000704000080000167130050000048000005070600003020500300003000980060130400
000080000000400500090000047800070301002045000000002400008706000043090000007000090
000040109010830000070009040305970460007506900000000000600001000030008000000000570
730008009100005400062700010000010000006040300000003000020007001800200500000300020
200014000070900000650002040900000007000000025000070081007085200120060000003000000
070000403004090007091000000000006000200004300000800540000040000000007800060003175
000058000600002051700400000058030900000040000400190005002000004000000093094080100
004100080020049000000000370006900037000602009409008000900000000000050003180000500
000263900100090803000000000820000005000800000905000040500004070008010030090300000
000280090000040050004700003800071000000600000030025007900007300580000001700060004
900638050050001002830002000080000006000000020405010000000700080308004000600903400
009040080600000000710036050060098000028000500000000010040070900000002071007680000
010000800080046000507000201900025300340080905000900000000050003124000000000000070
002000050000200601760090400100600200800007000079005000200070008050002000000900040
000060082000803160000200000100000040900010800040920700670000000000001520005008070
050800300000000098900006020300000600200000000000209040800030000001000506007410080
000700600000006400000010032008004060703100000000000050089000520074000001050240000
500000000067800250040000300005007920090000600400300000301082700000700001008000000
000703420007000000000012006000000050028300004930060002070000090009000048000089700
010300005009020000070000001005070000900000004840109000000004630302000019100000070
000321006000000020130000000000050040070400002040007003014870500000002000508043000
000007000040086100150030000907003400300400060000070200480700002200100086090000000
002500000509000380000000070080000600001900005970010040000006400003002000098005006
007000000006012090004000572700300046600008700000000000908057600005030020000200100
003000700400130000080006000000007020000000941000600508030000050020871000070023010
000370600004060508009100000007000030960003000058000020096000040200000060800700900
800100000300050090000080005000420900000800050000009270400600000096000020020004003
200036007090700004600200000001072090000060040050900000925000030007000080080003000
000040000100302049000500003900406800070000000004893000030009000700050080080000600
200000006060300010094070080748000600000008375000002000003180009000000000610009030
070140005600000000020080304080000030900000000040000081000000000200905070018007060
000010238000000005000009000400501096870400001090800000020050407000002000705000000
827430500040208000000000000200000400004000069090001008008590000036000020070000005
007030000900000040100402005010500000006000000000007412040080200690010800000029000
300000006000000200201030800000529000600003004070001003800005300900460001050000080
060070000130060000208001900040130000710045200000000000000000500000000890603800010
070000000406097500100000020000400160000032058000009000080004000002056090600218000
900070300005200000000035004070000000401000050800060049008010000040000080000040923
080000050060000000007900100000030704000106000100800205700008000000040003450020900
003000700060000008900008205000416000740000000000000803300000000004391000025080000
090020087008010300006040000000000003600002000050600008000030009507800100900004700
304600000060908200000003005200000000010070680000480050000102009002000400090000000
000000050008200090340580006050300020009407000000050000020000500003600400780090000
000000600003000400000060081060050708107092005000000000010703000006005070900000020
000000010540100078000400620000000001091705003050300800000007002006090500407008000
300700000000000040060014230000000002050600400630500080400370000020081000170050009
700400030051008000000009570109002000030000000400890000040080090005000003000370600
002040000100200000000056028001005002000000000090080405010000370804320050000600000
000400060008700002000600705000003010800100530070006000500004600209000000000090871
000080900500040300000600070100000480700300001200005000000078064000030005008000000
000024050086900000000050160702008014910500000000070020060000000405000000009000038
000600070100709504300002800060904000030100205900000000087000003400070900000000040
000000000006005000000740008007350086048001003000280100503000010002406000000009602
000000000154060200000700340070040000901000600008920170003000000000090000080302401
000000006300080000001060793000025000709100000800007040094500070000600105000000000
000092080000030790004000003092360870006000000000700109080070000350000000000005020
300200567051000000000000012030806005004075000000000000090008041006003000102000309
050000700000160002300004005600030000009200580080000000000040820030000400810000006
000000007003500400000987020400000702005000000700008006000400008502001000804079300
029600000080002000000003650005000000800000430300580067000100900000300246200000000
200000000804091350000050081000009030008060000700000000070010002530004170000000600
500700200090010003001053000004000008000009000026800004050000000000321070800570430
001000004003200800900040630100009400007310000600000000378000009200700000000000580
809701000000080005700200003605007000210500000030000000002003050070000900004012700
503800000700002038000000600000085000060200900028030004050900000010006300000020070
008006470010000060000073080800040501090000200000097040900005000500000704603000009
001005000007140000090300060050008000024000080070000031008064000000010900000000050
000050200900306000050000003407000098000010000000083045078000010020000800030000900
000800000642070000001000003039060008000710034000002600000180206000090180000004000
004000020000093010090015070020000500070604090100000062000809000000000008005000700
903000208000008004000000007090000350050067000080002600038609000400300000000700020
400028000009000005058030700000109006800000002030000900006000300010400068070000000
760800400000000008290301000000152060030600819000030000040000100610500002000000706
080704010016000000000000860094030002000209000001400053000006020700000000230105000
040900000806005900050004060500000000062000507000003690010020000480000750000300000
070800000006070800009001000000000080003000020200000097002019000008020310090005600
400030060006000700030900450302090100000040000040100906010000509900500007080000002
065004000070009000020070006000005400000200000000801300809000010200000900730100008
100000000800000609490560071500403006700002000003070002009201040000630000000005000
027800090009100050000000000060080430005000080000040702658730000000020600000000070
840000030002000070000008900000070090051200600006301008000910350000005000100040000
300005081001000500600800000020009000000003007704000010810070304030208000009000002
792061008000097001000005000020000600003000050408000200800000007009050310600000000
504003020080000000300900000010000062206800000000010000800600017607000800050009400
000002050000400067090100000001600340000805000400000600080300001912000000500090000
008009000075040900000001025003000004964000100000060000406700290000008370002000008
905000000120005006000210000000000190009007005000400800080000600400500709000076043
000040038000800000210700000500012600107000400020006000000000740640000500030000060
006000000040063000290000100704000000000031090000204037002000003000080000100006089
007500300002000004400670050000010700000007036090200000931000002080002040000006000
800000700720100060100400000002307006500060003000000180015080020000000000004006030
400600200000005406050090000003904060000086010091300000070008000000000008009000705
030000070000960000900001304490000800051020000008004000100005730000032046040000000
008300600040001802501060070000000200400008065000403008005002000079000420000000000
400000000087052003005008400000000006003100000004003572000800700030070600090005004
006000000000500903800200000200004006000007080500008010004065002013000000000000109
009047080000000500800090070030008000504060003006000100060070094000000000001030006
000050007003020100961000050004300000000001006000602710208000000300207680000008070
009000000360002490008306000000000004810003000000004500020000900950020010000070060
000600000007008005005000490060200030300000000000700000014900300000001080090050620
600000000008005700007090316000750000100060008000008042080200003700000000026010000
700005006610047000084010000000000800000254007000001602005020031001000000020000000
100300000090600800000001050700080300203090005004700028602000500000807003000002007
006010000000008100070405309601940730003000001045000006900600080000500000000104000
000060000957000000300007400500078003100000020000200500001709000400003800020650090
060000020400000000095006003907050030000200040001008005000049000780001000000370006
510000009060000000380609040040103000000000000900400700100070300000300401002805000
264800090000405100000060020420000000030000800098000230000050306000170000003006407
000100203600040500001035704100000000057080400204000310090614000000009000706000000
010009360006001080089300500000000000008100030000005102070000000400200000500090007
000100500300709000009300068714506000000000000603000100000624930000900600400000000
506000700070030608090000030104902000000005002300078000000000000085003090000700004
000030100408060500500040900000200047004380210090000000003907000009420000000600000
000740009090002000540000700300200000070000560008005001003000000060108090002306000
009008400000209000006000008308002060000000014050061080780010300003004000400000070
000009400009400000610020500050000000000003010000605930000807000200000097107052800
000100500092030600600000400060700800350401060000350100520600000030070000000000020
000000450700200003490000800021900040500000090009007002000020104006093000008410000
000030800000000010600070002190040000050600400003008029000006380001000000000002040
000040700050300240090102000803007000061000050000009100200000060006000809089000000
001080607200030000008000009060000010050002000302004000010200076000019400620000090
003000590006030000000189030000010850000506003000008002102040000074650000000700008
005190040000200010700050903800000000020040090010000800002400000086007500900000007
030000080506000070400001003000062050000000600002850309080300760000070000040098000
000060400000473056600000000090000538030520014001000000000802000913000020080000001
706040009090001000024970100630708000940000000002000050000000500000400302000050080
200000580007000600019000000452030000006004200000100000000050073000400000600028400
006001300007030000910000002500006200000090100000705040740000800090580600000300490
208000000900037000500910000005081000000000050000050041016308400040000800000040700
090800000500006800003050000600028030100690000420030090001060240060072003300000000
000901500040080010000005284000139060300000000001070000000002006000400002098300005
030000000900060030706008000040030056020040907000000008000000000007906000800010400
020400970503100400000070020107000000002008100030000068000002005098700002000090000
000007610720008500050020300960400003300000200008060000100070029000000000002004005
078030000400000900003400672000000000530290000780003001900010000007002005820007400
700050090000102700000800030050009008030600029000200500006500200000080000800000165
000850490200003700001070000705000800000700002020000300017000056600490000002000000
530000012001000007000304090780100005000060100093000070009000020000049700000005000
000000009200000500030020601000000050560080072100004006049806000070300060002040300
007008009040019807000000040000000420080000100060100000900870000005041006026500000
000000003000905000000070200091800000005004010607200000050693800009000000006400070
904020010000407000300090000000030206000006000030504800620300000000000400059008620
005910000000800317080000400007060050090500001000308700004100026050040008000000000
004000600000800905000230400706000030193007000005020000000700009400602000609000050
010000060090000005000702003054010000000860900000007008200500080000170004006000090
378000009000400800000003000007200103000005000100090706030001000716050002004009060
970500000002000064000100008000200000000750000020009300064000002017060900500001040
000200000006000000005080100061003008900062000028047009080000640000400035300006020
007000500840006000003509020500600090000400370000000006000970800009008030002000050
308006047000300020000004000009008004700010050030400019000500000002890006050003000
600700030209000000030008000010920070048070005900000000000180009091400008000000020
000004009000510300050020007680001000009000000000007061400000000000486020200700980
080703100000400300050000004821000700000000908090007035600041000000005002000020000
061000090004007003090064020000000008005020000800040100003800900000070001002050030
000708000080050036500100090930000040068000001020060000000000009090070020800500007
910000000040000080500690000600952000000000400020007068300020009070100200000040000
000600040302090000570100300100200000050000009009040057900000002604000010000060000
005000004010040000007000930006200000790063008000980403020530010100000300000000006
200100000000003070045000600009060300000400006000000050170004039900700080020501000
008036000030008090005100000140097060080200000009000003000000005000004000053700012
010409003060100200070500008000090000700000000350740010020000400100000800030901050
050600000000371500000004032630102400002000016040000000000009370480000001020000600
700039000000081340000020000900040200000008001042000039890000050000000000100000087
006000001170000090020008400000067000700080002802300900040002100680040000003700000
030400705000000000000835000900000000050160008000702000008000009040210500005070182
000009050004120000600048010010080000000004070402030600000003001200000093900600000
000000097007000000000250060200005000400000009091006800000070023009100600010062045
000090406001200080705800301400000090020000100007000060070030009200040500053001000
000070006010806090000003002409300000006084007007000000900002603208000000600040100
000800090000076000240000308000000051035007000098100400001000002080001009400000070
000000800000086400001040007000002000740910006092060008009001070070000004020530009
800001230000500060460000081007800400500200800300060010000000000000927000754000000
060000900003002400005870000030208700000040060240001800000007081001003007900000003
000000000690005002400002635001020473000090520000300091010400300306200050740000060
010000500240007000000020040005009000800004007000160005008000013070008000390000006
070000005040760100000050020054000009009406200600300000021000008080003700000000030
980002010700100400400000738060080109000000200000070000890054007000000050000029000
000531009002006000500080000000060850900800001100050004709000100024000008000003900
000500900000009780510004000003000408097600500100000000000700040008000607000240030
001580007000009001908000064009006040010350009080004050800000000000100000050423000
000800040000070508400090000080640073070030001050009000000004090002000106610000000
500920003700000000200008695001843000000000006082507000056400900000000040000001007
006095000040000083320000090900003008000600350000507600400000000080000004000108000
000060090000030010084900050005006000060300100700450320100000009002007004900203000
020500009080400000000900020000625100000000000000030080600000097007800406490006810
009700000470001300603000090004009000020050710000006030106000000090600800002000073
901005070506000400020000050005008920710006000000700000004900000039600008060000040
000000050400607002050290000800001500000900010000005300590020080001040007040006000
003009002000030065000602000062000008000204000050700000700000000029570100100000603
010020000486000007000380000070000600609000400200090001000000002005009700800154000
000270490000001000090000013200000006640900005000080000008600030002030100004009000
006800509000007000000900140090204000205081000410000003000060000100000670009000350
360007091000003070000480300050190046090008002007000000000000500009800000100500009
000003010903800000005001070000005096700000001060020400000200040000000208380090050
700850000000200130040000000000000290050001400900400000403000000021000067070000802
400080090000390000000000085608002000010000040900500630000910700350600000080000000
000000000050100800009803000000017009206000580400200000002000308100009700030020650
600000000000098607009700400200005000390080004016079050000000002080100040060002108
000000000005280010024000350090060040030005000010030295000070000040009630007010900
000500000002060073900300000100700500043080007006000021000000300300070900000402050
005070090098020400000004005030800006029000800700000020000090000000001080906540700
000030002090057040000006000070010000000000400580702100900040030001000060040500701
003207008006000000507400020200310000000062004000500360005800000000000040010000850
007200009045070000006000020084600000030500001600900300000003842000000005400000100
200004800008090000090000001507000020000560004040820500320080109400010070600000000
290060000000000020450100060080000600000780012040090050000000500001400007908030000
000020000900300025000800000520000400000009000000053000030004062106000090480600070
100200908000540060000000007070800605930000004000000000402630059003005800000000000
200000000100003890069204000000000910007500603400009200000005080080030000054190000
098000100070010006100400000000040031002000000000007092000230040069000000000056803
000920000001008040000070016302050000190000000056000802060307100020000000009080005
000000008800106040000000907300015600072000005080300000000000300600090210000403700
003002700000970002050600000000060000000007903700000000010000360000430850400500020
200000030000040008080001590400020903000800000010900006050000100000532070000080000
040000200008004000003500000700001980000900006410000073500200600000000390030040007
000100095000000618000090000003000070908000003040600100020040300100800000600001500
070000000002008000405900000000009052080070000026003004004050080700000001039400006
000000001020900600905000000000000004500100709018030000060700030001000020304010500
000000203002070000080005600370060000010000030000100800020009780007021450500000090
920800000004010800008903020000000000500000483019400700007000000300500040001020509
000002900060071000008060050070200600010500023290000000000437009000000100409000000
000000010000080200095000008000400000100860040000035000620100900700042100008007060
890700100300000007506010840000000600000040050001800002900100700000230064000000000
120000630050009240000030000030000010000820000700005400905008700006047009000090000
000046003900000002002000050060729004040800000000000600009000500010073800700004000
001700200280000760000000500000060001009214000506090000600400090070000000000038040
402300980000000000008400573005000100000000230200870005000009020000650000370200000
000090000501400000040000203063005020802000105010000006900500000000610000000742000
000007029000090080400050600000040370003006400701000005020600000510003000000000032
005004000800000056030207001240010780000030005010000900680500300001000000300000040
850000003000000040000907500041000300000300000000708021090600700000000000273100450
000800300200000400054300000049000802608000037000600900300040000060070000500060010
000001020040069000809000500000000003900705000704000005006000019408000000530020406
900005008600000000024060050307046000090000700080002060000010000560000100800900020
600400000050070900000023004100000023000800000062000400004006500001208069000010000
940000100000007000802000403708002000003000600190430800000100560010875000530200000
400000008007000600005960070000000067090100002602080001008020050050070386000000000
038000100057000200000090400005003000000970005060010800040050310000060500000009040
000508060006002800300000002054000900807300000000059006000720003000000000048010007
010046000038000020000000000007002006090005800201600009000000040053010000000300170
040030080270800000010009000023007000000004100000000054500900200630000000000050610
070305000100000060000402003005009002080000004000100370000000047290080500050030000
000006500000000040000200907003050400080001005702080003040300700900010006005000200
501008060020000070703410000002009007000700005008003900000800000060001200000097046
500408000001027000092000003730005010000000005010004800000000020408050031000600500
030010005080000726005007004400060300007000000000009050000102000000004900960000200
000000086090050400000207000000004300039000710005310000006100008508000070041000009
007003009019680000082010000000200310054900006000000500000004700070000053001000040
000001508060407000200800006005090067000002100000000240900000050010064900600000000
000200140000000007701080000030001750006900302000400090908000000300000205100800079
001000600500090000002007001000000720007100030900005000070600090803000006040208000
950100600000000000030068029001006070000000980560730000002081000000200000600040800
060004105900000200270005008000000956000892000000050000000200010040680009301000600
000100300090078020260530800000000907000000030000007418804000001007081200000004006
500000026200000400000301009820060140006000000010750000600008704900500200000030800
010280300700000080058000090900050027000016003074000000000060000400007008300900000
060350470903700820100800000007508000002004000001000043000000900000001050000620030
031000000000500207002000819000005081000000006908600000700060020090407000403200000
020140090940002000000070000700000100008750600650000000004000208000006705001400060
086000490000001000000340020010062005000400000007000002000106084900000700000850000
005000004109000000070450010701200000000036057020080600400000000000001409807003500
030000008000790000510000000100008650650000001004000800900050000400001070000204300
000060000057004000490500001000600020300100700040009100039700000600005009804002000
000007000008001203302080050080004000009000186007090400010000000000060008600002900
002085000000002500080000400070000000400608030210500007008213009030000700000009000
000000000700000003209045700050010280100028300000300000005000060400000000860194000
300000067002000000080095000007506090050030000000100502800760400000040708100008009
000304209003020800000070060090405000100000400850002000080000090001900300000740002
030502009100060807000008000800000500760000400523001000002007000300000706000900004
000600040000008500000000009701503060650080000000200004907010003400090710003000400
090300000007600002020040006580000200230950760000000900000006040058020010700000000
000040000107000005050002030000715086012090007000006000009600000005003690000079000
900003080760000001000802060630000000000050004150060000000907008080004030000000010
000004060205003090000900001001400078007005000000030100300008609006002500080000004
000826005600050008000109000083902000002000000070034050000500900001000700000000063
704002001000040007050070000000000100640000070002186050100009060000500903037000000
000100060000000790900604200009400000038090000050006170104807000000000000005040002
003900000040000000100500200700000043900000005062009000000080000450007068001400070
602100008040029003007800000780000069500000000030090005100005000000007904000002000
000005000020701400803400010500000980001300200000009700007500009000200000004000370
050010000000030279700080000005003700800000150000090006580000000040806002000029000
007502300100000000090130000028000004000608030000407006000000000000000097352706080
000900401200068000000100700000083905000001073630050000060000000580006017010800000
582006900000285000004700000016000009000000030000820010200400600007000000300000021
008050000400206000005010760009005006000000170000002400700000010004008020800090300
405000000030005000200007950010060020004000030700200004080009400002080090009006100
007000190060000030500908060089600400000400010000001000002504070045006200090070000
000901050006005003000063201000090040000000510500000609705000000860002000109046000
059020000600004080300600200090000670000002310200070090080000000000000400912050003
000900000704020000006008400000000000000069003058043601400210305070000000000000896
200000000076400000840010000500030001604080007003000906020900600100620590000800000
406000109900600070000000000700140030609080000500070204070300020800000000004700000
000030460004709300026000009000000100900005008200970005000800020000300000007500906
900000000500098607000047300000000905000105026000000030000750080062009000840030000
010400009000100030090000000000000528060700000041802090007000000009065012000040800
009020070640007500000000010000906000000050084907100003805000002000000000060030001
000500020023090540000700090096000057000001000004070000810030000060000200200867000
380009000700106000004000000000000306030000095900280010000007004050030001040061000
320005409060020700000000006000530002000010800004900005048200000000760000906043000
000000030000030560006029000070500001250701040300000000090800600000000320004000100
060000300001000000940000201000029000070180902000736000083012500600000080500000400
003000012000260800500000000057004008089075000000010900000008000000090204004050090
009000037003100060500000009040050000000800004085700000700042003060000200900005000
007000804000000010600009070003200000700000001800160430000005000060008502410000000
000700080800000000000000204400090020050010900006004308005100000280000006074008000
000008602100000000008760043003001700086004000000050000000009020740000008001000050
300060000040700200620030000130045000000000850000000006007500420050200090000090700
000300007090020800080009100500000600009740000300000051160090002000007000072000306
040200008030050000095000000000000703320009800100820000000045000900080340000007150
004005000039000180020960000000000000400007008010008305080000004046700020000083000
460009010000008700800050000300461507670500000000900200001000000050300400700000006
000030007079000008050041090000500020026000970090020080000084001061000500000050000
007500041010000000900000007000004000004700390360005000026070009000901000040000012
000007809050000070000500620300090180068300000090010000500004030020000900000800060
000000000000100039320690000000082190000400307040500000600000900000034060051760000
050094000000000970000820005000100563005000000230008000906000020000000408003001006
300000000107830004000016800500601000002000010000000790206000900000000400003970100
000609030012000008400000060000058000900000000005300620280000040700000090000480300
300000040046000010009006000000060100700130000000002093002000000000549600907018000
060030000907600005010204900020006000000003270003000090050000600030000580108000009
091000000000250809200004560000000083160030002002000070000460300930501600600000000
037000000400006000008700900000000000700102008050007093090000006201080450000500309
003007580000080030006002010100000000000108007680403000920040000000000000000901026
700600005082001009000054000005000008007030000910002004000590000020800003100000060
000000004005030206009000000380000000000008000000029050000000670100072009800501300
050608000004030700000001000000009030700000014009200008007060800040000320230000000
620000008004970000070082001080000500000007030000009000003600002200000050090400706
000100000002000590600052007007000000090010420000045010520000006000800000301070000
092100780000000090000040150010700928000009000007000030000001000609000500400290070
040200000290630104300800000000005090007080000501009207070006000000400030000000006
073500000000900500800001070200003000050000106160240000600008000000100300000006894
003098000000003004040007600006200300800070000730005400009500030060000000007000018
350070008000000000000203100710094020800030600002000050000700000007005000900641000
001070004000406070000000906805109000070000000090000008030800100006010005700005809
002070004100000000009400002006930005000100030000000100800000001004508000050607890
000030280020100504000009007040900000030060040071023006004081000010000000009700002
000089010140000030500000200012000090080094021900000000000803006000060045006400900
500000400000079200000000107105003009270600000080002050800004000000000900010528000
000040000209001000000200000030007164000300000080400500650072043700100090000000006
003000002002009000000300710020000080004967000100230090800006400009403000000000001
000800009000000802000001060040009205039065007800000400001008000500090000704030500
015400300308000060000000020009013400006000000400008000000000570800006000200050900
080001095000000432600090080000800000900064000063050700190000000007089000300000050
080004000000000010600072400005200009004006000900040600020090000000800070010050200
040000605150400000000090000000205006570000104600019000000000200000860030900000070
006003000478002000900008016000000003007080000054071000001400800020000005700030900
040015002000800006893000000000056070000900005000000020900070061034002000010090200
700000000006800000080203640040500060039000005000004800000000084410700209052001000
800000300200300096005002070000060005000120600007040008700030200600008500004000060
061003000500000600280170040000600000009804200470010005000000000010080050004300001
042008000009040000100000000000060708310020040800000900050706090200380010000500000
001000903090000200000060000020009080004000530009800100500000610800007004010200050
000000000008027600037540180000600700050000060000000948000006030002014000040000001
010003005008500090000600007092000000003090874000070000307004001140000000000005000
900300000000000607000000800500708000080000410200400000320000000006093000150080209
009600000300000780000000406000000871106000002000850009200300100700062000003004000
930100005000020003001005000000000129280001060006050000078490000000000000104700008
060310000800024000002000005006000740000400000000081300058000060070030800010009050
000400070083102940000080000004008000200000000016950000040000096007001300000320010
800407300200000004000060900000002000040806000003000080090030500075001400006000009
100000020000300080800907503000090000700630100005008004003000092000000000070800460
902051000080040003000006009000907800001000050030000900700010000203074600000000040
100030000200906007050000083040000700000810600000400009900002000007000800006003020
000000000008004960000607583000005070680000010209008600004000007570093000006000000
000600300000029000709000052103040000020031000650700100000000001000070084076005000
000860002000500000008040005040020100800600000007050300060900000300000021510000040
000000000000803001080007600050000719091000000000004300002090040860000070700000092
791000020004002168000004005060000200000007080083000090500060001000300750400000000
017002059900000700085010000860000000273009006090006304000200003000070000008003010
000000000090041000000908006006057003000000200920004050003000008580309000000000047
000024070600700008080000030009000000007410200500697000050002001010900700003500800
080000020007900100040000005050000700820003000700810050004100200000007040600080901
060008070900010020000000409009300000000004000607005090000500600290003050000800001
094006030100039005000700009600800050500061300000020006300200000000000002080000700
021050830400602000000300000200905000076000000050120006000000900000700000008031050
000020300003000068000000210008030004600050000001002050090100840000070000050000170
708090006003806004400000200600050100040907800050020040180000020000060000006000070
040007009000060001000930000050001600001070080000500900007058000900004760610000004
000000300570090000140800000900407001000000600300001509050006078000100000000000250
000000901075000083200005000004700005000900000030802007360000100002010000180003000
042000050000180600013005700090010000000690000070400002000047000030200007520000010
004067008700400050100000300000900007000024000030080010903600401001000090000000600
020700000000021000865900020000000004047090050006000003000305800700610040030070200
060780000390000000000420000270000500008000634000800000500000109000200007607000000
013500600000003005400060020600200000000010096208430000000005400000720500000000008
060000070000307205050000001010003090000000060000859000000901020700020000089000010
006130040000069500300000002001070050000000760004006000000004000003005810200700005
000030874067090000000040050020307000701000000800000000006280410100400005002600008
000502890400810006600009000782040010009000002000000700900020035040000089000000000
801000000070000080003040900500800000000006800009710006108003600200105000050004090
070560409000403870020000100000000004741000000650007080000000000008600001010008200
006000420082000009970006000020080000007000000100200906004009000010500004600801007
050000609031000000000020800700800920000050000002003001600200000000308040007061000
000190300000060000009050860080005700600000010401000500700600903043900027000000000
000700143400060000207000000000000309020000000900201000300007906608004007700089500
005000008004200610000503000000007000028000040070010089340000000500900000000080031
600000070874012000003008000700800105000001098401000030000040000000209300000007940
009000070050000081000640300046000000000000517085000000000010408060300002090504000
000000007000460030050709000920000008000600200003500001000010000240000063600000902
200008000189000006060000005000070009050020000000009040000050230000700000827490000
800005000006800000000070300000400060009002000050000708001000540070000006904300100
000002954070600020200300000090000130006000000327009805000008000410050007050100000
057003001208000604010250000000070040600000000001000008004700060000302000005060007
050400006000020709300000020000000130020000000980015002008009003010300000600800000
060047020100000009405600000006800090000000008000010500700000300054200000900401700
870006000005000090400900002000470000000602004020000561060000040500000807090007005
200000000008105000010769050500092010000000000060001907093000100000800000000006870
073200100000010460600030200009800000002000000100000090000001700060000002400309018
075000000000800720000030009910000000004010200020000030800960007000040000500073640
604090000058000000000801000000605012000000000000020069802000503019007400046000000
000070030900000000804310000000803000680500040000000002040620150000001390050000206
080004075037050000000000200040900300060000702000107090020000000001620000006003900
000000506703100000900050200070400000500000000290080010300704060000000005000060140
402035000000470060001000000100700000000090005700003800090010002008060009020050000
003000000009004023710008060000001790000000106006000005080090000000160000400200030
000002800008400076350070000080900200040060000070004019062000000000090000000001020
000065000000040005106000070000000437800006000005401800230700080000000000001200900
200007900000206500800000003000059000090000200100000000050300000730904001001500080
000010000090003500003200740400008000070390000000500000065900070130070060020030010
680000000009000304000064000030020001000000806005190000900000020023070050008000749
340000827000000010708000009005140000081000000070006008004750060000000040000200500
004000800030080400000040700100000000605900000000500060003000070006134090080009001
070001000000000310000403900200050080030600120100008009504000008000540090000000065
004000920008010000000003014007000800030060040901500070000040000720000000000780600
050000200000100000400009607030004000005020010200070509700480000690000005000002000
001000026090000800000720900004572000008000007059010600040000000800100000005038204
000008200000100000070000503800000000043600009000000701005010004060300080002940600
000007006008900040600010790002100030300009004000000200800500300150070980009060000
000000003400750800800001752000600000769000000002030008638004900000060000007900004
009040000000020045406000030003080070090207006070050900500100004000008060000000002
050000000080000230030200001400000075900107400000060300060008050000700800000400000
380006070749000000010000890907600050004970001000000000001005300090010000600000025
000900000370008600901000020000027405800030010020000736004600100000090040000700000
004000092500001360030060500000080050200504080010020030000600000000058020000000001
000603700090008000080070060071000500850700410600000000400002030307564000000300000
060002000004106007003000040090000000000004090010007806086000900000705000002000700
000200500007000800090703000008000400004080306500020000060000000301000000900006248
000061000070980000000000430100070009063200000020800000000509200010000007502000040
000700000000001357030000610400082700006000000009005000000050003004000270080023406
000000230020035090800070000095000000400500001000003020004600008300400000010080070
030000060000030009007005080074000050000000000903041600000500000100708090000090845
600008100040700000702000005908003010000109208004000006007092000091500007000000800
600302800000006000008090560200008007007030000000020401740000000060150000000004009
540067008206000000073409000000540002000008000002000706030000960060000013100000000
000603080400190600090000000700300040506000130000000907912500000000002000000006018
160800000030610007007250000500000006000002000000480902020070100400000000300045000
007060053000970608000000900400805030001000000000000740004500000120006000300084190
028000000004080060030190500070800100000000026000000900080904010050301690000000000
300020050500100000091050020060000000000400203000000010020090008745600091900005000
000000400009060010100002650400980000020300700600000030200005000090001000700400005
065000000008060023000870000000905007300040800000030001450300080203000705000000200
000700009200040000600920074148003090090014500000008300006000000005009000020050003
000980000420000309000000000000400000502000010000000850000756020700029004030004000
030050000200760004000008607087040006060070100002100070000004005005091003000000020
080039005000040000900600800000400030178005006000010500000074000036000047800100000
000906800700050000050270000007092300061000000900003000002040500000000020015807004
010067000008200009000009037400000002200001050786000300000000065030092001000058000
080507000600000930090000000100400000000083400004200580006040071070301000500000000
008070040000800300703006008010000056002040003300209000600403001000005000000010000
000850200075020040004000030000700005007009000190000000060040090420980007000000001
000005000630000520000067001040006000001708000300000002080070400960800030005100000
500000006070950000004008000000300401040090060000706090008000910030012050005000020
001000000000030900900716400004870100020040000000000050390080070052007000000000020
000005002004700590107000040060070005009614700800000000006000320000006001000040000
006800200070601090300000000617090020020000900000480000004107000000008172030000000
504070000000001780002000400001820040000400008600090000050100630400700012000000000
000004380005007000000500200010000704800009060000600020750006803000700600004003000
042000070000015008000070200000000046000064850080009000403000000009500017200100080
210000000030000010400090603000063070080905024000008000008006050000300160002000000
081900400700050002002000705100005000000010000004000300000003900070090030360700080
000860000600700001009000080000500039002080700074030860030070000700956000000000400
005007060603000840000000000400050100000000025000060000070800601800000073520010008
000000840900050002002860900000000304305900000006080007060000000070120000000690503
071000400200800073400000090003000007090000000000060100006205000300180009010406305
050062000209000000700000800000048001000000630020900008400600000003490007500007090
000040009147000050060000030300005020000081005000000000053400012070019006004208000
000006500059000030700000000000059200020070908030000004100000007003040890000003421
900002060400530001001600009005000907600704000090000000000010005050320010080900000
602010000000000010950004000200706008080031960003005400008920005000000090000000000
870030000302050090000400001750000800080000020009000007000017950027000040030004100
190000080008100002000030050070006090060402038000090200500000009007001000030500070
090050001010300000070002805000000008002034700067010500100040000004000000085000070
000000100400602005507030089040000700000390008030700090020001800301000020000000000
000400203050000000002076950030040607067300000200007300900030400078520000000100000
400030509006500008002090001020008000000050780500900040900000000713200000000006000
008407000000905030600000000000076000025000001001000800200890700007000190800000340
028000006070050009503000000009328000000000000000105700090400008006007034005060107
000300000070050010003280709841002000000640000260000800000009002000100580507000000
000030000020050940005402000002064000098000300001700805370000090000940280000000000
100300400000801000000000508300004200000020000605000090000073000000600105007900006
600000230800300904200040080003008040009700050000100009050400800000680090000007600
100006000006400920000000047004600209608004000031009700000200000400003800000007003
010000063008790410004000002000340009901000300400000000500400100100000000090506080
000000300006250010000030480067010003080000040000000000810006030039040206000700000
030002004000037090000000830050900000700000000240000060470080300620090008000503600
100500602000000085800200400200000070000000000301096004000302000704100000052080100
000800000809060040060070030200630580700004602090000300000100000400080000570000090
005000000000023000412600000050280600600000700000090048000030000084000000007008091
007160000002000060100800407006010000500030800000500346000000039820009010000004000
070001006000025300800090000000000080000240700900007030004000062018000905002009070
000008610050009070000007002908000403000045007000090000500002000060300100070000300
060435000037900600002000000000029407000060000000000930620040003000008001100650008
000158000020030000506900040049003000002007300000080070060000720180005009000000001
070008000000045000020300700003000000040000062000907180800500000009006005030000200
000000300000107040904200100203009060005080000400070030060700500000560070050003010
000000160200050008016480009603900510700000080000007000000090400000501000980000002
000054000009380020081900005040000000010000300002006500006020840000009100007100006
000000380600470000020000009900060102000005003305010400700000000000006204008040000
006000000800056000000490000705001402400080700010020080100000600600038204003000010
700800900530060800980000305060400100000000093000000670000930000800004000040007006
035041000000300018080079006100700000006010700000020080003000060000007003508000492
090010605700086410060005000030009780000070002600000001000028043080407000009000200
060008002000010040000030090012000004038000160000700500003000910070002050400000006
087000604000508000000000050300000001090006000000200005060000810029100003000007900
000006070000400900806000040000060050100803020000001000570020009002004001060309500
480007032000080000000020094200000010000903000000060709060000000003040000075001600
000090000007080006080000290100507040450000000000100080070000953001005070000603000
600030000090604000007000200200501800000090050008006402000400700000058003800200060
084003000007006390000201000802045100100020070060000000000030600000007210000900003
050000807100000009280400010000068005500040000000010400305021000000030170720000600
000002007009050300002000500095100000080400201030000040000010020807000604000008003
005010847001000006800000000060000500009000000537804000006000000904500710000120003
000030670600000000500004103040928000100000000890400030200100508000005090000600000
090071000000800620000000700518000000006000900029007005430050208000008060000400300
009000500008000230206307008000068000030402000602003005000000900080000400400090072
035020006000500003007000100000089031000000000600004000090040005010060890200030700
061000049090100005005300600004005000000008920006723010000200400203000700000000000
000200006000009050235107009041000700008090001700000030050070000070620000082005900
008230004000000000000405068300100092007000685000000000000800019050300800004007050
700000049050007000001890005302905004000000000070030600009000070000460050200000000
000063100005000800320000060002600050000800002000005970900500000070200000000970630
006803000910400000020050080400008000000000790001000600009000823063025000000000050
200000310000430000010002900008050000470900000301070040000500009000000435900000260
700000008000901036050000000000300001019008000500000042072060000903007000000080409
700000020100070800080061000000040000500200603609005007003090004010600050000000001
000004000790000610364000090570000400980000060000063070000530100100089000000027000
200000000091004006006008201020409000300080000000000640000020100650900308000300700
860000000000001009005040006003009004680000030000400010100030290000020300070005008
800700600003010000007026900034005091020000304090400005000000000000970082000000570
094000050000060400600790810872040000000300000040000000080007190000000004006010305
017000090604700800583004020006002000000800032070300000001200006000000000000093500
700205008000001000030004072000000000000062800800900421247300000009000000000008100
730040600056000800800000070100000020028005001000800006000500009005100200090400005
000005080000297500200000047090400010300560290000300060010004000070080400006000000
300060400000050000000800130609200300102005040500049000800000000006090073210000500
006051000287009500000000000000000004320005807008470010000034900600010003030002000
008000605300509002204000000000003080500080007000400906003020098070040200100005000
000900070190005008050070000020000000800093005700000160080501020001700000000000301
310050006004000080070300010500180079000607800000002060400020000008045000000000900
030000000024009086000620000401000500080070001060500030000810005000040800000002607
809010070000700200000000600000031560703080001060040000407000000200000800000098000
000000120004901030700000008400000087001070000906002040000020000100000300082010005
070000030000021004000907005300000070008000000000050820620000300800700406700094080
500000600906000804700016000000000000020003007080007290000300089009401000000500700
800147300200050608000000000000000035003000702610000900780900000906000000000082000
002500090800001000000600007050000004000100906001940030000710409080009001060200000
005600080700000000000240090890000000340025000006700000004590003000100000050006804
500000030004910206000700090000000050080000001003820040000307080065001000000600004
000062007040900000009007000900001045005020010420056000000000903000800000700005081
004000019000600200030910000007000003000150000350020061000005000871000020900700000
000347000000025830000900005800000040000460700006002000700000000905700008608004501
020037050053081000000200008810600500002000903000000000000006000000350027300070106
000080004091400000800502700000000000004359000700100209009070081000005070500800002
000050700000006840000800030700320009091007260040000000800400510070000400013000000
003000005072019000100003600200000010000000800000300000005020360600400008004750020
000100970000000036030000400060750018001020000000600000003001000140803700508090000
000700050900081000000000084030000010040000800000060020820010500100090700004052000
050040020040019000001000000004000007300270005000000490019060700020050003000000006
104006002300005060050300000037000050006079000040000700000000000000010948020800100
024000500000400000651000800003000060540003000087960004090500000000090610000080007
000100006009640000200000078008000000600201000000090004801050902320080000904000800
260050000000910000000600900004080320000400080020070100108000050300045000007000010
460005703000000100073400020008002614010090000000500000020030509000000080000800000
080700500030600400004000903020010009100006008005003040000390600903007000070000000
800000000410000062000000304000000906001805000704600000000006207605310040000042000
000700140004000000003000005000600081209043070008000000060379000040020000000400032
000070900007004031300050000506049080010026000000000400002000000050308609680000000
070006040600000000008002070902000001087500400000800300001030689000001000090605000
701020004000000006090005000320800107500091000000000003050040200046100000000000800
000500000096002008800000320000027903400000000000301860207106000000050001301000000
940020006000006400080000090009000000753000604000050080000080300001062005200740900
000008071001000000360000020200005100010006048400800090020900000048000300000060009
029070061008094020000000000040005002030009400006000007000000006002060000010080090
000600009004000508600070100030000046009040002200003900000000200006800010702090000
900060000000004201060000003000600000300027014008050000690080320002000907007000000
000000042000000800800240671000000000070800005140700020600000000700130000053427000
020000000060085021010006930002108095006093000007040000000004002000000380000700050
060000000700403160010068025080004007000030050300020000000007609007010240006000000
000200031000600000071000690300000900006050000000783005060040500032100000000060400
000050030010029450000708006820000000094000510000000900000810000008300000001007003
000800000205307600008020370000700000007408500106009004001200006740000035080000000
700000000890000005006000701900020004025000600000650000200104070000700008000300490
700200003043100006020007040600000809080400000070800000005060000000000021000005000
000021004074009080300060000000602000050000900000017300000080003502000060906000047
009042000070000006804150000000019002000700060037000050040800070900006030006500000
420001007000000900000500000008070300005009004003000180000030600070050000090600002
000030005000008070000907200206405000009070480000000002007000000001000860680502100
700000000045000208002000035000380000050210000200000903080090120000100000109050086
002035000000200070500100068080769000000000100006000000000000807090001000031000040
086000003400003000002500000600000800000040020800051600000800040709300008060000275
703080000040000000000000009005007004000042001360000000007021500900006702500009103
000004010100500007900000000076201000009000030000000208000020000457006090030010005
041006500060010003035490080000850000020300007010000000000000800600000420980000065
010008600200040008070900000090003000001006700000800050000030000002000406846007009
000060000034001007708305000000008024005600800009000005000100079060057000000026010
000183000028000005600000700010209600000065000002800003009030400000790000003001050
867010400000000000010042000004000012050060709000009000708000300000090001300000007
600000080807000502090000040000009800050820000060005020040507600100900000000403009
502000090000050000000800060403002000970046000080000000007013008000000620800094000
000000000560010008000458071005140000020000095070000000900007006050030702100020000
000080002004006005100000700060040000912000074070000800050800203000600000000091680
000090000100000500003700409500000601020005003097046008000008000062007105000260000
029050800008390100000020090000900000760000000000100360000006034070005200003010670
100580000006070005008040003000002000000000002309100000640010800700068001000005700
700300080810600000000100076104032000000000000070090400000000704000204001090008200
300604000000000001000900050070090005904000800000008100040200600006700010019050003
490000000020004500030090708070900400201000030040010000008006007000000200000500300
003560009075003000020008000200001070080000100000000906009000047058610000300000000
080070200004000071000310000800400000020050089000720300041000000000906005006000904
000067500005001000000300460003006720009500006000900000406005010028090000090002008
070080600030010200800000017008000004000000030700002060002009005100800000600170400
806000013001703000000100008000400000300902000059000420200001060030006800008000900
780000040000000500002183000007310000628000003000009800100000000059000030000850600
000080200500600000001000090000002000040510003010403807186370000004108500000000000
000207009004000000008004010000040800027300600405000090000036000010000000080100702
301000000400302150500000009675000300100000000000480000000009062003607080000100000
960002308500000000007004006400000070000030600020000400030060000070000900001007020
020019006000050010060040000002000005300800270000005080780000004500000000009067050
007109360600000090030040000800090005070000030003004080009650040008000000700008056
005080009000514006000020030301002000920700000000000140060008300803000000000000054
006380090000060503049000006000000700700000001000204000900100300004000065050700004
640020050000600300500009040050006071200095000400000000000700003302000700000001002
903000001040053702000040050000200590020000004804100000607800000500000000000012000
000820040000000030004009800300500000042700180057402000073050004000007000681000000
000061508560008000000700100000002900280000000400007000090000010003900620008030000
000080700400200003083760000020040050001000300000105600000092100019300000000000037
000600000340000010000000059800075004020000000007400896000500000709002060408000007
000807000000200065000016900600000028030000050180000400472000000060000103000040500
100602008500004700007000000600001400002007009300020006000000500000000684000059003
900005300000000000105064080040080003000000200070050009004000050690000800000107000
000000003000008260000962058000000010460800000900005380004017500006000030000009007
000240000000000150043010007000000005005903026000002039007000000039080000020407000
072003000000040000006007005307000200000000030010082060000006109000050006050090300
700140602000000000049000700653000000000000208007300006001200450480001000000060000
700000610000800000300090002008370500001002009200001800000960000026000000400000008
000005048009006000010000000506000010008500470004090300000000000075009006000370001
800400927400000000010720008700600040004010000650080000027003000140200003000000005
001003070280950000000000100003090000009080000060705000030800002090000010000207060
040000200200004500070105000500362980080000000902000003097500000108003004400700000
004201000900004002025093000006000450700100009102000600000000740400005000010800000
000020000030100746040800000000000008090400003000003400250009000001200089000600001
020040700700600208018090040100000030050010006006008900502400009000000000000006084
600040300040800002000070010009000050100000000500020906000000001004160000007003008
090301000000040080004950100470000010800000905012005006700000000000007001059020704
006000000000006070320070000108000052065003400200060010000007000000040700040500360
100700250050040000000006000700300400080405090060080000000900082000054903001070000
000400012000059000008000000500040620020590700409006001000070040004001080900000006
000040000031002078780000004060000020920000300000060500000607800000500001005009700
000090000400625100039000000000000750010703600000000000060852003050060200001000070
008060000005001004700002080009080065050040000000000049410006003006900000000300050
070000000009002000800090005000100008020070400700058069006200030000000007190000004
046007020090640000500000040905000008010072004200100007000000800050001932000800000
090000006085070000000200030360010700009806000000000089000000078000027300030004000
705200009003090000600010000300004068200006007007000030000002950000060000080130400
470600800003000750800000020000804001000000004000050000000400200700105600004030007
980000100000090000050603000010400030600000079003020000000100000029000504030004007
020500000900010706500070020000000009400600003000050410186000300300007800000400000
000604500080070041100000000020900000700000060000050003090020000276000008400030010
000900002000007500006105000067800203034000050800009070080030000000001807050000069
000900500060400280590000030000008000900025000070140000300000042005090000080007006
508700002000000008140900000401070600000103900000502000003000000090000007070000053
000809007001006005002010900078020000009001000260300000040060870000000020000100040
982001060000094000000800030000030100000000090050040080400000006003000950071052000
086000004400370908000000320060850700070601000000030500000504000028060000000000001
005020070030950100106000000000039010008000007007600024400007032000400000000160000
000000900006000007018067000060500000200300400501000083640003002005070300000008500
000009000200100005005600100720060090530004000090003200040000020801006030000070006
008600000605000007079500040080007001001020800300090000160004080700009004000000000
000000010860030000000009053000004005040021000509080000000000000700012600913700200
130600004700030520000400000009000070050000003040500800000104200020860001600700000
006100000050900008002040030500020407000009000000600020009000080200005700060080010
004600009000098026020000800300000250000503000708102060000070000106000700240000080
000300000009020605000070900000005090026900030900160007000000000834000000070000528
057000000900000007002540080010000723000020000090058006000670002070200910000000000
060009470000300020540700000000007240400000000009280300000025000073000900000600000
009000000030070040064030501200800063001900000600050070000000700006095000000006980
000000000510000306000507008408050000300009070000406009045000830000005100000090004
080920000000680005005000100090008000052070000000000400400009001000500703060000000
900003200000069000601000704000708000000030000080020160000000000209084007005390000
200080000803000407970400000002070086560041070000000000000029043000056010030000000
390000700000346002000000000008003000200608070509007600000020005040000089105900000
000000875000013009000702010680030200000100000020600500000007002200000480409001000
061800500250603004000050008000170400000020000003500000000000082070000000510000009
000600000890005600000902701006000040000000000204050000000104270080500004300070006
509000070000019003060000002084030000300807000000600304076002000000000600100500900
070003900900020000240006000003001008090400000005007000050700002000500740000002300
405600700300070800080000010000203400000105070609000000800000100003506000060080090
600009003010300005000000600200000508004700200000500430020010000098060140000908000
000000910000300000070280000940100023086002070020038090000096000005000002004000600
500000080420000000000000609200000000000032106000401390004590000060100000003000800
060100030450008000007050006095600008830000400000000000000203000300500620102000007
002000080000321600700000000100000000025900310000004020000000007080002030009607408
180004000000010900000000320209070030015040069000800000067000000900000007000002010
000003000082000003054802000600000000030900020749060100000050014000090800000000607
000000004005000018070000200420803760030012000700000000000450000000008026000100040
600000800001000542000084000902000073000100000857300200090000000000930000006721008
000000010100050490050000307003900000008200060071000002000042000002001000000503900
000080400070035000081070000009050000000000640400200083096800201040000500200006000
000700000008050300000020075001003200009002001300860007064080020002009000010000900
070401000300097006000000083040300005080000060000084030005000002000508100010000000
000000900400000001028310000052040006040600803600007000900020410000005000000400028
904020007010070005020400000008700000050090760000000024006000000470200090000300800
004030000900000006368000100000000020000068000072000009600840000000703041001500070
098000003000070050000300069002805900000900000000027000370000086609002500020000100
037000000060000590000000400080306049006701000000002800000473010200600070000000030
000090061070080009000600080025039000000000024800000000003070012507000800900804500
140200006000007214000800000000103020000009050090070600456000107001030400000000000
000510070000040200000703000100209030000000001009000758050802000607091000030007000
603200000100009208000018600007005020010080900090003500000000000076000309000090040
000000070620007500008000003000300140000200000064001007000000080010402300900080005
304008007000200095000000000002700004900006300038000050803000020000000009197000400
380000020964008000002000000190005700006907000000000019000820000050049001200000076
009000000000000070802703510003900000005806040090004001040001060500000200030002000
005089030240060000000003000100400000020900500006037200010000002000300080700001350
003000000000000451000050680080400320036080700027000900000702000010000000905008000
016000000005100007200300040002080070370010000000050086000009400060000000900040300
020008000800014062000900004650000000010003080700000056030090000904000010000030500
400002009910400200000031500030700005000000804096000030507000000060204003000000900
000045000004700000070080300600009000093500000005070061000600070310000002860004000
000300010420600700000070000105000068060000000072000050008104000000709100600830400
200003000050096000007020081000980400090064008500000000100000809000000060008200005
010009050600108900030000040080005000001000700304806010008000009000201000000040070
052640000080500010000000026840002000005007930070000000100300080004000003060050000
003400006070800092040702300020600000007500004000000700001000008080004500052008647
006100000000000006010002000000801020000040105800500703030007004005000008720300500
060800000074900000890000026006000700408700601000092004000001000003040005200000030
000000002040009060002405080508000000009008004060000170000000609000206730007000040
060000700000001086700900002900007000072080030000020000450700000010860070000100490
000900100000050002000000840503700000470008600600009005010005020005000070047120000
000000006000709800700000094409007002060401000801206009090000015050000208100060000
000300102003009000410006050020083600000902700801400009038000060609000000007030000
050806902000050000600000305205008000080100000040020078000060000810000603900700000
041000809302007000000000000087902063000000000010060050000500000205003007000078001
800002700000003000093004800700000400000708006056000000601900005500040000080006970
031000000060005000004006080098600000003400061007000530000004007000560020000010009
501040200000000400003800070600007000000410300000000091400570003000003020030000068
090002000500000830300000007900000100000650000080000400809030020000400003040097086
000020400407010025000000390000080000004300050230009000000000140003008007060070002
000100065006000010700060000080000500400700001000003089030200700000010006605070008
001000080008060000003000209960100050000000071020800003000603040000000000310520000
000020004003006750007000009500000080008090000070100905090002010000005000082004007
000900100617000000080030040075001000000000012900600004700008030060090000030000470
000060000000000003607100000005090410070001090030007000380500000001900200900008140
035008200900000030000057000000705010600100300000009400508000000004020603000000002
809050004000000005020007300010000000030000408900701000000408060600000001000290780
900000020400000630006003050000000070003400000005079103080000407090000580000061000
000502001700000400300000005860001520000020710004008600500400060000030000000215000
027090300480000500003050200060027008000000020300000900000370050000562190000008000
300000200000180096070050000000930002904000001002716080006000009401300800000000000
060403050007100400030950800009508000000096000080000200200000104000004000004070030
000304070800000000069000000900500000004100003020000800302970045040060000000000010
000030000570006020204001006802073100000000000300092000000008904000640075000000300
000030000000000500002109083900070608018000300700900000680000000007061050000800040
030700500000010008004800700500060020000000000083000900000100000020400003007005196
000000820003100000040000509009260000300000006068301070010607080900000005000004000
040060000090410003000208700706000000000000080015040900000120009800000006000005004
004007200705090000200000503007000000800509000030200000600004080000080490000006007
008000200900004000000020060070003008800700052104009000000590070000600009007008045
000008030601000004000940002004002000018590000706003000040380075070000600000000001
809000020000697000030000000001800736000015000000040100610030500900000200002500400
000800000160007002200056700000030509008000000000079000600490070000300000400000650
300000000504010020000908000012390007000700030000004002000021048460030090000000000
020006800700050000090040050000000720007000065000300040080090002000000073005060004
000700008097108030031060500060500090000000000004000263006830050000020000013005000
