Seed: 1640217634
Cooling schedule used: t = 1.440000, alpha = 0.999900, cMax = 500000
510003007600000005000040360007600803000009000000030010080050621000080000050001070
010060002700080010054000030820009000030005069001000070000003700000008100200000000
000040009810000720000002061200600300060000080100003000005000200079000008000009600
000000601030040000059006300006000009008090005900000400000702000300000002042103500
007400000000000040089000602000960000003005009000830074030004700920300001006000080
800740503509030200004500900000000000000003027900001400000400380070060000060000000
000017060000030008700002400040900602000000580030000000100000007074059010305020040
009060738400008000500079000350020070060000000000601200000050080000000040010800006
004090060000200070530400009020900500071000300009002000000060730006000900000300040
007003602060704003090000040000306800000021000008000010002090300053000000700005000
070000600000009040050610290000100000830000029502000008006900080000080010000500400
708045000000200030000060000000000008002010000019000607200090003600001200030007041
002450080600070905048009000030000000000200000009145300000063008005000260900000000
000080000502000740001009000050002060004000000000490050000000200400850007010203006
000006000000000058000092070400003601006000090000020034850900000700008000004510003
000008000360007510080065307070009206000000004000300050930000040005000790600000003
000780500090000000021000006072600400000073000806000030000060910060000003005910200
000000000000036000025040000150900020700600010009000004038500400000020003004070950
006000000100030200470080060053700000060000801000000470000007032010004600608000000
010820000750000204400300006200030000030600705000007002000100600000049000008200900
300001000790000000080009602004060259000000000200000410800400070000000003009025004
004000090000090006600000007700300040050710000000005020900003000028050100071000200
000000020908000500430082900000801000000700000103004097000000000085016400090420100
014000000790000003000800604000400000002009307800706000089000002200000500007053400
000300080700280410800009020400600005090000000017090000000020074600800200900406000
000000020060050109000006000040790083009100050602000000700013000200689000005000000
500460000091200008080000000000600700400103006060004509800001000020900030009000050
008700035000200060306050800000008400005030100000010076000001000210000000043070000
000000020960000000000900514400000087080000100300401000000035700050800000010002060
030100000006003000004860510020000900070600005003004000000400600301700008800050000
500060000020350080800000009705000000000835000030000200176903000000080400000600900
810392000009058000000400000000920600000007904000004083000003108002100000350000400
000600000390007008002098000700500002000040080050009001200000050000000034000712009
000930000003005006400200030200000805800090100509070003000000400001300009000019007
060091040104006200007000600001000000070050000300082410002568000700010050000000080
300000700098007003470600000103200050000070080600000000800000600000300418000065000
900030000270000050000805000050708000000900103000000000301000984690004000000000010
080760309600008002720003600500800000900100060000079080000000010801000703004000000
790006002000000905000080070040000020009300000060709050020078060800000400016000000
200000009000070000108300020900016000000900407000003200089040000040200080020000150
031000009000000000006901800300000070070005960040080050020500007007190002008000100
070300009000200010905008206604000030020000560000000047200085003000030000400000000
000107300300000000406000008900080006028006070000090000000001200200060591090005000
450000100000005002086000004060001000005430000010080700000500697009000010000700200
940000000070900008602070405000000000000020501010084030190500000000030600000200009
000100008040008050000250000000380004090401006800000701900500000378020000001000600
000602001700000000006034050050000300000008000408070009000000500007000902029005006
000605200000300008800000400920000001080402000003000504096200080000810003000060000
405300090000410000300000000000050000000008370700002008000000730006080509050200100
000000006607005000000803000000000800230000605000090040700030000001004092326000001
000108004709000020000700350400361200007800000000000800090000003000600000045090000
000070200900000300000900140001720480042000000006050003070100000630000700004000060
901400000080000004700000950000000080603000095040070100000040006000203800009000512
570003060800000042006090000200050000000200003000006084900600108007030000005420000
280400507000090030000000008000000090003000600700000002307000006120804000050300200
078000000200090000190000078000200090020001000003004001000000200740020035930506040
130000060000004051087020000000900080078050000000000009000006410006007030890000670
060300000700000000000405009008003054004007003070000200003800000000000060587020000
080002000700010253000340000150080006000000100476000000000000902004061700030800010
000610040000400100409020300000206000530000000067000000000190060002030700000500439
180052009034000005000009000000000803000020010016800090008000057320706100000003020
010000600008000523000703000309100070002050000800007000000040000025600001000000805
000005047030000200000290000008010562000000000010070000240008073070003000000900058
900000240680007900040003007000030000050046000190500070530008000009000002700000015
200500000006000900900403000500009000000645200000020009060700003008000504300001070
030000600000230050800005070700000960100800000040701000050020093070406000004003000
008000500503009200009000100700820000000000407001300086600500003800042000000700000
005070000000000060308002040046700000000034000090000086009803005000029007000000020
000000000600300005050270010030000402507000000010054006008007000400901000200000800
920070005000900000010000030000020003040015800009000001004000006832500040701084000
000062070060000002001095030035000240000000007000800100080040000300070015509003000
000207000900340002000000790000500010000100300050029600006000039002000500740038000
810300007000175000005009000900000002084000050700810930100030080400200000000040000
103020000200406500090080002000360001000000060501000900070005096000078200000000000
860000000090001003002090000000006040000002017173000000700508000010020890005003070
000001006000957000501000000000400903030500000600000000305800100007000200084700500
070000000000900004305000700030000800090605000500010009000090506006173040407000000
010040590020000000000578000000000100079002000006000054005000001040980006000006020
000890000000706030840000010780000000506001009000030000000000300000250000005080170
204000509009100700000006000000000970100000004003940000050080010000320090300070008
000027005008003000026040008000000800010004300000060001500009000000075004003400107
000000000010300002700000860600000000050010670007000400008400107002805000090020008
000900000048700000030020400000008004000300900090006000002500300005003060100000082
005008090100040000230001508050003400000000075406020000000800000670009000021000700
070900060000801050900004800060000000304008000000060032002000070000700080700095301
006400000008706009001080702030900080400001006080054001000000000000040508070105000
001070080900000710200080000090810000000030009080002000000001025607500040040028070
402006900003057000000000100000020009695000000700000400000000030901080074000200800
003000000100009008000000274769000000800040000000360090000603000097405000008000100
000000700004060009001702600048090000000103005309000000000006000200800017500020080
009034008000100000000000749000405060000000800014009002600301070002000006000500900
060000200000000050001203000050006003010040500800005900076900102000000000090807036
180032000000580000006010070000000690590000020008000000040000100000003062001406700
200009054006007002370000000000000009005000030000000548008200007009105400700400000
400010050000007920000506000000835000007040035100900000060000009900000000004020708
701000320000000006205008090002003000049002570000050100070600000020000004108000900
000050200900000400005301000080000500500000600010080042007006900000003070053092000
004001200800000090025006030000000703503040000010000000001900600007102080000500400
000320600900010300030000085000000000000604090300500400009006002000100008610042000
008610000070050600000000508304000000000000027002003900060030010201000090400090000
000085400980600310004090000000050700300000001640071090000000000005009800100000030
100700094000030000209008000000060407000000010800002000060000000020340080700000620
400000820090008000060000004002015000007003006150600000520800000000050061006000030
100007908000095020000002140030008702700000004000000000600000050910400000080700001
506000240007026008000000030035000004000080000002190600700008010603000000010003009
000600000640500000080003061000005040000008056100000072905701000760000000010400730
800701000000090820100006074000000903007008000005200400000100600000005000203060090
000300008050004900070090030060000815000700000020005003090043701000000050640000200
007000001000009800004600020005800610700000308080071000002080050610000000000000709
000030010080600000000000379000000006000060024004701000020070000803000050650800200
460900000001003280008007000000000028109700000020010900090000305000000060040530007
100000000409018060000000790008000300002604010040380000014000007000060003800500200
960058200020000000508000009050040000000290010004000326080000000006300005070680000
800015920400006500000020000005900060900007080600000040000000001037000650040000700
690580000000000002801000000008005003000640000200000014529800700007000000000710040
007005093010700050208010070000000004040090010709100020532000000000420000000000001
080934006040270090000000008800000100001000030000500089000000001569000004000080200
000000902103000000006017800000082005030500700000040091400050203000800009050006000
004908000000007016090005070009000020602503000010002403400009000580000002000000001
007000083000700000004201700090000000300000160000500002210080000800014509009002000
000006017001890000000004050780600000400000200000045000870000423060073000050000100
007043208205008001009002040900100000000090100061020800000000070000085604000400009
500400000900050030000016200000200800076803000380070040000009050050000001000620000
000730009000000600000120000030209001700300060010050004859000000003000010001000805
008065003000000200056300008070000000003708000900040000004001007020000000600809305
900000840002007000410080020000000900008034000000600753000740000160002070000000206
002300708000000040017000200040008000090040800800270000000500006000004015008036020
503000000000300810008002004056700002400060700000005000001036000004090056300200000
070080000002000840010090002000900700060100004000070580003400201005000000000000003
800020000030008007502709000050400001000006000000003890400000380000002506907000000
003000600080020005054098023000050900900000070600000008802300004070005006000000000
008470000002008070000000040060000801000006050090102000001050300070040060500003700
000000000000860201190050700006090340070006950005070006040000000000000000067249000
005000080684000000000600090320700018000900000007005030000072940001000050070046000
030000100000007089007200000100009000090876300006000400000000000000302006400100200
053006021200000000804005060000000400400108037900700000000080000000002009007054000
000000000006500102093004000030000000904008060000030085050200401100000003080000070
100000300300600780658000040081207000970000020004000000000309000009042070003008200
003402900000000080800100002005040000300000240490008000906070300050900000000500107
800070230056900000030000000010560004265000000000180000000050000920007600004000007
038000009720000000460000000200040006090050300000200780004108603000005800080600095
100000008000630900000040106060300200400000005700000080008004000000050000974008020
003000080002010906040708000070000100000060000089070050490000000027801000000002340
002004506300500000000090100600000005020600010930072000270009060090000000000016400
001054000002080413070000000030900804000500090090008001000070280080030900000006000
002000109050700030040000500720000000000308907608000040001900008000500401000021000
200600049108000302600000000080000000002509000000400803007010005006000030009060027
040002907560004030000080500000060000000000800075300010003000000000010002007608100
900010200500360000000007000006000300200100400040500001100000062800009000009750000
060010000000600007309200400010005900006009000050370006000000000000000803021004500
000040060420560070070000000090410000062090003000070005730004020000030000608000010
000094025200000001004070006683900000150400000000000300000020160360005000000007050
701000000900080470000020860340600700000000300206057000005060000000003040020000100
004000080300000900850004600000006001007490002605071040070000008500640000030000100
070000200064708500301000000000049800000000002400083600090000000017400003800601000
000053000000000004000070216040010080805000090000040000630208000700000800004030000
010005000800000406030000008007000000046072059950010020000001000000300102090006000
060470000000200000034059000007000010900060275050030098000000000001800002680000001
100000050000100000040050709906002000301000420000000000078064000400009002000010005
000000050009040000060009001090000000820060045400003700100200590050030004080000073
000070009100500030020000040005804070018090203000003000701000900040000000502000460
800040000009000630034000050200070008090000001000006900006000003001900500305280000
001009000050200400090001035000800004100000000080945020000008200865007300000000710
030000000075304009208000700920010000000030205000000000010740090050000010000690400
000700200030008004000000060050809700706000020080100300060031580000600000300004001
000000002002700040900000370000009008000000100130000500000670920700100000008203006
003498000600000000000200904080500001000003002000000870400600009200000008006130050
000800000075960400600000092906030000210000076040100030000000810000500000000094000
030600004097000610001007002000508400040009005000300900020000007900080000316050000
030001005006980000000030000410800200000002700500400010700063000108000600000700002
070009002300800100000607030000000006000003080002090000030000040005102370091040600
030000150000900000600200830800000005000007300009000200093000060000094000107080003
740500002600000030053000000300015000000000091020007400900008600006004000030270040
804006000030000070000053004900300000082000000000460901000005300000020050067900080
700200500000167002000000006000305080008000000200006900006012004000004605590000000
000000000500027000420350000108900000009006000070000300000108094000000006600042800
100000850000300020000470000004000000006102040593000000700090010000800003000006580
040000300000008000060004000090070040803090007000030006004060209200007160000000070
090000040000080000001000020007006009000000072602900300900005400050001083004002500
000000160200604007300070000700500903000400602002000000009700001040001300007080004
007000910000080360006301020000000700000102005600503090090000600210008000400000150
009000001800040000600002043020534000000000000060720150000903704002060000500000000
050860070073000000000000100980004006060300005500078000090000000000000509002007603
000070020000060793002003000600000000000004000810500400000097800008000071201080030
800000003006017000020008000708003950200005004000600000012400000000000060005000308
000000009004090160000000050100008000062010004030700000700001400290300000806050002
008064200700090430000000600000820060005000108600037000007480000300000000000019020
000000010005630040000900007090020000010000803000000004400200006039071500002050000
000030007000006000536007010000000930600710028001805000107200000009000000080040090
008500000230000008006300070900461007000000090004070006100090000400007062000080500
200400091800000270000100003060280000009004010301069004000600300000002060075000000
010000000000500032700600900046700000030400001005120600500000200000879040900000000
900000640400000703783060000060005000040002300000300209008010000000059100000000508
000000000704300890000000532600004000000050400082700000000090701307502000000040009
060001000000503010002080060005000007200005100407000000704208000900007000006900500
000000800002150900574000000006000030000080052900601000020070060010000070008006200
800006100497000060005000000000040000000002370000000029080704500000300680140000700
040070010000009006900310000002100070185000040400000000000067900006003007200000000
060200108530000000000710500200000003056008400000300080020400700070090006603000042
090000410001807030020500700000000600000010900004030080000060000062400000100700090
000000040300600000012000500060000009000000200105700000003090080000005024040000106
000500020010027000280064000009003087000005000071000590430000900000030050008100760
050000000010200000060390002100000030709006050000408009000601003000002900005040060
000092030700000000080000500003000041200100006010004070530020000000060400000009068
700000000000750102040800000900010470010500000230000010000900020470160500600080300
004000910000000008602900004200758030000020005006001800000070000070100060100094007
036080000000000204920600000000004835010060920058090000307000500005706000000300600
608100703000020980300000000010000090000000510500007004004050000073064000001008009
010024700005000400000070060008007004000053000027100003100000005000500609002000800
000000831800607000000040000023000060007900020000860000700100004960000700004000000
583402000000580090000700040700200160040000000006000000904600005000020900025000800
709001000020500000005060000607082340403006089000000070000837900100000004000000000
000504900000000080030069200074000009090020300001000007100000000049010700000205460
035000007008004001000009800109006000020400700800003900300020070090000050002001006
000000312007001004005000000600002000900350600301090000000409000504000060090100007
050408000080002000000030001610005070000026003000000502040000007820009030000003800
000090004002003900080060023700400000030806200000007000006001005907000000100000700
000034050305000078000000001020060004947050600006000010500870000090002000000090020
009700006700890000000000009000001025060380000000000400470900060010007002023000090
000026304050400010000000057800207000000810002009000000040000600006042001370005000
070300600002005040800079000905020003000000008001040006007050000600002900000800001
090000000500000076070000210603000040000030000001905000009820060800004030020500100
010670000000000600059000730041000070000020003000109200070001000930007060004030050
602100009000000508050400060300004100000309700700016000100900002026000000007000830
071083000000400000000025700008004070310002400050000060083007900620000000000000504
000000000000501030080903520000070002400005000003080017008012000700600100050007000
075009100000070050000040000000130805000090000054002600310000000020000000060000973
000001200200000003003000006300800000090670040000000605700100900069003500080007001
008000004500082000004000107020000000003008460000930008607040000900000000000300500
000060314040800000000010970009700800500000206200000000000170095090500600007640000
000010500000004002006020007000700800782000000309640000000000006090050030007300201
000910000100800200000006073050000012080000040007500800000050000002000084000407006
000007000000009024903080000005003060700060000804070900100000006007010040002800000
027060000900008030000000500009016780000000600040000010003705800804000209001004000
027100800034800000800050000068000450005080200300000070090060000100020003000700000
000000009400003870109006003000802057001000000070030060000050040790100000603000000
008000000000057090053400080700100400000000010840000007060000900000560030004003800
032600004090010000006920080000050308100008005400000000005001000060070800000000020
080000000006010200200009001000002400000005700537000008008004000020007940070390050
000086090004003000000900700900000013308007000001000000600009405030024060200008000
200600000700908003010430090006000920000000800304070000070000040902500000001006000
000000008680100700700000000200030800006001203400090007009800005000000000050046090
500160080607008000000005300078400006000050400000083010050640000100000200000027000
071003020200000000605020030000009600000060004000001500010000000086075900003100400
009000000000348700002000801010700000400100070000030050000000008090050000080002309
090000100501800002700100380805000014000600800000000090100748630000060908000000000
000900310004027000000040000000800050050004002010000607000510000307060005000003080
000060003080030000003100007000090081460000000120000090002905000500004006000000740
001000000000720000009008060108000050600500100004600000040050207070290003000060004
000080106040009000080700020010000300023600000000204008500070000006500700000091000
000500007602708040403000000000100002080006001000040000000000200001680090009020174
050000020000817090010000700090000003002050000080240000509120000100000070000086001
000900038000020709070000641008054000000107004500000003003009007000300000029000000
009000005020004000300006001000000306800200100065000007003000092000005000041907000
600210080030000009000043000005090000304080017701000500100004950000000040006007800
000040000320700900100050700000807096800200107000030000009000610057000000000006004
000000007014030060790021000001060000023500086000004310080400005500000070000000038
000300060000020001014000009009800000000640500500900002000000950908500300040000006
910000400002006800000002010000900600604050000805000200008000000030605040450300009
060000004100000007090000020008004030000100700200007000600050100005319670800000400
000000050060900007070000019100070803000000075000053000001409000080061040090005000
709000000002000410001080070100600030034002508050000000000700000000031009600009020
000079000000300040700008035000805000070090001000020906050004028800012007004000000
010720005070000000806500000000000048940000600603000010000060080100090000084010260
006020790003000000010070004090008065580400009000000030000300000100809026050000000
003000062010080950000006800008000000001240003000301090026400010004069000000000000
004000060000020000030095400000010209900000000050430000000008070200900600500070001
000080040730006000010042003400800002200005400000000190040060000008030009000020070
800009106094005000007000900041000060000028000060500000020000308000701005070000000
800000000500706320000020007700603000351000000000800500009504600060002009000000003
709200000000091500030080600004060000800005160560000940200007000900000200087000000
470905000002001000000300000009000610200010047008036000530000060000000080010020004
340000700000800050010005000020000047000260000098000600000050900001003000000090172
000003514000007000004000008200000000400980050719000000000050000000402700000090643
000000340000194000002063700000000004600000830038009000001086009200000687400000000
020900600060050040300460052005010300039000010000000000001000780700000069000840000
040700008000000230000800090703000050500020000009600080800300016000061000005000300
000500108800000000600120000000670000080000000070042506007001200060000070021009034
000000900900000065005027000000000614042008000530000700000013000100080450804006000
000000390900400000003002561031700020000008630700004000009000002604005000200000000
930700050040900006000350009050000270003407000000000001520000100600090530000042060
090050000406009800000008020000700651500000070700600300100097000070031000008060000
600092000007005000902003008050004009300010002000000070204000900060000000170360005
092600300500081400000000007000400000008065049100900200006004780010000000020000050
100600000006400080000000700030004600007030000004000503000005406300008201045090300
700050800000600034004830000900406000030020001058000000500300009600000100000205000
000000001027000605001006037800000000073400009006700200000000900060040000209380050
100702000080000003703900200010006000005000840000070000000010002400500700050020630
807050000000070006006902001000730045001000008000009700059001200000000010308000000
800300700004000600306508000003006074000000000000470090060000000007050406008027530
000002060200040370600070008000000600509000021300109000004050800050000400100006000
058010700007050014030070090700006000309000400005030800000008000001500000400103000
000200000000008305900000067300002000002009406007060008800300701100000000000170600
600070308000000005000001926005200149000008000360010000000002000030607002009000000
060489300100000790800000000006020100700054806004700000005000000000310050400007000
040021080900000000000000470100000094082390060000000300800000700560000029000750040
000000904800013005020600000002000000008000000400560037065004000001270640000000071
000000005000080040403600800060002900002403010030010500000000720007008060100900008
000304058910200000000000900003005090009600000007001320000103000060700000800000470
201004709006050003300890000500910034000045000000000007005600002620080000090000400
100000024000006800000300096605007009012060000800000005000704000020009070540030000
048005000000060500007000430080000300010820040004300069300090001092080000000000000
405000000030000200000208040004070009000050010006012007680903000009007004000000080
000000003006180000712000600070000000000560708600090002009020400000031000007650209
073000010000000500400070080000030000890020400000608000004065000230007850900000600
002050060000000003070800005409000520000080900003097004000001090000000000957002300
005900000002000001000010407006050000409300600000080030000020076100000304000008200
005900000000400000007000450036080100020009000000007902603000080080204009000300000
030002000640000017000050009000461800800500000000000090080000902007000006920000401
000003249000000100007190000370000050001004600600000304000560000030407008900000060
006103020209000000400000080095041000000000600003600075020000003000000050070309200
070000060080000003001054000730000000000800000190005040000200104005300700010000086
000004700000230050490600000002000000000000005860107000500000321000010009083002400
051060900200300100360040000080037040000080009000010860035400000400000080027000000
900870000560000001203050000000000953000045000000900400304000079029708000800000200
010000080680004000007350002050090030400060000200700008000000400090000010000001709
000730000010008009000402005003000008050300600007000000405070280001009700000003094
190400002700061000005000000050000080080004003070000960608000000030010000004680001
000400600040578000008010450002000000100000260000020100090107020087300006005000090
806400070000060005000730000000000506730000019004090000400000000010307000305140080
057100000000700000600000008009000307120900000000008040090050801000000034061070500
000000002000000780073010005082000070460930008000500000000800930600340000000200407
000000050007090400006003000400000009200000007008200060102006080000304200009508003
028000003500080000900706010000010840000005000710008000200609100030002000007000054
000900300000007080601450000030100620000009000200000730409000008106500000070000000
020100060098000002100800030000507009069004000001002000002090100300000006050030000
000300800000007000203000540070000009000000060090200714000704003010009070008003005
003400000000009080005800930430060800500000047000001009094100000700000001006007000
050003600000000074000008050805407900700002001009600000000000730000530060200000100
000098000037500000400003500900010308000400020001080009010070000065004000000001740
000090200000000017710060900480000090009074060005000700090020600000010802000506000
040000012300801400000430900190000000004003000650107000060000708200000003000580004
000100000005002060036800007000000050670000008040023000007080400000005000893000001
000010000030000900001050006007600890006529000010000040000007000709003000000000071
000500800090070000002060007000820030006000070005000102030000926000006005000400000
001009200702800060000500000050000004900040107000200000000030905004006000000000800
070000530390070200100000900000001025020000600000850009007020000230004760600003000
080300070006005800000007045500641000020000003004000000040000300001000607308000020
300205000000700006409000000013006004240010000000920000500000060070400320000030008
005000740704001000000043602009000006000000200500008490050300028078620000900000000
500000006000004700000000950200610090000208100008405000100000060900007005000082070
000007080810030000050100760090380040000005000003072900030001000500000190060020070
000014620000050004003000070900007000005000301106800000000470500090000006000502080
500001080700090100060500002800250000000000008004600010430070900006300000080000003
020000041805000002006000530000000200000300059907420100000100000700005400002008000
802150700700000030009000005000560000100020006060000400000000100030470002580300000
600001000019003050000250300100000000900040800030080100070000000300006002092000740
008200400030704080000000050000000300900020000654003009040069810005010060001000000
000600030070040000005000020800200910000900000603050000030004090009078000010006873
040070000300900010005300400600000090070010805800200000008000003004002700000105002
060021005007090010000030006900680700300000200000000000005070020700058000809400000
500090200004087000000504607700005062000803700400000000009000004003020000810000000
000005000006000810085310000702500904000000000050820000000904200060000408300000000
000030100090070402000450000328000070000000001010700203000000020005600000400009350
060570300000402000053000000026010080000000205000004060104006058000300000007000020
014000082000000060200900030050800000000000010021060005000000040632050007700008600
400000000059010000000350010000570000007004000000009002000008050034000908560000003
050010900400705000000020000000000400900500600001063000070094560003070100000600730
500000800000070030060089000003700000000205061009300005940000700000000100010030058
070900500004300008200001007930000000060020070001000400600045900007000000100009000
030082001000601000001000000700005006009000000004960008060800100000047800320000704
003890200150073000070000000060200008200000930000400070090061300007040000000000040
100000000005006000000080960086105400090070000000400100007058003600001709000007050
000300070053102000804000200000009002000005340079003081000400590000000000941000030
070400020000000006900210450003002901000058000000040000210600005500000070000037000
008000000097000000000000130000180600004007001003050400800200090400000700302600500
034100070000060008000900460000000050400507800017040000900001000020000006000802005
384020705000034100009600020001460002000500000040073000003000001005000090090305000
000000000050008020000570960530400000600000002008320570000030000000000084000619300
100000002000805000049000075005100090060003100000070403006400000300001080080009210
680000004000010002140900070400800096007200800500300010900000600030007080000000000
070016400000070050600000210000364008400900001280000000000000093009703000100008000
007800900300000408090604010004390600000700005080000000900007520200009000060000300
180640000000000006407000005000082000050001000000000128009107064020405900001000050
000709000605300040000000500040003801200600003001000000103000080000002437500000000
030000000000009057100000900800000300070080004004002010000103209060907100000040500
030401002000060904006000080642900000800004000000000000100050607050070400003008009
920000007003000050000003040000801000045007090800020000002650010006000702000004900
030000901000470008000010750520008030600000000040000000000100670100700500000836400
000004000020060010408007062004029000800700006000050030000040000203501000010000900
020460000000103400000008000209670000000000084070300000001007000000000018063001900
000000304000060500008092000009800070730006000002500060070310000000009000400000950
070043000008900000000502910010000000900000700060000004097401800002600005050070300
057300001000078000060009800000037000000800000013542000900084002600000000500000097
003206000000000104047080060001000809008060340000500000000009700700000098002007005
000080067900007400000010000670000500090700010004901002750006200000000000430000796
901200400000008000000000007010600005000002800300089006002000070040000000007054908
002600000050904060000817000000000600000000320001703050500008002078100090600000008
503000000000600072000070503100405000000710050600030000000800039490000010006020400
000000080040020709800000120005700006007090000060004000000000040000205600903800005
004010035530780000000040000000000509005000012601008000000009701000000060103460000
134006000800040600060700300000010700000400000000800006007063080003002509090070000
201050000400080001000060003000903700009600000500000900960730000005000640007000002
104009700000000009000067001000030504000042800009001370030506000900000005002010000
040350009200000003010070000005000000400000000087042010862400000700000980030600400
900000030000040200008600000005000000010700004003108057354000080080000000700300190
408510007200004051000000000000000000903650002800002315040070900100200003000008000
001040000000800400090000062300000700702008001000002090020509070000300008043000000
000500800031208400400000150056020380040703009000000000200000000000900560004000002
006070010070009063000200000090407050010500000000003400050090120107000890060000005
020000480000000090807014002900080530300001000080700000050000000100968000400000900
570400000009607000002009500008200450150000600000000000060001080300000900700030060
000509804970000100000000002023000000100850000500100403007206008080010000000000070
600057000000006038000000020800001300003040960200090000040000100008100005010003074
000600090005007000009010000000709601000000000960032008403060002050000003200048050
080009000060000310900030000000090702306000100005040000020170005600800023000000000
100020030750800000900600100000005273500700006400000050300000029060000004000400001
000063040042010000500007039000600000000500800000001004008090000004700000169800025
204907000008000000100006200800069072000032040000000080010098000050000700000040650
280000050605300000003800000900000007016040000400150000000030106000009800800400200
000000700090000800600700002180500900000800200050090008200007500000003069800106000
580910000000600080000000760010050300005000200209700000100000004060003000030500090
500300010010060908000000060402000000000830001073040000000006090094007006001000405
008001006000090040060040000020700009300005000090003200830000060401000095000800004
009508200071000600000000009700350904000000050604800007902000000000780000080603000
030002600060050080008000000080320007003004000000608010004009075050470800070000090
000149700000000290080000600000804005203005000000920070010000080000700000300000004
800000000090700400010000005600040001500006000048000009004509300030200060200601004
000056020008700000500200090090802600003000045400000000600000401000060900120000080
000900002607008040901600700003700000000002000000056900130004500000070000009000601
000010000009003000207009530000096401000000090030000080380000000075200008000001600
900000040007600000600072830400503700000000200080740001004200070006000020050080000
730020005008413000000500000903000081021600000040008000000004650006000400000800009
006705000000001005008000630000000000904200580060090400070900800200070000000840700
000072000800900003020060004000030501400000000701020840000008005240190030000000090
000070000000000204002103800000306000070040030006000005400000120607029000030700009
200007301000040500800000000020590000400002006007030000080200003000900480000370060
080700000000500000710006009200000800096071000000900040001050000900400600050000003
340000006005006003001000008700050020900100000030400080000207000400030050007010009
008200000000847600000036000400000580005700309003050400900000203007080040010060050
000030470507002000008000600900043000360000040045000000000510800700804390000000200
000107000060030400005090020000009000021000780004005060000400090508000010000600200
050020090060400205904000000000004000203005000085030910002000100000803040090000006
007040001900000504000000080800002090000050102400039000020700006105000300000200700
602000010050001000008039000004000070080005000900000406703000600060000085000072030
007001000400030000020070800002007001084010003000000604009000030000029007001500020
000200000700050020060870001000780000000030900207000004003000000490500080006000312
006000210507900300930600050000002803090000000000003040020000090004000700360210000
400002000000000708020090000500006010003000400006100009007900801000085006059000002
010008003007000060236090400003000095690000000000300801005100080000004070009002100
060000000500006000008000700000509006309070010100380400070000080900400030000090105
000800060000623007000040210009076000061000002800900000050030100007000089000010300
000800600010003090900000020000000012000500970000270305000001030001400006507020000
091085006700001000060000070008000040400000021010000000000040300900502000530600082
900100502320049070000300009200504080080003000600000007000000753000080090700400800
000080030680003027005009000004600003000500002071040000520000006007000000040020009
040000010070030508000007420003000000010003760600100800000005976090640000050000000
000000002900300007500007809408900500002704000000010000650800000004060100000400070
001000508900000060000601004030870400005009000400200600800000000070040010040300020
006003000000090120000000805000306080095010000000000400400080000013007000007500060
000000000060710030002500460736000001000000000000004506000001090400005680900200000
005230071900000000003500000300060040100002800006008000000900200230400160809000003
010000400300600000000000012000902105042007009006000000008090060500000004007003080
008200000000000053010030600103000807000000000024076301400060000050000480901000065
304060000020000009000800315040100000000050960002390570000000003700000800063000090
005000900008003007420100003700025100000000000080760000270000006010250030000000004
000000003300200018100090000604000800000000009010063002090500000000078300502400080
040000093060003070000050008000002000150000200200089001400160800001000705000900000
000000060040050800680304590500000003490000072010007006000605000006100000001820000
010002000009000007003180002200906000500207000040050000084060300690000085000000001
603004000090003000007508006000400003900000001500096200000000805060030040400059020
000070003602000400000109000080207006000094000000650070000001300703002000920040500
204000500000000090009500003027040000100000032400008900006705000900020070300006000
005900043002010700040030080050000070100800090000000001280150000000300004016420000
105000000068005204000000860600000000000000020400987000000060030800001500002300009
050000031702080000000005000090300080008004200005001000000070004204500100060000508
000509000020007006000010002010300000003000000000195600430000027072058000065200400
030600000500030012080009600900010050000048200000053070001070500024000030000000000
090008005000040000000000067000500009000000082008901030809200000204090006030076200
000907400000000002060000000013000004700000060050104007005000000492000501800403090
401608070070000000506004000000090030000000002004200087007960200003000704060000050
500080000307409002009000740080600000000020090402050000000008520600000014004030000
000040008709000502080000100900000000000008070038005000007000036000073001410002800
070000350080007000960005007000283006000000002000970080002000000800309000100400200
000050410103000000800700000009000000037000126008360070402007690700030050000900000
370804000500000000024030010053010090009000600410000020042000000000040008000706200
500008000900000020000630041148306000000040000307050000705000010000020800000009050
007008050000000400403010072000209000810000000000000306902000010000050200086030090
003029008000000000092500040040000000000200003700010050010000700009080302600900000
000000050900070008027400000000010080009000207000708300000100002003004075108230400
940000100020000000307000900132000000060900005000602000500004000000009701000021380
002000000500390000018004020000460090697030000000700038000500000170000500206000400
000430000082000409000008600300019000509600700000800200006000350005100000000050040
032060000000052601000000000070009340000500070050004010005093200090000000410200080
007060000200003704004800001150000400003070000070010096900100000000298000000000003
000000506002070000300006200280000000000400910007501000000007090450900000008120000
700000800850000632000100000005300080000000200008401590020070040600004000300500760
005000000200030410481600000050240090090008040008060205000480000600150038000000000
008000740000000209020700350000003000007086094065400002002000000854307006306000000
060080005500700200090003060007200000000000500001090040100300000620000010070060009
013060009708000200400000000000396008600001000080000020000087001107003040006040700
004000600020306000000000004470009200100000006000700035200070598035062000000900000
006802000000600000000007004070900408900000300803000001010080003060050107340006900
600070000000080039000004860000506000910300000000009001090000100028000000003200490
004070350050060200001000009000043080002000001000905000600030000200000700017204000
095000000300008702100023000920070300000001000706030000000800057000400006800000000
000000000730100040600000203014002800900000005502040700006305000800000309100070002
306000001750080000000300508000600200031000090004200007000907820040020000000000300
300160080100000600050003000000050000680300070000008401001002900034000000070005040
000309010030040700000001004650900038000070001000008002263007000080000000004060820
050420000000065900907000000000080034400000180000100000006002300805000007001600058
000400980005010000400506320250800000300100400000004000700000604000003000001007050
060800004400000090009070520090060000000309070300007000007500000006023000800000065
007000003500800900008007100030970020900300014005200000000703090000000800001002030
000000030070836002602004000701000500000000807095000000480090100000000000000003479
002400108050000000000580007000000000001002000070098020018040003009000000200070640
018200306000000500090080070170002000000030010000000000400007200000905040302000059
030089064000000000000004701040600900600000358008200000900000010080010007000426003
020009000000370000000608093000460000200000009360001400000000000790000008004800130
060000000000050100370020090405006080700005000000200401000800974000000800630000000
060300005003001000900020080035004800290000410008002000700069003000400000000100700
000010000200305010000090248030000100000000502625000000108403000000000000300007906
060007008050360000002098000000000470020050900080000051000000390307000000006910000
009400080050070060700008000800004790000000010031000000000715620040203800000000000
000500006904000100002080030008027000020000000000001908000000000000068005109043060
075000900300040000024008000009000410040000805000600003207130600000000001030090020
350000000000200006002900070600000090010000230090080000000400000007500804000619003
308070060090000030700410000000000200900160008005000070002036000010000000000080697
000530000300007000000000025709000000000071090000000640008109003060045009023000004
700800000060005000004020100070908400002060007800030610206000003080000000000796000
085006400000008000730010002000000203100469000006000001001080000040700050000200000
045006000006007084030000500007100040000005192600003007000500600000800035070040000
000020300000400000804600290000000060002530000045000010060905037050740001000000600
000001306038070009049006050002160000704030000000000800000000602000040007070800900
500600800008000040001207000060709304030002700009000060010000020003100090002000500
000009087080500000300000205006000070107000408002005096200490000009700040000000000
002040008104820006000000010050004000600000001000300800091000007000002000580603000
001000008050300400030105060000010000600007002079000000007090000000578600000060820
508000710710500900000000000002007300000084500000000891001800000040020050070030020
000600000000000201800003070300000000080100407010050600097002040000061000005480060
000000701806030200002700050007098000100000000900501020080050010030000004000002006
300007050000030060000081007000062000700000009000500030070000000059010080000300401
000200008008090006200600900010000000090020800006708104042000007000830010000005000
000200340000030100760005000500000800027000000008900007005000001480000000300186000
072050408004030000000000100500001030000800200000000500000070000068000004020403069
000000080040127050000930070080500000002306000006000004901000200020070003000000001
500000080078000050000004000000086000000010500009400013400060000305190004180000070
400000030930180050000200000090010005150904000000600004000000382020000706000090000
800030090709000000400002000000300605603000079900700018000000820380000000000207006
008000093500900160000500700000050000089000410000010009300001000021000070790830000
005370006602001000000040001010000020000000090070206080400090000060000070309004005
005002000200000040309005710001900600050070900000104000540080000090007820000000005
005000040070280060209000000000090100630008005080607200003860000000000010000705000
005700300008500042420600007000000408350100000000000000090002800800301000000060013
006000000040600050500009000004036900000004506000820070030005000860000014700003000
800009010000400690010000005000003000720000000090605007003007020400300000205000080
100026800700300500040907030019000000200003000000098006060209070000000009034000000
000007900080005000123000000010509080400000005900601000000900300000000068070210000
080000000700804000005070300000930600900050004003006005200000046800020700040069050
080000070300075000000030041000900000053000010020450080600000000900640007000010056
000006410009300050005001863018500000000000035000000001001000007090700000023060090
000005000109000005640007301002071000006500800070008000500890010000000740000030000
009000807000030000500090406005002084000469000060000002004018509000300100800000020
086000000104090008030402000040907002000000070007100803200040000000308000010000089
217090000040300000500000071754902000020500000000006000800000510005400009000600003
000000960082000300000000000000400009200000517600508000000370004001200000830009020
400000003900000700056900004600007900005000020070002080001000058000000000040153000
750000300000500091006000000084000003090200000001040500015300980007020000000000034
300000290070000060008200000450006030000703002000180000040607009800010000006005000
021038000000200500000419000304000708009000001000370004093700060000040030600000000
070001930000040506060008004790000000005600000400200600000390010000000000000400287
098000705000203400000090000200000000001060080000300040067000090000600000013005807
065700000070900052030000000051000070400000009000001800002400000000320090700000010
001503008000040307000000001000076800025490100030000000000600500000000064010007000
072004000800007000001020000090080600010000200200600080900500300007309004043000001
006000000020080000000910564601000700480700003050040000000008300710000200030000098
000004200300917000600000900017002004400001000030050000009040080070000002000069010
032000040400038067800000000003507084100020000700046900680001030000400006000000000
600500039000200600000060000701004500000350070003000901810000000030600005040900800
000800001009007006100905008602000800000006940070002000301000000000100200090350100
600790000700003048004000000083040690007500001000000200100052009040000030000030000
000000100000070000510080030000025000007800009604900000063200710701000054020040000
080007002074000900906002000000090000130000708400720005001400560000000300700500000
000072010007100009000000380700050000150800020000000800900504000024001000010000703
000004002200005007900601008008000010130007600009040000000030050480006000000950000
000003100201000086405000300000071800050080430700300001304005000070100000006007040
000015800708900000000000002240600090000000600001080050103700500000058004000092003
700015000006009014000000050100050800067000000002300700020001040000020000600000098
000000803760050009800109500007000000009000030100240000000064105200003080090500000
100000000000203060070009200005400007000802000640000001700030000000600850000000600
004900010057008000000034000000006040600090007890000023300049000000300000008070302
000109050003600000140000860000000140038200070700940000900050000020000710300070200
020300000070408300500071400000097060000060905000000020030000004000200700004006000
013068000600900000080004000000009040900070100000405008001000805000001006050000790
500042000002080000074050008350000090008030010010000004090000030000001520000600000
057600000200080043000000500060000000028000100000040056019000000000000830000015900
050009001704000000910500020000080700560010000000206000476000092000300006003000050
000000270206000300070800050500041036003090400000000008719002000000009000300060010
008070054500900006007800200000000000010600002030209010000000047400500080160004000
000000014027003000000521000000040000063000800700006090004002000601007080080000907
000060053001200460000008020070000000952004001000300002780000040005706300009050000
001600740009008001050000000000000000080531070090870030803000027000943500000002000
002050907090308001001000080008090026100000300000800000000045000034209000000000490
078060020009100036000000008080000010030207000590000073700006000050090600000700000
604000215700009600000610400000000008040037002000094300530000000000362000802000000
400070061000803004000006800501900000090000000008000470007000002300200050000000097
400000000000005200005610090700309060690080054004000720000008000000000678000950000
005090007000700000100030048400080395000500870000000004600004010090020003300000500
000020800063008900900000401700000080080051004000600000000240100300000070002009005
060007000000000000000050060096000015500830040000000200000080300070102000409003070
009020007030690020070000400306000500000500070500000104000104006001080000400002000
700080001001409000038060040000000634040003070060002900000000000000018007000900300
019000405765000100004000300200105000903000000000900000000004079008010500000280004
020006008100500040090300050530800900004000005070000000000100004060250190700000000
001607040006900000098042000300704000002006087040100000000003070000000032000090608
207004600006100000300069400000400007000003084005000000080000100602300009000002035
030000740070600000008024000000001600594000210800000900000000000005290000700040098
206000903045200078083000000008000000000704000000039007000800109501000000090600002
000000001060400200290000360400700000087603020000000030040000700009200005070008002
064007000008000400050100000000000006003000805600480070070003050030910600009700030
009001000500600000007000306040000020751000030000040500200009610000450700000300900
060001050000763001090020000920070000004100800000005420380000096100000000009030010
000000803800010000605004000007403005000102000068050200076000000001000760200700300
010460000086503010020008000800030000063000420740800130004000060000000900000107005
020006009107000000300109008000902700806000090030000005000350000009008007600000100
270000000000000000056738000000000300000000790097020058600104020100006800003050000
020000900410003000005000630000000001903012047050000090000604850000008000040500070
000000095070000604093000070000040031000056008400090000062500000000062000100080050
000062300200000078100300000900500600605943000013000080050020000000000214000700000
000100006502000000019200000900010062001008503000000000700300015603700804090050000
070800610300012000000700800000920400003600078060000009200100000450000200030007000
002040907086000400000001030040309700009200100000010009501000800800000670000400050
002060000600805000700029000501006009003140200000000000020050086000400030100000500
080700090350008001000060000006170000000900008002030000000020700000000900010000653
010008724004900000000500010000000501000004030020300009180000007000090040307020600
001000300003007200000504010200000037000002004040000500020700005068090000010803000
000060000050002700400090086800021300701000000000308600000406008090000107210000000
012700000050008070000000801000000060100006982200004000000060000379000010008002005
030000000900012800020800007000560002000000009000480301100000003408030926200000070
002005070000080400000064009008057021600000000000130000020000035904000000005003100
070005400460080000002600000100790003080000000005800100050007030003100060020000010
043002000000000875080650000010000908000090062200030000000005001100700090090000030
000001002007000006030705100750800031006000007000000090000060000008009503024000000
000240000800709400020060093010000000703080604000001038600000000000650007001020060
000001076005008000200006030000209000408070290003000000000000600000040059050100780
517000090060090000002001070000100920703006000000200000070600100400000058009500000
000685000800040001000009670000000034000000000007800000100060700008007500030120080
000000708080120009400006000006800090000604002300500000005300000070001560000000301
000300000009000640000405009080029001000000000700060308007010020000000000062000470
106000003000027096000000000000000900302600570490000300900754000060080000070000400
078040000000000040000307000000910030030000005406200000600100097800005200024600000
530090800000300050200708000807000006001007043000006000000000200960500400005200100
034050600600070038700900000800001020003000000900300040580060900000000000001508004
006007801007039004002500000070960000030700000000085006000400050000000003013000900
600900000001003000090050000500000700407000809000006000000005002008030006004029013
070091000050004000100300048026000001000509084009070000000600000780002000060000053
032000058090104006700000009000070630000245000000009005028000000000000100040500002
004007300091000600000400009508100000060040000000000010806001700030200800200308500
007006080406000070200010004100050000000004003500009008050078090020000060001902000
600000007080040000010908000003400010000000930000017004320005000100036070009000060
000005970000800000106004000080060107000000000500100083008309040000000061304000700
370000000000060080000800039060000900000598100001040020007006000000250070802900400
000000508106003700005006400000401300001070009407000001609054000040000005000300000
000007950730000000065020400300080102000004080500600000000001004001050200480700000
200517000000006701050000000800905023030200090006000000090000160004000308080000000
720080000900006000500703000002300090000000040000000350000069700004120006080007001
000900000020784000740600000000000803070506100100000006000030020001000007000801600
213000000080020700000800510600005070090002000000300001004700800800400030506000000
000063008009000002607050030010800000000000090958000006034000000000410060000002001
400002000001060000309000450000005170000700590008000006006400900000300005015000020
800000007091006280400005060008000095009280100010050300004060000000900000070000000
006000034090000002020530010860005000200000900009010060070000000080007051002090307
000500060400002003039000080000000007600071000080096002050000040000100005001030890
000051704003090000640000000730020060019800200002905000020000310006000007000000408
070000026960005070800090003000006000086902700100000060000100250000429100008000000
746030000000000000000095040530010080080000010690700350100020008000051400000004070
000000000800205000093080025000490001208007090500000400002308004100500000700006000
605070000000600250000009000000000600780140003120800007070000000000200010300080009
000000007207600008009501340000000200050803000071000086008000009000200000000360400
000001300900040200040090056060007000000000000080065040000056100100000400506020073
010800020000000900000006713000000007600000135107094000400000800003029600000407000
000000510003070000500003600700000008020000040000600001207000490010089000040006000
006000000000801005020470000300005000809000030004708000400200098000003620060000340
650000049000000800000000007500006000030508100908300002203084000700000020000200910
002000000500000010071003490950840070000000000400000300000006900010000200830000046
043000000500100040001020000000000300900007000860009000000305020000908006700000503
002000060000600003059200000560000001001420090000800040000040010400090700700000006
010026000000000390000500000000700258086000100007050009700093002600100000000200080
085079000000020600000800400802005030000600007000903004010000000590004008000300000
040000000500294010000050029060980000059000000307401000000640200000700090400000071
000000000100000040307250010000001800050096000010000036000019062765000000000008400
007040300000016009000000074200005700000600030030100402002091000140300007000250600
002500000803009001000000900709021004010000800200000300100400000004208060000000078
000026075007040000010009060090000050401008207020000000800607000000930008070500009
300000800806070500010034070000100052000000301000097004002005000640000030080000100
800700100400085000060010000105006000000300009620000003070000600306000090000500204
003050000100496000007001000710004006400080007005000000000000080002000703900307100
108302900400000500030100007500000000000800100020913000004070000000000002800009050
960004070000003020000000960600000100890000500200078000000000000700350600300090040
000000604020080500053100980001000000000000050008672001010007000200050007040820000
004050007000060500080900410075000002300782000100005080000007308030000000000800000
090400700005070000006000000900000080500043000800150200000080306200300500008700001
000060900150000060008000070000000005090003100070401300000002008016780000700010004
004070000620010300009260000000190005000006090001750804000000000800000109030080650
000810009006000001400003200009005006600900000003080000091004002250000700000100040
000000000504310076009500340006000020000007001300206000820750003090000050600080000
085060000000807100009000070370006002000000043000020800000300000010005030803000609
009400000000000019500030700007029005300000008000080090001006000750304000002100007
000950000209401000300000500700000002000370000904200380000000490003700006000046100
060000300090052070047000682002531000000000007309000000070014920020000006000000000
010000609000208030500000700008001000740080000000900000104000300002060007089050040
035000140109000008000000050800200070000000000054317800000080409000002000001054730
490000002008600057000050004070120006010000400580900000007000030050030009000860005
000004200000800000001000060010200400300000100008340009007030600264010300030000015
009000630040080200000200008400006803500000090000017020001008050700092000600000100
000003006705020080000007000000900005120080060040000000900060008600518400074000000
210900000000860905000000080000006000807030000001700026000000090700004000090503041
005700000000000100008003000060004702500006000120070050000900300000800025009620080
080000060000000009970003001061040000002000105000200000009600000510009007040750090
000600004250000070000072900830000060901800000000107400600010802080930040000000000
070000900800400000500090320030006001010000000006309200000000070400020000629507030
060000504000100090020070000200034060000050302050008010000090000540000730000000040
000090006005010080291000007000000000300000008700300060670980053000001820010002000
000090000300021900010400300000059008040170090009000020097004003000230000001007540
025960000036000500100080003003000020004009100090040005000500000000006907000018052
000060320000047500800205700000006087008100050400072000024000000000000003030794000
900001005806009002000604007702800410360000000000000200200030070000006000009402000
040000090700100380800600700020400070007090500000000003300020004600003000090000006
009001320060290000000006007000600400070020005000810000590000000400083500000050901
000200400050009001003000000501000004000000008030050020080004570970000002000901000
001002040000900030027004000000000056010090000000005008350600000000081000069030800
000300000704506009010020000090005070100000250500008040001037000300000500007000106
030840000700000060040050002000907000008000000090080205560400008003000020001003004
000000900007045000001600040090078000000500004300000096430000010708000005000000078
008007006010080002902000003001005300246000000000706000000378400004000010000500000
000000010001090405000000976007000304105480000300000050000000500026370000000650001
720100050000870000190000000009006500050020800400009030010000900000040007605000200
000000000000050930006904000000000103000586040900300700030070000005001800004000001
903000400006040305000100000000000700270090000091200050005004108000000000010720040
940000020000060030000205000600070000090100040528009070400701000000600098080003000
000000705200007400630002000000200090305080000060000100000000080010050304090300000
070000050000010600090702003000000000030000000027063400000100009000040206002900038
006000000800570010000002070000100000003060008000009450054300000000000007002084600
008204003005068001020000000900007300000015007400090000001000000090800006000000204
020006000980400760001030000000007200090000003600001090005000080000003075400000002
000508647000000000090014000000030054589000200000700000800003002406009035000000000
090000607007032000000090100405003060000140000070200000000000200043010700000000836
005000006068290300000603000070380050801002000000070408213004000000009004007830000
200070910008006000500042006740800000000000000805091000002000081003000700000057200
000005037000000094950000100000014079090300000100800006005007460030000000800062700
070506000600009800000000130580000409000385000000040000920000010000600003000000900
053000000000000051024510007001900006240006030000000000008100000609804000000000403
702500106000370200006000000010950000048001000000040000004003000067000493090000070
800700060409158000000090000010420007320900000046000000007000800000000630030005900
000000200067300500900007003043900860000800400000050000800503000000070030005090020
007000590000000000009080300010000003000260000504090021008040019351008040000700000
760010002000074000001090006000800450030000000000540307080006000005001009000000170
800104090090082300010070600000758200000009005008000001700000000000021070040300006
000000000000806700300002006000003620008001039500400001007005100800000005060200900
600080009000060040290401300002000007000000490500204000940000000000056000300100500
058000702000080006100003005000030200040001070080050000000910030075000008800000900
008006000201078003000020900000000307080902000406000090719054000040700000800000000
000006150050003070308007094502070000000000010060000009800050000916300000000080000
000083076000400030070006000082030000007500000950000408004090100000200090000005300
500000360301690200020010000100080000042005000007000106053000090008000004700040000
100583004000007000000900100600000040040750080070006230007000500005040300020000006
003809002460500000000020000021407090300080000540000100200000035004601008000000010
000190504010000900520000006400001200000070100200006700000300408003059001800000000
008700001000100050010600200060000008020004000007008500075090004600000020080015700
006002000010600320700000400000490000072000000000305010000100050480000000600500090
900004710400020500000610000630000408000000000021070000060000930000500107100009080
500406807002070406000000000800130000000000109430200000000060010704000200000020008
040070098900600000001030005806002500000803007000460100005000000000000042204300000
000040007500000900340200000900801650000000010700000020070600003200000800010080200
040060200801300000500000008000000609060030704000001000003780100004000083090000002
045008000200603000097000040000076900000809020700050038100004000000000690080020000
029000065100002040008005000002804007000000028800030000000007030001500680003920700
100090003304000000005074000400019300000000090000600201200567008543000070600000000
510000000000981500006000700800003075090000020030065000000026000000040100070310002
730005000000080000020007000002490708009600200000001400000002800500800070090074003
000602480000000005210700006000400060900063001040200000001800300000070000080004170
003600020000009000000500000070000100349050000800040007400006058000010009080070401
000000810580000004094700060000002000040090000076001500002040137000000400000500000
000705001700000060340100058000834000600000000000000005071600000000090300406000800
000000000004510820000040309007000060060008200040900015006007050050000003003004000
000805010700301000005000006004120057050000020080000400000092000400003000230610900
080000700035080090006000002000000670453000000070000230104350800000004000000902500
002087000508001000004060020000000170000500000000000809000003000970002065600000007
005001006830200900000000000090002300050014002600090400001006000900030000008000200
062000000100200000000094006000003000000002910503000240006980000200050070900000030
000600300097530020040008007000001000000400006010027400005080000920000500000006090
070902500010005008000030001003250000006000800000000046027309000030070005000004700
053000002000009001010400570000000000008000296060100000000020300407600000030047600
200000000970000400164050000007000030800090070020006100000012000790000050030000806
000065009000040500003082000150900060040007000700006003265000000000000010000094050
500200004010000500090030010000085000120900040609700000000006090002009700068000005
000070000004000750000102000008309000170060000009800002030400208000000070902006001
804000020100000070090300060070400150003000800060030000000123000000000000000069507
300010000650900200070040030200000900008021570060000003100052000000000004000007000
020000500009540306000802009803400001000000700700100000000060000030020090006300005
000000000006903005000540010700000083005001090040000200860009100009005700000702009
007000680500906030000000000204080000900000000050100960600000010040003000000064702
040805200000900000500002100002000090600000050470009000000017000160030405200006000
060805000000000008000406020084000000003100007901008000000000000039050200500210460
040080200000000030009003600210900060000000050000134000783050100000000000960042700
400012000800400005900006800000540008093070100500600007000000032075000000000000500
000004900800050003094010670002003000600000000047090310000000090700400001050180006
000190000030002180007006000005000600100000050004060000040080036396004017000009000
005100000890000000010070000300400570209000030006002008000050004000001020760804001
000090800437000000000700100000900400082300000010082905008000090000000000020403010
003008002000300180000000590002700800000250004004009607000030000060507400108000000
080004700000120009500000000740506000003000000008700530000000400900001308000450010
509000020600000004004002509980070600000803000002091000000004080200030000030780000
200000931051700000000340000000000304000108002000060090060085010010000007000900040
000400000608030000000061080001020050009876000000000002804000106006700430290000800
007040000900000100000158200750003020020600000004000705860514000000062000000000003
000090100701002000036000000645000000080120090000003000000001024000450800050070003
300000100007008000820030000070000000001090704006050003100082000050000000000006270
001479000000080020070600000050010200103200705040705030000000300800000000024090100
006000800000000002010000009002540006850000013030008000301007908000800400000605000
000001200060007000900050708890070000051600000000000302020004030700500901030000005
700010200090007000000000000070540000006009034005000006100002080802300070000800903
090207000030000002000000193000480010000000300025010000000020000003501807007000036
500000742900000003060800000020006009089001030400300080070630050030000000802000000
506004001007058000400002060030000000008000102000010094001005003340000050070000900
090740800800000340030060100000000000470002008009007004000684010300100005000030007
400907000006310040090000000000000000200001300080000509000170003020058600075000000
000004000600201050500000180000005000460000012120080000008090000000740500207000060
000090020040000000086400300000041000000600008000000032000074060809025407500000000
000000900600000000190020800520001097007004000000700004000500400075000030900078010
008040700900086030000305006200000000067090003003508000500070900000100040309400000
000500007000000320370006800750019003200700050009060400800000209000000006000053000
800000409100700000200090003009000080000079000000206700000003805000000036650400000
507001860060000007400000350040000008800405009000300700000200003050004000100009020
000000015000200000010030408008000100000009000490000360031780000067905003500000090
040003610100000000050000700000700090009000405000620000007100002000500800098034000
040600000090700500080400019400000600000803070000020001000080120930060000005000040
105000003000000000000790000900000506420003009006008000000807200000040605080200704
000040730030501009060380000200090400000010905000000000005008004300005000041060002
080100000000200006041853000000060090050000041300900500108037002020000000000010300
000803001000005620020000040000060000008000004601004500000009008094030017007401000
000000009050001430108004750800106000000000090006502000000200000080300021061007000
017003004000000013030890000400500000005104009000060200500000092000000006040780000
000020000060700809370060042040008003520600007000532000809000000000007000000000014
203007090000040580000000320400610800080000000000070060007095000000000906301004070
000900060004080002007106008010003004000010070000400800100207005000001900800560000
000609700600730000100020000000000090003000428005400003807900000094002000510040000
002010706000003000019080002003000800020000030104000060000100007070800490060020000
095000007403000200000090008800009000009002000004030020000000400000600070160750300
900300000010502009203000000000401700090000010800000002000000458035000000400200097
806040090000002000000090570700200401400000030003006200000003000001000600328000150
070300002800002700040060803005000008000900040008040010000004105600130000000050000
106007000000000980090300500000109000060000200071200003004600000900843000005020700
300900002042005000001004800000480007500200008007001006000006900926000000000000700
900005031380002005020000000800004007000027003600510400200000010007000002000060080
002600090003020000170800000200000930006007150000900400000300000094050608010000500
010300700005004300000050080201000890300000000090160030130000060027006500000070000
201098004000000008704105000000460905900000000300070010000050009802004000030000080
400700000080140000105000060000000002050080300092060400000008006300000500009620070
032000010040050008980600000000009030000120005000000670000067000620310900000500001
008000004070040000000200610007006100900700000200009300604000000005304006000005037
034009700010005004008000001060040000000206000000900080090000200003602008500307410
000000600800050010009700300025306070070500000004001000000032150480000002000040003
004000076087000309050600000000426008006703100000000900200000697000060000403200080
080301000106080400200006000850000600020000000000907003310800000002070060000402009
309500000200036008040000000002704050000060840500000060031207006900000200000000190
030000094007001080000200001000067400000030007056009000601000000093006040040000020
402000700070000204030000060200100540000090000040000300000350800090010002006080407
140700050000095031090006000000200040000500900070000000600002008087060200300000007
017000002400018000009300050000005080000000401000100260003000000800604500600803070
000420007007000603000006800809004000613900002500002000000078130060000008000050000
005670000000000080000000001000760090013009070008000020000023009400000608180000000
009040600000000020200003009800000400340900500106020008007000050000008010030560000
000000402008300000005001300600035090100700000007000065570064000041002900900000000
008070005000003000400000200010020030000008070050000190000639000340001007009005001
300020000400005107000004000000001060000460000870000020732000006010000030000000890
008600050061004009590800000009000701710000390000007604040080000035000002000030000
100005000090300400705006830200709004000600300000100020300200080006010070500000002
400005800970030006050071000300090400000000700000004005620000300000009060000700002
000000500390006001000051030100974008400000000050610000807009346600000070003000000
065800090091000000300006070000000007003001060009005041000010000040030900200500003
004780950000000600000029010000001006700030008801000500000400000540170800009000000
300001000000000800010960200000079000008020060160800900000040050005003006080000000
800000500000090006059640000007009003024050900000300004400000800700906300000080020
060010000003502100000080900405200000000008070900036050030000809000800000007000500
009006008080000000060003000090070003630080040400090100050000010027100809000000004
007005010000900000018200790700000000020004600093060004030040009000700050000000200
010006050800000300060280004700600500000100020240300000003709100000005708000000000
089600000040001000010930000506090300000005020000080900000400090000073010200000057
000002700000060004000301200070004801005000090103090000200508000010200060000000500
000170060472000000000009050060200001000800300010004700705390200000001000008000000
000090040000306010907810003008000604500020080106000000003000406080100920002000000
005103000900200000001000057090000043060700200200000080080032000070800900059070000
000061004000009800001000002060020597000000000800050030052000006000046100000300040
760100005001500000900400800008200600037005000000086030090000700400020310000800000
500903000000000140002000900900030000000100006007289000700620500009000000630500810
008005070006000009400070280200700090000000008004600103000060804000002000090008500
009080203302000000500000400000076000601300000005900008900000040400000051000040736
002000005000090010500080000000071040000009000850030000080003509010207600007000004
000000408400500063000004000000010720023000096005900030034009000008000000960120000
005000000904208500300009020020060000000304096000000007000506400070001008001000000
000090300003000500060300400500020000004010000090000600026080001100960004000007090
160000000098000000005289000000020000004703500000004830017300006000002305800100004
000000069000014030013800000000070000004620000030400000000005208740000900350007040
000052000000700008090006000031000700504308900000500000005000800600010000000930027
009000704000006300000840620800130965000000001120000000000650090000000000310400800
450000001006200000030970024000003098004000000000500200700001400000008010009060000
000000604000570081008060000000030060902000100010006000700000000005094200041280700
000000070010006008706008009950010000002000060001000034600140000400009706000500020
100000300005400600080030010001002560000000020068000107000003000400000073000570800
000300105085200090400000000001900060802070003030000000050006040090007850006000000
000050000700400920020030000000076000200100700300020009030900008062800540500000100
300417690500000000670000040000054103000000900050071080000000310009002860200000000
027048000080060000030000007500400002000001500001032040000000000800070003002003056
000800000900000807042000001764010000000000030200050700600008000579062000020300050
000000090958002040000500000170308000040000300000200609000004000086000200400000130
500600008000000040090130000000060170000780603020000000004010007900240036000003050
000000500700820040000001000530000200070300080002740009050000000108030057000060102
007306080001002000000000709300000200000200008500068040800000100900605000050089000
000007093000020050000601270000010700000009020903000108000960000030000000067208000
000865004006000800000004700008300000290000070000590310300001009400006100002050040
004000007002008000900026000490000200000300050000210006500070032300000600020001870
002700460000800000010320080080000190000000000006900008300608705200004006050130000
006000043000290610900060000209007005400102000037000200000000070003000004000074150
530000008001300000690001300000005000068010020000900004850060090900004050020000040
000020070008000906070000001000008000003400100140602080000080005600050004200001300
090000000000800006300000020920003601008000050640702000004000000000000290080520030
200701000000000000000600804106000500005100079070830000649500000050908000000040600
060000200070006501004205080480002007000060000000040008108050700006400050000307000
050000030090006000100800000000080000028000050400600170040095006000042510000000003
009170000003000002400000580750000190100200003000050000060000200001000000094020030
906000000000014907010000086005000001070305000042000008000057012050040000780000000
023000006600000200980000003050809007002000008100000400300601000009030004060500002
070000100001050003009700250000080000000000520620004300000409000840000000002100046
600700900000600000942010000000500004000023700000094008005000010100900027026000003
902050008000073000001000030000000020500300070008006090100790000000001600000800500
400000000980000000010009407000000501804000070062500000006001090000803000700604035
000080640640000701700003800000100000003006000800975000310040200400000000090200000
700001000236700005000260000009054060000000801000000940970000000060007008040036107
830000020705000900400306750602040000070005000000600030041000002000000300300407000
500090000340000809002300006008600020009050601000000000020060000700030000900405307
800045600005000008030006100000620000700090800000000003000000300060000705902080001
000460020000000000500000030903007500000008000060020013302900008801004360400000050
000000003150040900608000200000200000000009080705003000407350000000004800060000070
809010000300002100010060080007000004000030000200009806006020005050041000001000030
034006000000000009000001008000620000300080002090000700040009003000040500018072090
000300000900008000001000004090650080820004000007800030000000076086200900400710300
205000003000040000967100000090037050000000008000850700409000000000002030800010405
004802000000600057080090000000308700023000000000040100600007005010000002007903060
006000200280000000900010005000000008000140000800036109070005040000000370320804000
090000200100500000073900800000000080000200000241000300007005140530002000000803700
040010000080600309020000080050000000069740020008000500000407200230000600007021000
005270300000000780060000020608000040000810000000607009900006050000730200300020004
040002700000010020000080005600300050807000009035060800000400900009005030370000000
000860000000000500307000040003010700004007000200000038800004000901006007040200000
000200080000900003643005000800010009005000120000607000482000000000060000070154000
000030000857000000001040790009004000600510000000000079008000100000020063040096000
070000068023607050600500000000800490240050103050700000080000000700000200090002000
100004900000080500000023600000000040090600005520000100000041007061000000450000002
000206000003000000200300781005000000902000007070120905800000300041083090000001600
200000000009800006007000020000700403006020710800900000030095000000000002010070040
480000090001002000052460000000000050040000987908004300100020006200500000065000000
605007090000890100000300020000060080569000000004000070036040010070030400000070300
209340005000060002048000609003020080050000006000000900000609400002030000400080501
050000001060057000400010000100900300300040090076000800000000000002000005830200016
073805000060000382400000000006200000000009021207041008000050000001070065004000170
504002000800100700007000950000030000000000060031080400300400002060900000075000008
000701000850000002000900010000000300900003200027000401200037000000040508005100040
006002000048000052900400000052000308800000000000509070000018000000050046380000005
001005900390000000000000401000030006000908100900070050000080005704300000800050274
080073605000008000006000040200080000560000002870100004090046100050000000001500000
001700806000020050040980100594007000027100600000000070400010000600000098000208000
008190500000000007002045000703020100000009000020080090005000920000006050860300000
009080600360000021504000000000009704000073008000008000007900200416300050050000000
030209000008105000000000030070900080560000007900004000000010072000073058000400001
400000030006037019900008006002051000609000081050900000000004003003000400100000060
020180007007000009040030650050700000001003072002900500000075004800000020009000000
000002000090600204008500003000070010301000076000010008060005800000000145700900000
020060000001000006090200708000000430036000001480000050007053000100000000800007302
710000860000270000006000000100005000290000105047000020000503074309600000000009000
000003674000000302200000050520900010700004000803000200300006080000000037080041000
109006050700400080600000402002009618000702004000000000000200040806000000000003500
000007050900204000060900200000003400200008009005700001050030006000020800080400030
000080900000306500004900003030000080260000000400103002000400109700059000300200060
096002701000000000710000060003080000070410000180000090000060007008040006020301005
000010082100840000570000006000700010000258700000300000900020007002005000601000300
042000000050801000137005200900004007060000000000089030005000080000030400013000002
070320104009004006060000700500100080000000002210089500000200000006008070000540000
000109000070008000200003006750030000003050800004000007930000701608000004000090030
000040300103000096900010000087001000002670000000504000206000700000900615000000020
070009605000800092004000300060010000090080014008004007002000000700003080000006000
000000000489005600010200005070100460040000000600009302004080000200090800007503000
092000000060000100840000073001035060000010085000640000000700000000009036400350700
108006024000000000470000305000090600201800030000040002000280901000000000050900070
300080000000040062000902000070000500502000016100034000800000001000006050904003070
170060040900840030400003090000006000000080000060130004600009005051000007000500000
000000810100900036000000090030109000810500000007006540001005000084000020000038009
079086100008574300000030000600003000040000076000400008000000004800000700062009000
000790000000000006907003005000065300600001740010800000000000100003206009006050020
030100005000007030082006040147500003006000080020000000000230004010000000500000201
080200001004100302100060005002000060063004508009000100040000000000020406000003000
460009300000000000000013005000106700020000061300004000004080003009000020700040900
020570380000020000700048000600050002100000090008002605207009006000010000004000801
000006307001800060020000000005000140800005700207100050000040000103700004706000000
000207000861005020000000005087000460005060080030100007000000000500408200200370600
072500010000000003000600900003008057000905004800004000250800000000102000000000106
200000490009300000040000103010600000005900001007804300700000005000030010008450009
050020003000000000673000000000005100008001400100906020090000080800370005000090032
500807901000000300090000007100730506006000008009000030780041000000500409000008700
003009000190000005000075040006000031700000000008002000520100700000960000000050004
000500000204000700010000829000000680500020003102070040040050030000004008309000010
003005000010040000700600810500000089030900200070000050600000000000008530050009607
000000752005000400480000000010000000060281007000000006027005300300104005000008100
080705001000300000200000500600802000031000060500010040007000390010030705000200006
009000005500000207000205496200704000000002040070000360062800000100000803450970000
000000020000100050034002960090060002100250800070000000008000004009501300006904000
000004008280600030100000095079002300000978000000000000720006000300090000040800106
408000106050007000003000400000000920100304000000006005070040000000870000030500600
400070005050000000000009010000708200205000304040000908020000803009006000003002000
000000876890001002000050000901005060000000700040970300050000048006200000300000900
040050000300000095000690000200004000860002000001800320000001000180005009009030700
700300002000580604000002080900040200006900700000800000008605000601000900030000050
000010004005020000182006000000000910040000000608091700500700000000200030704050000
510000006020009003009030000007008000040001800000700001090000538000907100001005040
302006080000001000001200600000003040090100238200470100740000060000507000000000050
007004000080170000201600000000005000039000070100800020000000006400280300000043807
051000200260000000007000310000710000004305800070000000000092040400100729000050180
000075000001000020056010900207000031600304008000000000080000000400061000005000810
000006500000000029360000400090001000000080000000357800503400010000000008800592007
000000200830200400560030009600100000980073506000500008000060000400002007007000000
000000043002007060000000001800600000040500006009430008090020070000001800350006000
750000010008001003030050900040030000000100048000980005027093100900000600000007000
460000710001000680000000000600043008002500004800002070000000020003400005008020900
000000003050068000000003670001020000005400700600000400010950240006070005080000100
000920750900800010000000004105000000000300008700090000010200000003104070040050800
085701900000400070010800000000000005030008690040006008000600000400109000007050039
000000020008017000040080003090000007805040000002600001010009540000020000000500079
007080006000040000080000475040000000093000000000169002900500000005400067710900020
030046500000000001007900408200000000670801000040000000000000000000079316020600079
600000000080400600031000090000096350000010702008000000000050021019070000020930000
000010000006308900005000760000020006920003000051000400040900057700002089000000000
890000500007000040000000309000100800408600070603080901070060000000527000006000090
208010000000806300000000000091600000820079100003020007400900020000050030086002901
000400090209000300340000000006870040007000008000006200002000960000910000708040003
008006000540003007302005000019000305003007000000500001000060200000370460400009100
000040015100000080040809300000470006260030700000001000000200000000000530300000871
607150000400030000005008007000000978700084010020000000002003400000506090008900000
900004600000000015003600009000208130030900020400060000860009001304800900000070000
000030010002600080000000409080700950406080000000005006000006005001003000908004003
070000040086730000030000000301800000000006004000000056000609070050020008800005020
000107000007509603000300907800003050456000008100000000000600030002001000000000809
000008050005006000000250109001300700040000500360000000000540200700103000030820004
090730000000028003040000068000007490010050000000000307000070000800100005107200000
020060000060305007000000090006780340030690081000000000350000020610030000000958000
083000005000007200040000000907010000000000006600000031020800050000600900800504020
003000900100902000008405300014000070060809000000070020080000065000000003200600800
000020050069005170000900003000090300008000000070804005006087000000201700040630080
000500000030006089060200130000000005005480072000000400000072008480000090096000000
700010000100007080045600000000300005000050360070000900000725030002008000900000600
007900000400008003089200060000003790000000080030004200000000041700020600000100000
403000800680007002010005000040080021007000000300002706000903000000046050700000000
000000100451009600009800005080000700002405000000900080000000000070300420003000906
400013020000900008061802400000030006610700003030080047000000900350000000009000080
209000800060000100350900000000051003030000000007000020000740000002109600004006092
006900520000050068030000009200037000040000000500809000002010000700004000000080942
