Seed: 1640218356
Cooling schedule used: t = 1.440000, alpha = 0.999900, cMax = 500000
000000000049870200070000000000286003000001004062007009080090006005020408000050000
050000600800020000006001040200809500003000060004000193000208700300000020000100006
000293000000000005302180400000900000000000003010800090600000870000340000004020500
000000043951000020000080500806000001010600790700009400000000000030100000600004039
000000000300901850000708009004300000030010000000065072405000000090000701108040090
901030000300007090004000006000090802500060000018000004100000000800700109090400230
073061000906000000000080000050000002704000800008400090309700000000005003000810006
000904000000320710000000000603805400200069030900000080009008000750400100000000070
040050000005100397000009600000000406106000000007015000030000100800000050000034069
007200006800400000000683070006000002400800000039006005090500030001000000000090061
090000483400930000060700000005018007000600040003090000004003270000000000002100030
000002000700008352003040007310000800000000020000000745690100400070390000000800000
001004809300000050000003200030070006950000080208600000000062040002500308000000005
000000800090040002080005900000007500060000000100008300046000030070900006000051000
000107000080000000000030605007800000004090006100000390030400500000000162001000007
070080600240000080000006005030400901000000050700000300000035000090800160080010000
005009100000000907020700000000001008109800460004900000050007204340000000000060310
008720000000000000500003700000046000007830021054000009010000350002000010340000008
000006000000420300520703400070800500000902008400000009080040000007000210040005000
000265000060000072000000300080001006900000000005004100430900000020500908000108600
092000430000043080000000010064280000015000007000009000000350061000002004200600300
005000300020600000860000000000017000000090007096050081000400000002000705008905036
010000960800046000000002003000000500006780000009100000030050008000008030100000694
800030964090002000060040000005001000280000503000000080100709400040600827000800000
000862100002000050069010000900050004680040000000007600000004800750000000000000029
000605000800000300020000016000104008010000400090053600000090700000037002032060500
000003600350000000000120005000005060008002000046030010100090070800004200700600090
005090000600400073000000401040360100300070005001000000850009300003050000074030908
004900080000000600000000034000200300081006007050000021000004900908060500002080070
003000007000406000000910020000000003800000600035200000907000050000000002008074090
006000700001026308400500200030790000000010080010004007200000036000000800005067040
004607890080000700309000000090030000600500000000900040000406000000000100050270309
000030600150600080020075000200006000010980700309000000008000040072400900000000003
090000000600800230705000000830005000074000000000070002009006007500903060000050800
005360000380000109000080000500000413900010000430050080000020068070600500000007000
007000020020001054500960000000009000000720800701008600003000068810003070000500100
002053000060097800300008002004000000100600005500000098000002050006000000048000070
001800000060200100000401500200100300000008257000070000430600900002000000509000400
049076050007010300200509000000000068108000004000400090021700000000900000030005070
005406000010095000000701309080100023200000000600008010000000205460300100009000000
008000050100500398000002060000000400000023100030004000300040000207800000810906000
006821300300600000000007000020040900090100058504000003205400000000008000010000507
700082300004000500800100070000000010300200600000430000000000050070010204086004090
890300000000071050002800306000006008000030501000700000000007000760050049340000000
007205000200000054300000870900000100003401020004090300070900060800100400000030000
000000004001200096070000001400006000300900500900820000002100060540092010000030000
057304000000000000000907001400103000090706080000000530008200000004800003100000005
000000500000021300009060000000203000056089030700500400103900800500000070060000002
300504060900760000020000000004000300200000080030000756002679100000010000000028500
010000000203500100000400090096108700024050000000000500000006900630000001000389000
090010607000600050410000008604007020000004300007100005500090000000050700020000006
000050070071090005000800010007500000000009043150000800090081600024000001000906004
800050000000307060000409700090000050050000800006100907000002070760900010200004300
400500970002004080185000000800302000000000000090001703200060030010000000007020000
004002100090034005000900020170200000320040500000070300000000760001000000060005890
890000320060000010302070000000209750003000000020005000001000860530400090000500000
000005000001200600409006800640050020000000000000020001004000039908000700050302060
840700000060000010000000400030017600000050030254300000025000001000100007700009860
000000000079048000030000560043000000000020100200005700000851002060004000180370400
403010000000005608080000005520300000000700009000000040100072000000000172006500800
601450070907000000002000010000006000108000000000073580706005020000300001000000036
000008006000590001003041070040000000008100050007800003000200640870000300030006800
308020090000400007070080300003800000020065000610000900004000100009000050130006000
406000530000405000000000010700500000009603081000000200952001008300009020010030400
009000050000200004005004309020003078010008500040070000050010000000000006700060020
200840060004210500030000000608001000000000700000000085060900400010507020000080009
006000500100900000040000030050010400807002000300068700900000800000007005001230007
500003008020008600000500407000304002240100300000050000600700050010030060002806004
000000200380100005060070030070002340090000080200080000000025706500010000000700004
350000100000060000041000000030400908062018040000005000024006850000000400000900030
208010063001000070040008020603500000000600000500100600000400900030070000470290010
020008000408007090000050000300090100510000800000030507030004050000700920000300000
805004700100000000000000020000000835002000000000530090041095000090702004000100680
060080090070049306000030000304500060000000100002007009020000000009800010007060208
028000600300500400070020000000900000405006003060001500000019800810000002007000000
600020080107804000040000000039080000200900030005600000000008020000070603704060900
000000014070010000620000709000720080010930000007060402009000500030040000400000001
000000029000090060200004300870360040005000007000108030040000781690007000000000000
000000100700402008240000000060030000000070009004000000502100800003000050090050306
016000008084200009000907400000001003000490001000020000008000900600000005200560004
020700004709000600005060300100009200063000000000000090004080003000004050016030900
080032504721000000000000000000100700007500290006040000058000030000200080000400005
050000060830000900794000030060704205000800003000000800900240000005001700000003004
058920000000000000000000256100007890000040000045210000500006000800000963000400700
000000038409080001002040000100008705000004000600920000000000052800000103000270000
000003009040900000060010003000700094084000000090100500000081030700040810600020000
000080060009010002700000004000076025060000000000200010302000080600050407010000009
569400200000300040000000000357600900000050400000008000405060001708010005600900000
070019000620003050090080600002006740000000002050200090500000070003100000007050016
040070500006000001100025760000006000300080020000000007090008070605130000730064000
005070000730904002200000000600000004000090003003200916000700500000060000820100400
900006371700080060050000000009000000010000002870000504600000000000050000100920030
500000006030062000260000400800200050040010007000000300004008600000006070000050038
500080000000200001403050870030002000600000530080040002000400106000100040090005000
010000096003002800002050000021090500009000012800000030000006070360008100170030004
000630004903180060001000000009010040000400900000000186100000000087000302204000070
009080005700030010000600200008009000300001400000260000270000000000450800040000760
000000402009005000000407008000000304120000000007001000065104000078000100030206900
800900040000000001045060000100000000000007820007003000500026300406095002200300004
400010000910230080000507030600309000002000000000000790300090106060000570000050800
000038000000000609008600000005900720009500800730200040000300000300065002401000006
000000025000209400006000000170000908005006001000003200007000806000010000901300000
000040008005000070000080410700000000010060049020090000600000103007004065009500000
003709000006104700050000000001090203009400060020300040900000508000030004008500020
360000007040060000000809000005070300000080000270010004000003209054090006000000015
040010500301000008000090040005070000480050010006000002000507200290000000054600080
700090000030050604000460800008630740100000030000800000070200405000004000500000000
000100803200000040008000602000069004000203000402000000000010305640000000950807000
260000004050001036003800020520406000039000062000008050670000000000380000000019000
809065000000800005600000200900003008000700900004000030016300090050000003400000600
600000050230000000000003000800009063019080000060547000000904001070600029000100830
000806300306000000000501080004080907058090120000200000020009003800000002007000000
200004800080000010560007009008000030000180000027009080700900204000703600000000000
000020304024000000100000000007680000400000003096005000060302800000000007708004039
300000000860040030000057000183006090000094000000008065030000500908700000020000380
000069200000007104030000085007900000406002300001080500900200000200090006000004000
000602000700183000600000004013054000000900040000700090020000600001005000004200078
500000083090000705000080024000010000042090008706002000000420070000800000200030090
050100000800040000000302100005000002002600407790000030006083000041009080000200000
100007300000080000020900005090200050000040009600001700500100007230000040060030080
400200000050000200700000003082070090500060000000003600000005701010900005000010040
003081600000060500000000070090040203060000000500107000020009104000200309004800000
000000708908021000000005020600000504280054001000010600004002000810003000036000040
509600080307008500000097000100900003000000050000000974008100000004050230020000090
000800060030025090002700000309000000027008500600050002000416029000000000090000830
000050800600071000010000009000020007259400000408000900002014060000005000000000230
702040000043002098000000000560070001000800200200000007070010060000460000100900080
003069200000048100000000000600000800050000007800000023500790004301000000070800309
000000000000006250006405090200001008000000400170002600008700000300050900790060003
000541000030009006000600058460000000200010030057000004100020000005908000000006070
007004000000500000600910004100800000090007802000239000003001080405300060000000049
006200900000000016807040000000000103032000005109020000000300051020508004000000600
100000902030000000600400810020060057800070001000050200049600080070000000006020000
000010078800005000600070000400000002391000006005003700002000507000320109000600000
000400000045089200010600008100000004008000300009030100500024600000060000092500070
600590000470000020000400010000900081000718300000003005001000000020049060090067000
003105809000000000706080300800500000030002050009400000000090000000200005040000060
000830005000000100070020600680970003710000400000600000920300010500060009000000000
300400900080290050001080002010040060007602080800000000700000103000000000032900800
290070040300620007000040000070000090100907000000014003609030004004000065080000100
000008000018000006040260307003500840100080030000020970000356000000000000506070090
060080105405000000000000000350070040208300600076000000000003264000800001103020070
060039004000521800000000310804000000200095000030064020023000400000900001000050000
008609000300010005050070200140700600000000078200004000000000084000000050000390000
000800063002409000000060400010080000003006500250000001800002070305010008090000010
906000040000000503045000100010090000200570600063001009000945000000000200000730001
080000100005800934000030008546000000000960000200000050790000300020400000003020000
002100008400000900060000504020060009000003075080200000004005000008000300100634000
500401690800020400030008250000014900100000005000000001302000000045000020000080000
500000030006100200000900700003410695290000107005000000302000000000000508100074000
120004000900000070000080040006009004007600103090408000510000000040000012700005000
000600000000000560200000401004300920005080000020000600302050000461200700090004003
905000800100000006030000000800600020040100000000008740000004000500900010013007408
000002010300108002700400095406000000000007400005000080000209000030700000029003600
000040005000006901000023060890000673040000000507000000070000004400009030060008507
000000007400010000006349000000800001905000046100004090600003020050002009000408000
007600000000030000000009620020000080040010200080007035010800070600700008008002100
000090100089100000600008002000000010700080000000302756048000001000006280007000039
000006001600300840100000700000060300970000002006080000047801050000400089009003007
003009400020000710000108009005963000000000503008000060000035001000700004090040030
073080006650700002008000300500000060709050240000400000000000681040910000000802400
000038000090000300005200001000010006000900520000004003600700000507000802000803105
045080000700503000090100030600007208004009007000010006200060070000002800400000000
001000640080070009060090000000000010003009000000253008004005001000062005200107003
090800004000050000400000803000026000041000060006080007300100000800000900004570030
042007300080100000000603000000000900795081000100700530000000000021400700009008400
004021850100800600000004000030000007000006000695000003050018030000040000070600000
009000004000801020000520080000002010040083005006900000023006000070000002050010300
900000000003007001001089400000050000000403080040000002200005690700060104000001020
509080460003740020000900000000600000006057000800000900000500210004002500100070080
000090300008020060910700080004003000020000600800104000073000400000009020500040008
001200000000093000760500000000000042500004008200000500000600004904007103100300000
000030080500900061000016400130000008000000070050040300068400009000000000410570000
069000000000835000100000000051000000600000430800010509007080040040000700300900005
010009004000050000000000851500601003000040075008500000600290408040000000003070000
060043009003700800000100070070008000000501600092000000007804900000000000450000007
406900000000001700310000500203000000000500019007000800020700980004000000000048100
076020901040000206000000470004002500061000008305680010009003000000100040000060003
003005896000200070050090030000040000300001082509000000400819000206030000000000400
000400500030000000002091060106200090000065000000080000607920000020030007000006400
060070020050084960307500400105040000000900000700020600002000300800200009000050000
000070800140009000003402000200000007300800090008120400060000500007008060092005700
400020000036000509000030841000160000780400000009000008000002307800500000062000000
000900000020001908071002040010000000009720004008000095037450000800000070000100500
000000790059018006300000000060020050478000030000080609010007000500300007000060005
080010300003000000009000860400021000006007100000030002000000080000943020610000000
400007090000000000520600780004000000000010008030900106847009000000300900900560000
800010000000520706090030002600000030020070000000300509709000000368400000000000050
006003000001050090070000800060500002300400009009008000000000030080029001000701040
000000080008000509500006400000010000613050000004020000030040900040000105060091200
000800290703100005000020003810500000900002080600090000400750010300040000007000000
400000200290010047000000030800041000009000001010200000003004090760080000000000120
000032700800000209600010400700000100008040006000006000031000900006050810005093000
500290000100000800023080000400602900080000670090050001000000018370006000000900030
000040000840005003100000080000000040900062300000050769080000200090700600070300050
082004600046003100000000930100700000009000000400031208000000006078060000000180020
050000010200000000006780300000010560000820900327900000742100003015200000000000000
020009018000071000000200000000000020000003007680000040900014000008090500053008970
010049000085007400006008000000000608050010002100020007000090001900004800000500000
000003900500800004003200050060008000020004000008500006480000000102700400000049001
000100000206000000430095600050300400700000050004000900000006040300910000502008007
060000700790006021004000509800000000950020010600905800400060980000250000100089000
000070065000001400008400307400600000560807000030025000000290040001050000000000503
500030000004090500030260800600009000040006020200700040780000260100000000006000980
800005010000000070054080060008103000030720500040000001000000000000040050091806004
000900052020400809000006000407002000000098003600000028000000700092000000006050030
700000200093000007800000009068000002400103000027000300006809000000000500000602070
008000070009600000007005002000000003003820700000001040100036000005000009070400305
002000600103002000000080004600204800014000000000613000508000040060000003420090500
004000709000309000560000000000005040008740000300802070803000000200010903050000000
460000020000000000000920300200340000000080703056000000002460180907001002000000070
600710000001302070800000042009000005710050000020006000400000090003008007100070000
000705090000000205940300076080164003000070000600002000007000860800000001000047000
800017000001200000000080500080003000500000000019008042004000021002300080700000605
030000070080605300469007800000090000095400000800000500600000017903060002000200008
004000320350000000000000069000000080016000000900483000000302000000100900529600000
008030000040600805000002000000260010000000000639005040000010008025090030080004100
000000501030910004950700000000590200000300180200000006800030060007400000000020000
020090108009030000000002050087600000003000060400000000018406000300009600000800510
094000007600300000308000004000010090010003000950200406000060200000405000000900780
004000000502870003300900000090000507200000800050102600006000090000000700180060005
001602000700000860200000004005201080000700000004000003000000300000048920050170000
071000020800009307900004000009000408250060010004010005000250600000000000100000800
000008000000201034090050607060700000030004700042800090005000000023000040000009006
000030170007000002006000003600004300081007000000080900300400000000500700050870090
003057090900860004070000000120003900704000010000040000008002600000080000041000000
300100000060004000005007000700095200008003061000070080500000100000009304001400008
050000000007560800002100000000009000230400058078000940006913000000005006380000070
030000600080050000400000102009007810000060000500920040300008000097600001000500480
801004000030100000790000340003008060020000500000040938610000000000092000080307000
020005004180000005004001020000070800006004000030006900000700002400009017000000000
000040500309520008200000700020708010000600003003000005080002000000406000510000004
005000000040000700900000013070000100612000900000200050000037002804690000300058600
500000000040951006000000003060000900054008000030109640000005030020470008000600700
510320000930000120000060007720030060300600010009014030005040003200000400000009000
080060009960104200000000000208003900050000000000590001073050000005900100000002043
006802100000000000030000075050009806000050000000700300000430008600097004073006020
030000200070150000809700000600000500080070000504000801700000000008020094200004000
009008040300050007040002503800000060007000350005090002004000039950000000000700100
000069350000050000760000000001483200002000005004000190000000000920700003000130020
700004800000000005020060900000900000041008000005000371000056000509400200670000508
064010000003680000010049000000000071000200093000035000000000200308000060200160009
093007006001030000004100200000908050060010000000070309830090010070000000100000620
009600080800002405000010000000030020013000000006120040400000600680001207000500000
007090000030841250000300004000100000200050400005008306000600000600000080008500001
300700040520000000000030900001687000046001700000500001167000000000000890000000007
000003700000520000800100030050017000000300080009800400000402000060005042500600007
080021000004000000000000003006008030009040601000150007100003905040000070060900104
047001080000800000009060004900000000410005206002004300700600402001000850000002003
000000080000000004003180200002950000040030007156004000000000192300040006069005000
009000000000060280800401076400007000901600400000930000000008732000000060500000049
500002000000000610000001900000079002050108000070060040060000470403800000087200000
000069107300000020080000000001500006703006000000020900000952060004000080000100000
089000700000240000000800600300470900065000000000000008006004501001085300050900870
003026000008100060000000200000010000040200080000457010206000074704003002030000050
000000000100006500002000410900200050001900007700005000008053090010008000500060320
000300000030200604006070001800900000050032090200708000000000040120000030070006008
560007000900350040000060080000600000800040051002000008004000000630702000000010203
072060000800002509000000004080000001000500400006009802900010060010004000020800000
300504870000300090609002000070000000000100003000005000400200008003047600800000130
000030260001000300407020900500000030070300000260005480000786010000000006000504000
700410000600090050000020000980002401400000000060000790000700038003000500024080000
005700000000002003080003296000100800000000019002090040007050402608000000409000000
000000905030024007000000000001000000958600000060730000000090780040010300203050109
607050001000000000500002030009000010010000470000095600900803006000000800400200093
000070008064210000000000000000600000091002800030000490200500007003700000079060150
100000490400200060000080000000600720000500040000070005060000000900416000507000002
907030240001500007053400090006000900010000000409000780800001000000390000000070002
200800500000051230300000400000000610400900000020406000508600000060000087030008060
008400617020000050040000300890002003000367002200580000560000030000700400010000700
000000000090002703846000090300001000100823000004070000000000400009000080600900001
400000069000006500000800070005003021600040000340007090030080000209070000000000850
070501800950000400000900650000002700000040001580100000010000000000473000090800020
200000000900500400036100000000040208100000000000907300003000070607000130000800000
000850007003002005097001000040600050000093028800000039700000000950014000000080004
020600095000000000070000426400028970300000600000500000005070300000906700001200000
030009605100400007400070000000000800500720006040890700000000008002010000001905000
500701004600000900010200730000004000002000080401000090000300007000402000000090500
800609001000008090030000070370580900000002600009000000080201000000863500010004700
000094000000030042200000050003000905000000700950600420060000000810002000700410060
000060300700350460900001070006000010000608900000000005000007000590040003307800000
050100000000005290400000700090000007006000850003670100100468000007200040005000000
106050002000801006043007500000010007009702050000008400300000090000300260004080001
000420000800005301100000006001073000000000059500009000000030600720090000000008043
050109000807500004400000000580074020003090005020000030040020059002000000000031200
083000000000500020610070000050009006000008002300600000001400000500000870078030009
570020034000000605000008000300000006008007320100000000020070169009002080040800000
750000000081000000200130090000000005810600020609200000060010240000586010000900000
856000400000000000000006032003000500109200800000301040000000207000800000007092060
300000900005000030800400012060200000080090000000106040000000027000070800024003100
600040002005002301900006000000700000000010400001005070000000710000000006800003009
037000800000000050100400009010005006000100080059302001003008000000090030025004060
000980005006000000070005020700030000000500700000104502090000063802000000045000170
700050000000000804032600000003000000800500031074002000000024000000900000405300670
009000540040800700050000030072389000003000000560000000090028070000050480006000200
000100700500007004204006003080010000000000230060020007020001805307058460000000070
000000000100050806000813070007000009090006400401000230004000700708500000300100042
674090300009000400030000970000500010500073040307008500090000000708040060000800030
060024000000089000008003006002000001000005009900000374006300900500010600009000017
000020080060000300000100507700090640108006700004007095500000108000004000000200006
001530000300600000009004510200000060008000790104370050000003020000100007840200000
098050000040096800000000020015002380000100570000080400020000007000800000000573000
400010000000080000700000302820000704000005030000072080608000000970120050040003000
001000000000930007000401000800000410006040309030026008400010700007000080089072000
500060000704800600006300015008700400007000091000048030000009000040100060001005040
006040730200000950041700000009030010000500000080001560060900000803000000000002000
000010600000000718230080900080003000400000080073120000090000004000006001800075000
000007600020000078010000000000030020080209051000504000001000060070050490045000002
000058000090006001502001034000000000000014000130670080304000000810000007000400090
000003000600000004003000006000200008900507000010000702004135060007006000106040090
030010060900400300407006009800003006000701000004500000008150000050000091000000003
420000006007000003006054010009005680540060000010700000000600102070000000000043700
053000080100002000000000000008050100000004206905006000090300040000200005500080760
000000009020080100000460500305000000000000710010700900008902070002001000040500003
000070000020090000000603040000000850000000061601408000056000000008002009070060003
100500240080000000400010050000000002070000600230000000054031900700020800008460100
000900027020000000010350000290000000000438002001700504000240706000000040080005000
000000900070004300209003600000705026300000080000001400700010000040608010090000200
090300002002000000670004000005060038206000000009000200003906100054203760000100000
203000507600000001000020000000103000008700430700004000507602010006000000092005300
000030009500000700002807540010509000009200000600000003900000070004000200000000096
000050000000001802030200000020300400603000070100765000005002000060010500400006023
000000050000064020004907000400000200050021700007000090000408001970016005006000000
500406000004800000070100000000900100031072050200000900005030009800000007000000024
403000000000000300027005910000200001270500080910060240060000000000740036000098000
630020000081060430000070000200040000090810006000002900000001049006000800300700060
410007000706000000030201080000090000000560009000000510027030800800000900600400000
020000700300805201078000000010050036040001000000603090060000000000006003700010040
060000001000000000040001830007000090000300020200700004070865300030004000005020900
000500803000609000100008004030000000000040280009007010600000000200006700083020500
000090300200007605035640009006000910000000008080000000040960700001000000007308100
020013000306000750000800100000000000005902060007000209000000300004765000600009000
007000800020800004003710900080061000000003040051080000700020509092600083005000000
000006080050100040300000700001000000006003470709010006080000000460008000000030007
100407090403500006090080200001000005200000430000000002004100700807000000000002010
002009010007300000036000509000050000004000300010000472000670000800500006009100200
000604500980000300050001006003000670000007000200300090007010003100000064000570000
089500000603000040040600000200000300800700050097020008070000600050001004000000170
700010040060020000020000900230000000000300056001800007600000500000740010405001000
000830000000100020307002000000010003002650000006090872050009000090300001000000706
001070000350004600600890003000000040783020005005000000039006700000000100010058000
000030007000000600080050400293080006600000000007004000000200300005307000070100809
390001706670090020000040300400000000200005003005210000900050001000000000500603000
030000000000000046000900030000004910700020004006009000500000207090200800800037000
000009000900001056005074902010000009000030420000040000000800310700000040520000000
020700800000060003000014200804103000005000000000000950030400500200005730000000094
060009000800000104009000020900002740070080000048670000000700431030000670000000000
600900040000200005002005300060570008000000900080000030400807000000050084036040709
100005000593710000000080700301500009060000450000000002050900200900000080800002040
000307500300850129000000006901700005000000410040000008800000000000526000009010000
607080010019000682000002000000500008000030064002000300003904000000017030100000006
030080009000200007042509800870050030000006002000000100000000000020900543063000000
017060200000970040300000010400600002079500100000000584040000000701000050005000008
000000008600070000250800790080000000000031070090007200000100000003000025500028401
005060001000000827000090400000000500080140000030820040000000070400002000019000384
000000000300104806207000310000040105000600900000008002500820000490510070010000009
000240009320900000000005006071000000000000000000009652600704080093008100000050000
006470000200080003008005700010040008500000032000009400000000100021000075050003004
900020840082000005561000000093705060000030087000000001000310000000000900300400100
600530000030006150008100002000000004069000000400008000700063090000907200200001800
017008000000070600000200010080100054300000090042000000090030700800006900024080000
000745006600000800504009000000003007080900000200060030305000000006000300000000162
000090300000500020000048010502430008000000009300070000010003002039010000000005070
000670090007030000082100003000000430100002500000580000620005040000000600410000008
090000060000408035000510900007000020040007000010920000100803600400000300060000052
087009000000000006000060875000940000800050100000601500000035012104000090200000000
000000820100004000000081070000030500040000009090605000062008900850002400900100000
500000209300000080000208000000007943000100006090004000000080000685020004402700005
000013080000000093900000010600800350100307900009001040000070000325000000040002000
010002800004500000008004300670000420090000000000690050039200040002000010000900200
200040000000008000060000090050930100340000000700005004002000075000012600000086400
580700100000900004003000805000100000000000789200000000050031400020600000040890300
000401070100005830000080000010000003650170000040090008000000900070800002008000056
000208001420000080001400503500080740000900300090140000000000800004000060300009000
000000036000000109307090500074200000200049003000600000009010050480007000050030900
100090400000003000003800000007020001300059008080000250000030020000001706000700089
900006007063000204010000600000780000007000008000050309000200100020173000800040000
006005032090000010000020000000009000040538100005000098930007400002010007000000080
300090000090000002002080031500000043000004260000500000060800000705003020000027009
000000005080002019507600008640501000000300000000090000700020090106008200090000001
000000075742000000000890006000073600000008002003605001009060010105000000200004000
000030007000400509009005600307004090004906000000080200405008300000100080200740000
009030084040100700000000000000280009004000610007006002000360190800700005001050007
040000605602010030008000000010900020020400060900500000003708400007004000000000390
000000000000047060520000300000600090006003104001000002000700058280001000000060030
001000000000530001030690000008070014400000000607400000000706820800002709200800005
002700050010000030700000900005900000008450600000030040400310000000000069100007400
400070030000000900065000018950000700000026000070005004807100000000000000100090620
060008000000910000020000300000031050080000030005007100030804090094050007002000000
100007000900800053000000800040060002002050300070002410709200030030010500000000200
000726090000000100806030020000008500150000046080100903000260000300400000070090000
003070020000001600702638000030029560095000000000000010250800030000000400009002000
500030001030000020700000600620000090000080500400600300007060000300470109000000240
010086090800340507000050080600001900000030000043000700000590008000000000028060030
370800009020007040000030000000900021000013000010200805000000408980400250000000093
900000030001604098000078010042000000080006000000020007050002800000300500103000000
780000000002000900031008027027030000300005048800009000050700000270050006000010500
000000000006020000000500986002000059870000000549060837090400003620003000400000102
004000090209050006001200045700000060000871000000400080050700010800090000000600803
030581900000000000800000000003600042012000000600410080050200300700090001000004000
600000090102300000007000500060005001010090200000103900400500600300006084020400030
650000100001002000200003000000020009000806005000071083309007504070000000400005020
009600000304000001000090230730800000500300010000000520071000005000006002903040180
200000000006901000000400003000050060070006010400000097350040001002000805900000200
205804960000020000000000500700230008003006402000000000030060084690000300800073000
902000000000507100070000800000000602003059000650080000009000040800900705360000000
700026000000000658000900470800030000000001390003000040904010700020070060500004000
800700000000005000109800072000000208900000017003007506002100050700030001008049000
000510000023006000500003000080090500050080402100000000907034000000000630004100070
605000080070028000100690000700000465008000000036200000800000003001007000000510046
000010500840500600000004001000000350500007809004000007030840000006001095010700030
089207000006000015000400000005190000021000060800000200190000807008050600000000000
005000000000870040700209600906001800080700500007000000390000010002430070000900000
000706000900000001006800000020500400400070020059000006000207140005060800000000700
000000000612500080000039000000600508079000060100000030005020000087000009200060007
904027010500400000300090004002006900000000007007930000009500073000700200000062400
072000980000000000080007345007030009000051000010002070000004003046000000029005100
006000300300000080040501009000000060009706104000003008402080070090600000080000090
020000000700000063040800000001400600902000000080020010408000002000708090000010005
000030605802000000700900000000508100200000740046000500300000000070000000000201470
400060000000701090006000300610040030004027000089000002070030000000600700000004005
807500020960000840001900000000400065000200000000015000004090000300070001010000076
050103900070000002100078000000809003000000217005000000000000050043000001801300040
000020080090040003800500000680000300000003090042090607000100000000250006020004005
804005000003000100900080030008007060010000700000100045105940000000060000600500090
010502000890700000405900000007000030000003600050420700000004200509000000043000501
009052700040007002000000530000200003000080050000400089003009608801000000070006000
051700003000000008000620000090000081508100730000030605003006094000300500700000000
000000400700800160400002003000004007000000020008036000610070800020000050004003000
007050800021700306000000000030009010804000000050000200000100003200008640040020000
907030000500400093003000000000000730000005000024100800005600000000081000700000209
000000006400300000030000000070500400350000072900230000002700009060008007010004060
000002000703608000900000000000050160007080054000010020100307800200000503090000400
907800000000060104200005000002400000005001000100000938000006040050000870003107000
030610804000000001008400029005703040080104000002000000000030005370200000009000030
000005200000030000209000004000100000610040000730000000050003820080010000002700605
100600009006002000042008000200009503030050000000000800058206000060090040009400600
037009800900400020508000000000000030000095010004070900000000502006000040100002093
002069000000700064000005120000800302043000700010000009005000030000104000060090000
000000001728050030500000040007000000000600100000240000006023004409070052005800007
003002000090005008100000690006000700000190000030620000800040060000000039040000010
014097000003000020709000000900070200000146000000900008007000000540000700200005084
050006300000000009000800470002010000003002600900003000070000051000004900210000000
600000001830004000050090000000010020000020007090500800000608004060050200001000053
350000800070005010000009020000938001006000009000040050000070204600400000007200000
850000020090015006001000509000800070004002080106000004000060700308000002500000000
300500070081060050000000900000000004203080100045010306706000000020070010000200030
000400000006500104970600800000000040000003000052001709800050407001700900000080003
830005009250100000009200000000074030090000080500000094000010005040003000108000600
001000400800003070020000680005400030400005800000960000100030908093008100007090000
000000030070060001302910000001000060900000070006070902500003700010750008000000004
527000000001005060000003000080040200009000000000007850300081006000000409008000001
006000000009008000050906070008350000000604300400080010030000201000025040700000006
000000020000000530740001009050006000203000800000400000920080005000703000075060000
400000008000100960009003007200000096800400000007020000000300072005040000060900503
080002000300000480090050007000000509901006000000030072500670003000000890020000000
500600003701000860000001000000310074000020009050070600000000000069807000000042000
040900000000057030001060000290000300000008000356100009004000008009000200080002060
600400005008000090090002000004000070020076001800100030900300100080007060300000200
080360000000000400050800900105009000000001203700500000001000070070032600004000009
000308000704600509000000630905000000800731020000006000010009000007000300500080470
000000680300970500205080000800013790070000000500200006490000000000850010000004900
000710005850000000000002086006000003000000050700460008020300000000020091305000004
624000030700000000080000012100000509500700000000002070090201000300600700000008105
570000000040900005008010000206190000000000080000200000700063020009000860020000070
600083005070600000004000900000300002700000063010050400000000800000420000007008100
000000506831000009000080000206407050380060700000000000004098000028700000500000600
000005304800000020500760090190400005000090000000003040408010000000000081700680002
070000063000030000800000070000010040307000000080009105409000000000564001001008002
040180030300000020006270100600000840009610073280000601008350000030060000004000000
020030070000000000714200000000000901096000042100004080209000000401700265000480000
070000400001200860000450000009600000800000390000702004010000000082510600000008003
000100609000000000075036020010900002260000500007000010000300800036009005000005076
000050480005380790060000000006003070000400501050006300040700000300000910609000000
001000700950040200020160000000000600080000002069570000000000070300700051100300000
600900000000850070004130200289000000000005600010000000092040780300008004000090002
100000300000000400700403509823000000900675000000000040000590007070020000002008000
490007000000000030000060000000090200060002083509043000600080109000400000700000052
103060095000000100000090038000300000002500400001048050007900003020604000000005700
580000400090014800200000000001600050000003000030090060007500100000080000009060043
008060000070900300002510007000000100300090000007000060490003016060005000000000080
302900000000004031005076000500200800009000700000000604200005400700000000100000075
520008004000060000036000250809003000000000600040072800000706500900000000300001090
800000049000000670017090000100000400003800000400060090500000108000301000300007064
054308906800000000700402008000040000000006510008090000005000002400600000020100070
000000400750090180000108090400007006206050000090300000100000000500000802003800010
003000001800704300900000007520807000709000030400900600000008700080000500000020090
700360050003000207060005000100000005600000400400197000390010000500000780000900040
502010700000000000910070050080020090000300000005700006207040030000900004309500610
020040800040001300003060700000000000209000010037504090800010000000026900600900003
920000000086900030000000504600304005710200000000670040802001000007006003000020000
004701600000000000070005001900080203102000094580000000000630108300050400400000000
000000500200004060039700040000009300000400072050003800040000050600000000500080030
000720406007000020025000080080000000730001000100905008000140000000050310000003900
009000001305041000000000020000006030070000000000020605050090004080650900701004300
009607003021500008800000070050048000084000006000206000000000930003000040000010807
000000630000209000002400008005000000060010090807043000000000580400700000700005003
500180006406700095000040080204000010100000074005000200000058000008300000700400001
240800930001005002300000000430000090000000007008009250000600401050000000000200300
000007069000060000720000500030500021000200007000043000201000050005900000009300400
000000000630700000500000100201030080000500700000000300002900018070205009480001020
000083000920010003010000790001000600600000002530020000050000109000004200703000005
018005000000000800020006000002510930900200000006003700000000008000700304850900200
000200070604508090500900000000040000000032008002000106105000000000006001900180003
060709000002040009000000478005060000200008004000500000600050000000300050000800193
200004030000080520100000080800003000000000069000721000500012000006049250000060000
100006500090020000080000260005600000700500810800200000000040190200001000060300004
720040650510000080000000000900006030100000500045007000004020000600800001000004203
040200509008500470090600000000020000000800060000304700207000600009000010003090020
040800000090400006000000804001030700030050001075006302006270000000009200800000003
083000540000060000005000008000020800000650010092000070040000796200100400007048000
600400000040000005200010094010803069000049000730050000000000000083200900007001508
500007000010000035000000800700200906000068004090003010000010000005040000040002601
000004100000603002000000730700030000000000001001006490500800000092070650030002000
000007004070000210009800000000000000000046020800900503035000100000071000040060095
620900300000000500000014007000500000307009400000800920503000684000000005000006200
050700000020008500001906040000600004000301900006070000000000000760000200802000351
070300000000900006105006040030020010000008052000000003900000000050780000000103600
030480005000002004000010000003007500040030017700000400000200903000870000259003000
000016900000700800080020075000032000030000080200180700000000000810000690749050000
200635000003000000008000004581000400000501000420807000010008095000000006900060200
000000800000501400762800000073000040000017052600000000090003100006040008100005090
090068000000430020001000000000006002008900400040502000007003040060000100800714030
800400006070000900000090010100000009060059000507820400005003072000170000000008000
105000000040005078000000600007020006000600000630800490900307100000000050000098030
050400020000000705009300010040000008200005007100007040000706900090200400000000060
600090040002600000005001670000000890058160000007009003700000100100207008000000000
002600004800930001000000800100700005050400908000006007000000000340000000096102050
000000704032005060400200000708500002050400086000000000003002509610300000009000030
470000052081600000000003009600105008000000005050080400004000760000048203020000000
000000900000003008009640010410005000006309000030000560000210000600004001500070040
006050702000000000070000060008001000009003020500400000000067041060310050004000008
006500400010000030024600000000001500000900020003004100008405006000020350060307090
000009080470500020052070000000100600008260400740000005004000000017000000000830000
007300000000000500100090040300000000080040002040017000002079600070830004050402009
206800000300000406000000030051400060000060040000008950060097000027000500005000090
000400008509000400010650200007901000000000020025064000000003067908000004670005000
000000079960000500040700003724800000000070000800003000000065200092300005050002380
010900000000008005004500600902100400000000006000407030000200103040700000060001008
200010004000029000900004080003798000000000620000001000000070009000050038170000005
005016007000002610800400000370000005000004009000000030000000700680200004150000290
000006200030000000120080094000010028000000003047000006073004800014798000500000000
308000610009000000070002090000005900001300800060090040087014000604030000100700004
000300000000290008213004000000010630300900000008000005050180000006007500090030010
520800001086000000003064000401008000000005007000023600000001400008300020060000090
090000020370000960000000007410605000007203000005100009060008002100000390003004100
306000007000000840000400010090057000060300090004000006080960700103008000000000500
800000000700009060000000003300050000480001000009000200001500024060080100030400500
000000640080000003005300089000100004500008700008070106700930000340500000000047060
080260000053001672000000100060000385002000000000009004000050700020400000000638009
160080250002000003090007000205000007300000120000600300089005000000010670600000000
000000000000500478200090000904710050000000000350649700030000017010020390090060000
900701400400000300018000020070320085000000716000000000000260100002003000800140000
600002000800100000095040000080470031040080000000500060000003009000000043020700510
005007080000406001700900400300005000401760000000200800000090150052000639000000000
000094000400030270160020000000009000000006003803000090090087040080000010070100800
900400000000800079200060004013050060000900000040030000502000010000000045007200000
001020907030000000000060080000000050060450000000030106004002008510070030700000060
000049020080020000000000308004000002050900600700084000408500700006000003003007010
004800000000000070005069048007000060060002500200040080080000051630200000000010036
000500700000720609020000001012000060700400000000000500900250083001000000508900100
059000700000020080070100000500408300000050060000200100900000070068030910020004003
003060004500030006000120000030000600870000020000008070060000000704009010015000000
300004800100020000009050020010060004068003000000407000092000407700095600000000000
030000000000016090600302481000004000080050007200000000050040030060000000004870902
005160080000007900000000000010008093300000000002405870900001007060002000000080010
750000000000600000000025108000190004080000709090050300160900000200800000003010020
503400000000700580007000002000006048020800006000023000000000000010930060000040950
000000350000004900000190028405002000080000005000047000000001080670005030098000006
801000020009200004007000600000047003000000560060000001003000410090006008000051000
400000050009450002000029006003006807000080030007000090000042060070000400100500009
000000526210005070080007000300080000062100003000000092050006008809000704001000000
600300205005008600010000000900603008500070409000000070000000026850040000720000010
820740009000300000006000100000005024003000708090000000260000000500907000030251400
005000003800210004106000000000000509780600002063000000300040010600078000000000940
008020000000007300065900108000490030050000000604010000040200001070600900000000806
000100000000009307060070040390000000006050030100700200000048000078000025004000009
400070000038000000096002300900410000000007008000050007603201000000000501809000603
080200003007000006050100024008010000000000090103000700805063000000090302000080600
000005020100009080000076000080700200000090000500100460057600040029081005000000000
005209000000070000280005030500406100090000000000000800009104500000020086000000007
800000640041060700000003000092005108000200000005100200900300004300400070000018000
000300700000500006020060000080005012300200070060040008100000903906000000250006401
009100500005902036200007010000060049000000001094000020300810000000706003400300000
000520000000000607200700005602070000700050002039006000973000100000800906100000000
063001940410060000000070000070004080000750200600000500001000000500046008300900007
800019040605870001007000000000000200009000500080400010500004000003021000100500000
800047200030000008009000000006090005053100600700300000108004002000816007000000000
060029030090007006000400000600074001507000902003000000000002094000000500740600000
080740100020000030309200700000000002000070060008124000100067000736005000000030000
720900080000000076090045000409000060070000200000009004008000000030074000000062010
000209008080370060009160004900040005000800009301007000000002050020000407100000000
000370000500900000040000093000000000400006700000709508260000040030000100000830200
502870003000040100000000000300900046820000000070001090000050230200007000030006010
000800062007019000000040300008000000020000950300000007084600005735900080000000090
001070900009800000730090050006520000027080100050340000070000509910230000000000002
800000003001300060020500090090205004000000010002009700005400200003702051000000000
020000300060000900005030080006080524000060007000907000012003000070200000004000600
008000010040050000000029005100600400009000070020000006000280501080000300007016900
004300900309602000000050000240009700070000620008100400000000080510000070020500000
801003000300600000070050060045080001000000900900000086007015000000294100000008002
500000301070009000060082000300700004600000003290010050004000006000006000000003248
500001780007500090230800150008100020006000000410200930000300200000005070000009010
000709001000060904080000000000206010500000000090080650701000500000104037040000000
000960100000041000000007008100000070000000025020004900031200560070000300260750000
000410000006002000750000030600900070098007000000005004003000051000389000000100009
800004005000060010600000000007900000003000504100500000571600000060000000000070209
000000618002000090000105002000087000708000500006400000039050000004006200600700030
060000000040200010702000534106000950000030070000600001087003020000907400009800000
020000008000109060000048731438000000900804000010000007090000500100000003500703600
280010070000004008010000000068072000000000001002005840045000007000090600900060050
300008000600053400040000050050082000000190000010700080702000049060900200004000005
008000100006800394001000070100060000060040700002005000000050860000020037704009000
003000000000004701007905800000062000000830002060700030070020005050000080401000009
000090450040000007007406020000003000076000840900000370500030000400905000000000260
000807000090345000000000230034001502000090070900702400207004300000000000063100000
000500000006000700800007000027036040580000670000000200000002050001900002700100830
080670050000004003700050004000000820050300000800507400000400309007060000100000006
900300000003068000700020030001002000070910800005000009300000098000001000200506007
003690080070500960000032000802000000061000000500004802090050000007300010000800000
402600070000002005000380001010200000607000100900000002060150700000730020050000009
001000805300501070200090040000150030805000700900000006039004080028000017000000000
800072090240000000036080000000013020170000064000504000000050070020000800000238000
090000030080000000001900602000070020010003400600094710000000090049008100020010864
001030680704000003000500001000020400000103700000090005420910000300600000109000040
070000050003080000000200008061008005000000630000007000092160000005000120000490006
005900070001340000906000050000004605000000040010089000200003008009000000600050009
060580700008700010030000900001000600000005080040060000009600000670042100000001002
000000040048020600000008000600001074500900000002006010030080500089004007207000000
009000008500000070040000000300000050000000004056013900000640000008005200200008539
000004010009320000300800004836000001000006000205000700070519800000000520008000000
029000000180000039000005000702501000000300800094000500040030200000200080010460000
000008005800600000000070000000006310030000000027090406003100900198005004004700050
001003000924000000000080601000500106630020009000000038000400800010060000300002400
008001900090023010200090560080015000009000000001800004100300070060700000000006005
000000040005203000300048050006000107000700030020310000400080005070000006090070000
900004600008010000200050400406000008800490705010008000067805039000003000009000004
400080000008300005001000000000005002000720010085000000030500209000009070002100400
200800005006000081300050900000300700000079530009000008060020009000090640000001000
060800000070009000000003700010500000002006050005200107000004209041000003200700016
600050030000001240000000000009000000001070086070060100030007005408000900000038000
005200006891060000602000900010500290000006000000010300000053000000741020009000007
009002000700300500108007000070003005000010260000000010000005400002060090000924100
376004000001036040008000000000001902000000063000900500002000100900060438000090000
000360080400000000130000049810000002020000900000400700006005000085100030000730000
060000003400750600000010000070008001900040070002003005027900000010030000800002100
348070000061005000209000001000800760900000005000100900000000004000406002003090050
000000000804067000050000092000000703000700610080600004500009020030000000600250000
801050607040080000000000021008000005030860000600045030000079500060100000020000000
040900000000265000000070090000000060908000400002480035400007000000000027021009650
038020065000000102000050040003098006600000000072000008000000200200403010000100700
090800054000001000003000710930000000500000240600002075000080020000027001000043000
000000000000008904020000016070005000800062300002040000050013600006054100018000070
000400508006000000100008030000200410804000000000900076000100040060790000700000093
000000400000007002040900018900000700000392001200800000000000504060200080500006003
000001620004089510000040009012000070000503000090200400750090000800000100020000000
200060403005200000007103000100000002000007010006800004000030207600500040040082500
000500100040010290000890060510020600000000000802001070003260008060004000400000000
009305000040600020700208005502000480006500090004000201000000300000000000000710600
000600020000003000009004061007020800901006007060035000080000090700002000003000150
004060105000850000008010402060002800405000029002000004100049003509000000000000000
800000900401053600000000010006007000083090060170004000090000703607000000000400500
401000000000000300300000017028500000000000890150700002000051003000390000790402000
000006030200000005083100070400000800000500000002700010000002000600008304370005100
000004060003100000070900120000060002860000070900000000030700805000005040080031700
000400790607002000000300010020000000000017000046000070200903000000000004000104805
000109603000478000900300000000000905002000000010004078209010000008000090050000204
090000031006000000000005026000030000000028005010070308430090000020000000000610900
603800010000500002500632000000005000700006009060020007800000000000703501000001300
000310040000407002000000006500000800000963200700000000000200004610000087070009100
409000010002000870070020000000000100300097000604100500000000090000460050506280000
000000108300520000000090004009100000000000730007004060000002803840016000700008000
300500060000030000000180000070000050048000007090200036000700000010050900020008140
100800030532900001006010000000090000040007500007000206000400005600020000025300600
500040600078690000400000000307000040000700000600800003000020074009060050030100806
050702000210003600900000000078305010004010060000008050000000000000900837785000000
006300000200045700000010543000000004000000672900000000090050300102007000008020095
003001200700030060090070300007050000004100020001306050000460000029000005060500030
600800790000000005008700000005107000706000004200300001804003500020000000000092800
008010000050960004900500301004000170700085003609002040000004700000020008800050000
730002009000059010020600000000070040900001000607000000400090000002700630010000400
000002070008000042500370000005089607700050004080016000007030060060095000000000008
000020050832000090060000800450007010700800000000600500900000000003090000074000006
800900510050030060009000700500096870000807000000000000700080102620005000900200030
000004000009871060000050240034000070700906020000000300650010000001300900000000031
000000208674100500200009001120005600000070000003000004040807006019000000000050800
006043080050200006300080400001057000020000038900000000000000021000300090004005000
000700000460010003000000200009000051070008040040100002002400309700602000000031000
000008200000000010003070800060009047300000065000607900907080030001000500050710000
000300000000000530020400100004907026007000000610000000000005001500002009200600080
009108450030054900080000010060001000000090000050000004000005086700200000000630040
005900000100007006090030000000408000000000020300000951000500640700310000052000700
035400080200000045090020000000078090000000100000506000302010006050000009600804300
506002000900008560004000109000500700009000030070080000000000002610205090000001800
000000480080190060200500700050009870003700000040000301014000000002013000000000050
000007000470900000000000906002700080009210004508000009000460001000500030360000040
001027800005000000080064010000003020800700000043908005030000600008000070000200903
003000806600300007900600540700800400000000070820005000060900000002001050008030000
000000701040900000000010080010400008700009205000500009005803000170050000206000400
009007610003500040004902000040080052030001907000000000510000000000200800000000060
400000600000870400080010050000008020000532090006090001060003005009000100000000030
020000860030506020001000700000040000302017509000350006008000054090000600704100000
400000067020570000080000000200004070070800020800900000000600930030050002006200050
000039000006000000030015700009500200070004603000000000008060904090000000700803001
030500000706000000200000016300807021100000857000100000000600005800024070000000400
000820000300000706000004030005030069600200000020900803260000010000000370000580000
400013600000000040000070085087400000024030006000000070000000250100900000506002001
280000060590000120000000005000050000000094801040602009000000300004900286000703000
060407010500800009010000000354060700000050000000700400009200185002000960040000007
001700200600513908000006000500060000090008300002000480040000001009370000000080000
207060004000304980000000200700000400000200800080070000009500000800043006500007001
040308000800402509000790000076000800590000300000800002057003000900004000000000038
000010000030000080090002007008000200070004005305200860001060050027000040800000000
700400809980003050360000700040800600070015000500030000050009000000500080002700000
000000000070002001148600000400003080000500300002900600800000007300109000600024103
000900000230100000080030500000310080056000012300004600000080100000009057000600200
840000530000007060007980100002050000050870010000063000010000006005000000000608950
000503200000004000710000030001005004090020000070060009600000300000000702004039860
001000400004510002000002005000009054530080900002000000080003001000007000090040730
040000000018000600000905800056001080900050010000000200400590003003840000090070000
001002000000008009907060042200041380040090000000620000800000600030000000000000207
103000200000000000000572010000000000080001504035000000000820007600900300597030006
009004000006370000000005600050030200040080010002006000080001930007093002000020080
600098041500006020009032600020100800705000000000000030000000700403060000000009100
005000000001020040720006000080000051000601000309702600500140000800000090060800000
000040500000580006007200010239000000000006400100000070900020000004009200050400003
080023601400000000000000000036170400502000098000000000000014050000030070800500000
000000960040296083000000005500030009030004006080705400700000040490070600000100000
070098002000760000000000003006070100000000250701520000900642071000007000500000604
700500000528000070900000600300902508000004020000605007009208056007000900600000040
000500060030008000905700030050907000090012000001060074320000600700000000004000100
004000080012000000600010400008090000000002501200503009030058000000700063000000900
006001000500680000000000040000700000701948000040003058008000603000000014602300500
960001000100000260000080400030007090000006000507030000006005000010209000090100070
046007009000059002001000005080000000060038000002900030003000050009100047000000060
200970040000085210000010500074003000090800000500000073007000050900040020410000000
002460093000310000000000014100000005400050000790080600000000430500000079000700500
007400200010000008000002091001000062080007509060000040800050006900000000050600000
000500002005008007400720030090300800060000000000090040000040708300070000580000090
100580000000702010060000000070300000010000060003000980820007600000190000000000734
030000060000670009000004002307000800000041000910020000000007600006590001000802900
000010038007004690006900000709000000080100050000030204003050000090000300005007000
004900001600010008100000300700090105009006000500007060060240000002000009010300070
100000000003217000006005080050000006801000500000080009007046028000002490004001300
510007086000804005000000070000080090400600050007000004005390200006020000070008300
010090000004000090200008001800060004000457060000000000020004800706200000090000100
500000000008071030001906870409080000000067000105090000020300080000000106000000900
046000000100009000308000900200400070000912340000005006010040000009651030003000700
000700018030809000016200000000006800004000500000300006320080400500902000070030100
000007150090400602005060040600000700004013060080600000000000090001008000009005030
087409005000030090900007008200004000600100009015002000100050804040000050800000103
005004200000000000907100000300000580750000090004087100000900053030401006000000800
006090200040000003000620008070000000591080007000015090000107084000060010008030000
070020610005040030000007002590038001000000700000005006030000000600100300140063009
007056030000904200000000000580000000000013054000070100068000000700608090409030500
000905820504000700020010000300640000408000000201090008000030400000571000000000605
400000002030001000080203007009000061000600400000007083200030000800060000090018000
000603000007002603000000090005000180004100000000200070001048900000000700073090042
051000000940305010080019000020050100009020300000006084000030000400000050000207406
000900000028005000000030000002000080080604309100700400600000070040003200001040060
090078000706000080000000015009500200080000003100030500207003000000601800004090001
000001400000000050207034001060009000050280000000006130005000067000010003700800000
080170040100000000000000005002080000000940060400710009240000500090006071000020080
500000000942005000007620000000901070000050602700004918029000030300010800000000200
002019053070000060050000000000008041700000000003952007000020000139600700000000030
500400003010050086060030000000100420000000000074000000800090010205700600000200039
074900020060001057800040000600708000000310500000009601030000040087000300000002000
000403006004000070900006050000080000000090031008300094040005000600100007013000062
000800006020079000006010000309700080100060405800000300085000000000900523000007009
000010000000309060205000000006080204000000001000452003074500000050000039000024000
008003907051000002040108000000009000000460230690001000003002070000010400005000000
904700000802040000000005100007000000000002070020970300009004700200058910100300000
900002060053000008070000009000000002400900310001020080085700000000005091006030700
030000009000008000100060080003250090000000042800706000040001008000070000060300057
000002700000506000020100840000001600700009100501400009069070000200005000000300000
000200035300007090050094002804000000510000007000902400003780000000100000000000060
075031000010000400003000000300000050008500003904000610000900520000000004007046009
001000600700051004000600002010064900000080000270000010092500080800000000000900230
000571400000000000000002105007004906802090000000060000400000580000000003010043000
000050809000021000000804300021000060070003091000009000600000000004000700082060050
030002000000560000900000472090800064060000309007000080000604000100020000084090000
070200560601000074000000108900307000403100009000002000008600041542000000000000050
053000000100700430040190008000009000260000040500200170006080002000000000000571000
000602001200050000830900006000000000107000085009030040000860070000009002604070000
000000000075000920040210760001080004050030600003070050000000590020700103600000000
002000000714000000080000031000004080000200005051890060003052009090630040000000750
000600000000000587030708001528000010610007005009000040000500800900000236000000009
900000070004001050060080009000007503700300018200004000009070284000500030010040000
009003007200000000060000300000040080406200050005000029080000005000300060040170000
005600003020000000008400000010098204070000300500000900084000020600000000000560090
000080900100020070030010060007500400600830100301600000000000002070000003008004000
060700000800000000732060000400006350000000409009007208000000004007209001008150000
000000000000620008080001094100900300000050000003408000020130680000002009010000007
062000078109080000000500490000000000010000040000790102025040700090000050006008009
600000400082300000000509600076210000000090050005006000000800010700000283030000000
000000000000060029300700040000100080070020400800596007007000000020070015030600904
006100020005000704030000009000064013760000000000050000900010000083049000000800002
005080010200400000700001000001000006006009000007600009000000860809002501002530070
000295700000400398600700010103000000080300004000000000700002003000000500201030800
004030507806000000007050000000092871060007004000000000000080000000009003108370090
190020000060000003004000920020060000005290007003000089000006805000037000010000000
276030000100000506000010009020000080000069000007802000010500000630001708800000200
200076010030500700100000020000000608017200000000059040000004200000300000560000400
000080010710040000000000406800005000000020001005790203050000032300010900000052068
080307060020500000300020000000000000800030040001900736003060070905200080040000000
200040070004060900031008050000000000148000360376009000000000832000000005020506000
400700590300000400000200008084036000500010020190000000710024009005009000900000003
674000350000000000000860000000200000700000410001500062000050100903000800005009007
002010430050000600609000000000071020001004070023005010030800002000900000900000000
000038140005190000830000005090006503206000010008000060074060000000000200000701006
090000050420600000005700040000302007007450000000100060000000000006000503010247000
015000709000020000000090100700085900090007850000000000009400527870000000003006000
460700005000000900032000100250000000090000030000801500004308001600910003000406000
100000209002000070005000030003540000010300900000080600730004800060200000200006005
426000170070000003005000900800706009000009000090010342000803000300000000004020000
500000960000020000020140000008051000905080600000007080000000200270309000006000370
087600040000000700000000059090020000000706020103480000000830507000200030008900600
000060000067903010000470003000000076000010250800000000000002000400007120710030800
002000000008014735700000410000005300000000009074800000090000000000640500500082070
026000000051900070900000000005003002000001003600020000000050407300090068049006000
000000600001620000000500200064000070780000002102090000000400000608000190009078004
000000090000092010030500708403100000510049000008020000082000050001004030600050900
200006000509800603007000080050000009800160040000400002406080397005000000000070020
000000300023001046040000298000805400012090000038000000000012000901078002000000005
000007000609050000700840910005900002030002051001000008000170000000003007000089030
000020810203009000900004007500900230020000000000067000000000070040070003180500060
650008000002001004000900000500000090720500000801060002003000600200040000000016057
400000090000590068000400070800040000209600740007002000000003200970016000005000000
690001003002000004000030060000074000470060080000300005025000006860095300007040000
008000000005006000032500860020069010050008600000200030190300084000000100000094000
001600000200000700479100005000070800000090000102000000000906280000030509008510007
920008640000500000008000000307600000600100000001700502000000070006030080100090300
020007000040000600000400507000600730000000800009100050607010090005000120800000000
400020000060090000000130008010007800040000026200000007900000100170003004803000090
000805007000000201050160000100090000006000070400600020020000000060082930030009500
000030081000000000050040002790000006004005090060007030007000005400070060002960007
000601000050000000607040508100000369302100000000000100000004003206800900000030082
820500900000700000090003050200046107000009000010000643100000074040000000009000580
060001003400305000000040200000573108000000050080002300601900700300120900000000400
058000090000009001000300804003190002610854000000003000580000600071500000000700040
800000006732000000090107200000300409608040030000010000000000090080450000200086100
605003000049070000010000065056100000000450290090000500000008004008000039000230100
000700000056280000078050600000070003000490000003000754060009030000340020001000040
800509000019000003006000000000000060704000010020007008030800200200900006080002007
000705800020600010800000020200000400705000000006407038410000007600070000008042900
000000000040072006572000081003000000100060030080950000000000458067400000000008070
030000070020000400007040308045300069002051003000000000070430600600000007250700090
800000070300010090000604005009040700000973020000000000041200000060090010005100060
406019000005000819000000200040006500080000000007030000609070002000600000800000403
000090085890450001200001000100007000004300002000080000000040010509020800301000420
410800003080900000507610080200000000000200078308040600000000704000003050006009000
000000600060004090700000103008040270009803004007900800300207000900000001010500000
740300000100800600000021700005100090000000000080600400000009020000000080060430907
007309060100000007009006050000040010030008000090000002000800230004000095000104600
601000000000002400280053000000600043000005900009048000000034700106000309002000080
000013049000080000000002000050709001001000290020000080600207030003400800090000000
000040008090073000000000973003004090000007310168020400570008000000006049030000000
000200800008010500000700040300072090060800001900400700806000000030000407010904200
000800090005069000008000400000000020570028006000400017007050681000180000000300000
300600009500130004000000000600002000030800000402000500080006100700940000900000068
001060980508000003000000000900080020200075000040020006820000100010800075050010400
003700600000360048100050020600400000072000010804030000000009007000000850040002000
069005300000900000300260050010006040250001000000700000005340070001000290006000004
060900000720400008009080030000052090040700020005000000000007300001800500000000409
006000000000209006700000201003740000207000010400005002000050080000304000560028003
000000000050600700020053401000180500017000080002000600080000000001078003960020000
000080003800090540420010007160000904000009300059006100000008000200030000506000008
001700408000000070026000000000100000600080900100290305500010026000307000000800500
000009004680100730130000000000500100790020600000007000006802000015300000000050040
140030200200100005000000060007900050000000706800041000008000040002000009950070602
408000000000500008006000049080002060200470000700100034000008090600051000000600300
000200000020008040015900008000804500050607090007020000000000800032090001000003009
600070400000200300804500000000900082700062000400007100000000050096000000500400230
500009600060500000009300070000008201098207030003000000000000800300610004002000050
000600005376004800000802017040003001003000000201000700000000500054007000000060908
075060000000013050000002700200300004000079002007406900650000000009004800740000200
054607038000080014080309006000000609000060000000003025036000000010200750000800000
000300749000000050000264000020000060057690010000720000200400035680000100010000000
097000082000007004000020000060070000000004908025090001030000896040080000200001030
073009086269000030000030000030005020000700000100000805090000000708100003020500609
001600090000003200900000100500000703000000000008051000007160050400000020000807400
000067009000000000800000000090006100468300000050200800007000000604010057380900060
070800040200000007010000380800500400000020000006010200050060000000032760090000000
500003006000600900700000030803000007090456000000300600000068200000510409100000000
500001680000000001890000205005000096010000400079004000008040060300000900000608100
010000380600007000403092000000700008500009700100000609009500006004030000000000050
000500001020000070080361050051090000600000000000403000000280460003600090000000080
015380600006000900000001008040000000000020090200068003000000001700000050539700400
709012000000073000080600000005000091340960020000000000000007408400050000670000030
060300000800490300000206070098000000007001200000040003000050090001000607900002050
900100402060000031000204000001020000780300004030050000000000670304000000006000005
000030009720400001084000020010060030570200000000040050000000003008000900090100260
000300000007000018000004005000500030300000500086000070060803790900760200005020000
400030560205080040000000000000702600800100000900004300040010000070040003000000094
000000800000735002000100000005004600900800210001007000500000060000009450087400000
000500702001200000020841000000084000060000080900000070700020004600005090000400506
000901000020005000800600001310007090000040780060000500600570000109000205000000004
000050900035000720209100006092400000800002000000000060020007000100004050070300200
410000007508004000000600020000803000000920006002000840204000001000000609070000030
000200000000809642000400035560080400002000106087000000000000000091030000400501320
000007002073500080000900030000052040050000860009700003000200056300010000020840000
005000200000100000020400500000008000000950304061000050009006102380000000000203700
000000043000200096500001000350010000004008020800000000000009700092007600000085000
750401000000300200000070000300815000500000040000060903008009006900500000000030409
008000700342007000500100408000504100000090600050000004020048051060000900000000070
076300109000700800000102500000000400085009000009400000000060000010000740308000062
000006580000900030630100000004050006720300090000000305000500800001070000840020900
000001000804760000703000096040200003208300000306000000000500407400000305075000000
000530000716000008000010400103009504000000800000400007060174900400050600070006005
036020000020701090005040007007083000003500001090000000050010038041602009000000000
004020007009000040000100000500010000800470690000030001075003160002000050000092000
000070200009600080000002045320905000000000100700000090084000000000034060003007002
000002469003000500000007002004030000309700000000625030000000001000010600601450090
900200000000080500400007809350000100200490007000000000100600020004810900000000006
604000000050070000000500607000054009080320010000907000000000003005000208306800050
030000090000061500009000006602010030080000102010080050000050060900006705007004000
050007802706000300000000400005302000074800001000010900401000020500000009002006007
006000090001530000000070052004000200002000076000620083000000700903201004600004000
600000040200000830000943020000608500000070000058000300930020100005400000002039000
054000087800050600000000030000000090600392000105600002900008050000100004020000700
300009010001000086000000509020000000070510900800407000008000360090074000000800100
600800000010043000000070205705000000200030000000000003080600700500090001000100080
000005300000304006030000009900020000570000610010800007001090070000100058800002000
008000905040030000030206000080005000000020000009618200400500090700000008012900070
000705000000080050300000109000000000018037000040000002003020700075008090102000608
002705100580000600000100000403000001600000007000023000000200006070564000000000830
500031800003040900004020070000004081000306009048000320000060100100000000092700000
000956004400000010000000050900010070000008905060005000006800700802001000000370000
020001050400000000009000008000000600000108000015200000100894020000730010306000049
000690000000000040050174002008200000600400050000008007860000010910000836200000000
501000000060900540030000700000000100200014038300800000005002070004068000090000004
415800000700032001090000000000400705000090000000000400032010008147500090000000000
307005090009780003020130007001400000000010058905000000090060024040000000203000080
010532900090000008365009002400060000180053000006000200000705300500010000030000060
700000060001607400000005300080970030210000090000000500007090600860300000005008020
050030060030901200197000000004000570001200008000000400003070000080600041000500020
000000000423001000000380007000907560654000000089000100006009050001830000000000280
200007900400030107009000000100000046030000000007050003794500020050600300000004000
010000070500000003000230609401020090000004000076008000009001400600003100007000086
000058004600002050000000700001000003200400008000370006080029400032000000740000000
051700004006008000000000000500000098093800205000006030000090001070120300020000049
000009070000000800008700590020000900000062003005000700351000080000420000070051000
900003070080040200001960000010607005000500009408000000000000740000000900043008000
030000709010030008000002000090000030000089000500407000020000050000174000160800300
020006001001020004300100000000070002000030060400000000108300400903060050060800709
000000320043020000050090008000506007070030104085700060730000000020003400008000005
000068001001020030603009400007000002300087009000000000510030000000050040806070020
201850000000000000090300086040700809060000000300002704080405007000003100000000008
006905000300400006080700150007000800009030600000000007200008040030100000000020003
000000600904000700010800403000060009080007030705000000000010060650702800000500000
002040000045001076306005000600000000003400000200600785937000001000020000000003008
050600000082300600600401050000090000230708040000000039000900000008000023060005090
008407005000090003062005400005000010380650092100000000000000000050040008090000300
070000020800020000000103007708000600495070000000500000200069001306200950000000040
004900020000500809070083000793000010006800050100000000830070000000008100040300500
000200000000005040073000008006000800080902003000700100600581000400000000029300050
000001000073600000500002700000506100010000000008100956802060000900008420000300800
000000208900508000020090070002000000060900003803006900000000059300400007000603000
000240000500000000020006400000782000009060230000100060750000100800400520300810000
000013000007000801300020790600005000000030180000000020060250010000000907004080002
614900020090001000800603000000000000000006010007000840400000308009385070000009000
000609050000800010903000002490300000002000000007900603200060000074005000300000047
051000068000010005000009070618200007370000000000080000700300000004090051005000730
960700001700002000004000970010640500020000000406000000000000310090100000800070600
090002008007300200005079000000800000030005000006090807304050069000000000020030040
900050000000600800080090010540000200009000000002070036000007480050004003006180000
034500010900326000500080009000000050100205000020007000000000380000061000047000900
935104070010000000000509000040008000070040000100070024703005009080600200001003005
001000084020905010000200005700006300000000408206080000009000040000004030060320800
000000000700060009040038176004305080500670320006000700405000002000000000000003810
050100000009000000002097003000000085061580000800000120030070450006000001200400900
090000000753090001000007800107620009000300000400000005300000048048002000960001000
030020780008014000000003005000030004090000000705000000063500270807000400000100850
060039001002000050100000600005080013700600000300040000050000000200300047040006009
030000604800003000705800000000700000000012305002300060000000502040900030000060097
000082003050000000000079620073400000004020007000090040090000068800150070000000015
100300600005402809000065000090050040408900300030000000000000030084000190500006400
040030100003000008061900200080000003900051000002300000007006000000000001120800397
830000104504003000000070000005002003240081000000750000089500700000020000601000400
000000020018000004005000003900003005200540006007008000640030100000050300100000490
030000600001006000000340200000000078509030020800620000000004005002000740010005000
005200040070000310100000670402908000000406000080050000006802100007600000000095008
080450030063280000000090000000000020130000007076000009000000000000801700200700690
000605001100370002000002045300000900000480500004709020480001000006050000700000000
900240500030050010050006000007000600003710000000900002509400030080507006000000000
000061830000040200060000709000803000042700000350000000006008000500004060123000000
009108000000306500006052700000039800090700000081000300000007004100040003500600008
000507080002000004900608000000001208000702600600059000100000706000000030046100000
000007000403018000200090047004000000000000050001009208700200560009000800160000000
000200040140070900809006070063702400004003010010000200098000000000000000006005308
001040000050060080030000900070050400005009000842300007004000000900000032000000006
520001000000000010690700020007008006010002008009000007000405000068097000100080000
800270000000000918009500300700300640603400000000010000000800000000000009042090000
020000004005030000007009000003098600009100000040200070810702003000300040002000001
760040580000702000000008900000001070000263400090000006042000008300000000000304790
000000020000201006700000408006300002040000090050700010072060000000003070103090000
000005000050040039000600540060907002010000063940020007704000000000079004000010600
000480009600000000804000710000060003000020060400009250009008071001000020300005008
020000500000500070004001000000000600010960020200300000360090200500070003008006040
006007902200010000000400000900060003000135000008000040080000100123000600000500020
960005000000300700007020000090400306004203900100006000010600090070009004000010800
400060050082700000065000000020000980000080020009000000050304002006802730070090010
357090000100075080000000000000000001005010070008009056009020000800040000400100003
506000007009008316100040000604000000000010053090020000007090500000001094010800000
086100000040000005200000000608000007000060410130095000000902100000040029000650304
206004003040010020000008050490000072000501000000400100007009400500806000060050000
004003020002040007000006018020005890700000000490000006000000370010090000500602000
000600090000000080000384007008003506005010000204000001050000200103900465400800000
000070100100300748020000000080201500000040000010006400390000006000005090068090005
080400200070605400900000073002000000006073009000000051008000000650901000007000002
000015000910780030005000870604009200009060000700804000000500040093000000000002605
005090020100000780000300006004600003008000200000809000061700095007005600080000000
904000070500090100000100008003000602080050090000010000070000861000000000060042000
400006002000000100008001400204000000001500006090000280030000608100305000745020000
000800200060000000008200060070005906600130000380000050090000007100004000000306020
007800052300000000000100980080021000640009100000030008050210000000000094700040000
570000062100205000000000000010000805008700400209000007000560000080030001704000080
501000000000008500006019000900203410204100070060080000005000040090300000010000759
000600000000407090430010000000000765800000020300200000040003010006901000020800600
000092000200700000470008200007050030000030008100000000002300790001007050090104003
000001200940000700000004000300000000100970000060000430000000800096800047701020000
000070006801000090060300004007034509000701020000000000040060001080000200000040800
060000040000401020900800070000504006080000009500000007805732000700000053400000000
000006730007000000900030068800900003075000000000000040201590000000060005040300670
000000640002603805000000000003015007000800100005094030300080002008000700501400000
003007080100000004700642030000006400010480620008000000090200003020305070000000040
000806300090000000800000005030710800954000100000090000000005070021070000000038520
856000004040020000000003090100402070000090100009000023000064050032000000080000600
000000400280000000000800000600002053070008000004700006500900080006051207010600000
000830070001000608000001900039000200000040010000300000402009500090060004800024000
060700021070020300000006400050030070000000000027100500000080902800690100040500030
090006000002000000400000803000040000800500090500201070630002000048630000000090007
700000032502004001000052800006000700000027000000130050003000010100405006004600000
000000000000070069004300100308000095000100007000908000500400600090005021603000000
600080007003000000802700900000052800400000036007000000090605100000810060000034000
010902000000000204006080001003705800500098000800001000021070408008060520000000039
900260000050100400108000000090730140005000006010000500000600310007003000000900008
600010050140300000000000070430000006001000700000007502000008000504200900003950100
062000000004500000500043210305000000200004500000000702000001309609020080000800000
000800900070000000080170005000630001408010000100700004090200000620000530700400000
000000050000049300060020408103000900000090000000000075059080200300700004700000100
005082306000030000004700005500000008008470500030200704000000130000000007006001000
000050030200300000000016002070009058010005090000020000007001040000068025486000300
000000000016000000004087520062040700000019800100205000005000047300004200000052090
000200800000080090400650007000000006175000000900000703084009030000000020051004000
060050004000000008028400100006370040400500001100200000092030005640000700005090000
000200849000040001008700060060050010300000600080400000000000090201037000500190003
031600002024030080000000007209860000000000258010000040000000006000005010400700000
000040800500000020000250060008000003070000042042000780080300900100005007050090000
200000085070000000080075000000200400948010000000090006000000040000031820402000063
