Seed: 1640218255
Cooling schedule used: t = 1.440000, alpha = 0.999900, cMax = 500000
004200709070000040000000300000007036005120007000300401500430000080065090003900000
090006578000003900001009006600000085504000010080030000000010000008604003070000400
000690500800003000201000700040080020000400900009020010605009000008004005000000006
000800005200097400050000170500400000000003049027000000070000900000001034000300010
090502300000600207001000000000000008006100003240700906009030040380007000004006000
000000700700000006010400300000120080075060430006000005000000050820000000500070103
430005200100000500500300096000792000970000640013000000000007300090000010004050027
000000070204930006000600000006000281003000009000000000600100008800040502050290040
000850000000090460001006500560900010300080040700020300080400005205000070000000680
092000600080400000700000003000109060000020504003000000000057020905002800006003000
005018000900050000200000003000040000050071804780025000020400090001000706607000030
300000047080090000000064093100049075000000000009000300000730000068010000207400010
000150040800000200600300095001002500030040000080000010200000000000600430300090060
030400900060000301000016000000001500000000740095802000000090020080003000510080003
000003609000400001040560000100000000580000004003010980005007010200340050300800000
000100003000730624000009080600000000150097000400300508005001060760900000020004010
000001090300000408700360010200039500104006000009400000000002080007000000605700002
020701000070540000190200070000005109009004003000000000000032800003009400004806000
800100090200000003000200100050600028070010000002700000000507040903020000005800006
000600095009500000000000201548000067090007004000000000801309000000720006005010400
060000173000105000004009000800407600000028090725000000000000260047906000000000400
600700000070042050003508100209000008000230000000004000007009302000080965300000001
070000034000000280628300700500000048032000006000005000080002070400000000065140000
001604000020300070700000300500740600009002100000005000000000000050000231938000000
000060013003800020000207000041700502002010040805006000020090070008000000504000001
708040000000007010400600000064000090000450680009300000000070100607800300300006050
090058300005006400001000090370000000026000800000000002004601709000400060060902000
000601000000807500006000400002100800040000030090000027309400050080030009010078000
009000800200000001050900007003850612040007000000100030072030900006000005034000000
008640300100900054000000000000030000700560000059100083400070008000306097000000000
060008004014000026080000050000004000009030010038020000000040009000700000270013008
000590400000000000003020009090701000036000700700200500060900020042050000000800007
000000100000006408280000360100400002450000000070920000005004200600509000800001070
000100740000024508000008092920500080006280003000007009030050000001000000050000827
901000000600840013000100006000300005000016200180000000005207000060003000090600050
002003457000002000060001000000000203607000040240070000030008002000000008010060900
000090080090076000000530702004020100002003040003000007807050000100000830000600500
000090000009700520405000300000006800000030000100480050010067900600310085900000030
000049000004038961680210000000120700090000000002000680205000100100000008000000045
400001007070026000901000000020007095800500000006400000004700520008000039000000070
000020000030000710000340509000870005005000000004093000270080400908230600000407020
408010750600304810000000000000965070307000080000700002000003000710200040004000001
100603000040008006005017000302000000000006070010700004850090000003204010000000009
700000026000100003830000007005093000003070000000000065640000102902000400000001000
008001060900050008300080040200000370003470085000000900090008001007040000056000000
000100080308006070000073600620004300000001005003050000080000900006009007004000160
200000090000009401900800063107090200050000040003005000000000004600401000302700000
806000900000000040400000517000004000738000100205080090060910700009700000000006050
040000807010087400000000010060030000801900000003000904090610000000000030050009026
000018030600000000074000000001075004009004018040083700000300905000407000000000060
604009000000003820000050000080640000000000004061200000050004010208100000000007602
003000572050000060000900000300090006000070080290015000009700000601000200080400000
093100000000306000080020000000000580001005000502000300000083020010200470070604003
090100075053000010002089004080000500029000007006700020000600041000001800007000000
000200000410300009903000500839000000600007090000430008001000640000004020300060000
000300009005000000000804210309500000800160000260000080000009801000010070900008065
000210000000800009070040100000000000210050038503000071080060000150000080037009200
000050000604003907005400300090801000000500010020000008200000003001030200400080006
700000001084070306000360000100020030400107000090806002001200980000000050000004000
008000000000003050500000020805070000006001400009304670100530004000106009000000030
000900400000318070007020610200100008130046000000000060000000020860009300090030000
907308004800000920050000000700000009000200041104093000009600500000070000360900000
002030000005000000000000380040080501060050930500002000010000207000690000007300000
600590010000002400095000002740000000000000000030710800006040703800100000000009084
000003002650000000000570800000210080020007600007900000003000005004600701019300000
003060000100000080970004000000649200050100000200080300000208410005403060000090000
030000010017060040000005000003000200201030400005940100080000000000800050000613870
900500400078000300150087000009048006005000000007000092000800007800000005001020004
002040000000376005030001040040038009070000250008000000003700000495000000200000013
600040700300100206090020500000700130847000000009800000960500000001080000000000020
800000060320000051005807000608750009000000000030209500000008740000000000000010006
000200965000040010002000008900080030700050000000309000020104000008060009010500000
800005600000800000140000000030016007000030900200004005058007006000000070097060004
030000000680021000400000001000040000320500080070000060050708004100005000000900006
002807600304020070000000005650090000000001000800500006001000000020063900000070004
400010000000400630235000100009007000020000400500000000001600200096000040800009070
450300000000000260200940000000003000010680000000719008009000000060000520500006830
000608030070001020839070000000040000026005900400000003000000080100030070087000004
400000000003020800000700030000600070700091068950000002000010500087000200090000017
030002000000000080000069001078000030002000007050000692100008300005030004200041000
000000960700020008809000000950200070000410500000700000090000400070308020002007100
000708020800035000004000100009000015503000000280090700030800090000000002400200003
008005004069300057000400000700000649010640000000000000020080000850200006000090300
800096100000020004070000005569083700020004800000200906180000000006008000007040000
000100502073080009021000000000730400600400000007090000002000035009000000010049000
000000602009600050600504000402070130000040005013000070080009520700010009000307000
560800200407000003008400050002000531004003706000020000000000000000982060000051007
070001000400050900006000040700980002001000008009200400038000700650309000007000003
000400380000060005007005000700040600060008570000090001005032190018000000004009000
100500040004009507000000100090200460300000000065190020000001000500003084700000000
401800000005000600000210007000100008109008500600000020002600050300040000700020900
008000070060080094040030010000608400410500000000004520000001200790005000000000080
000705002000000800100300504067000000408000600050204000001090080000020009000800060
710900008080006500005170030000029003060000000000013600001000000900300000804200900
400020000010080706700003401000000000000000290156000070000004002907860000000300010
106000290280000000000300060020000003000005706800001900000200007000053000600009010
704005320009030400500800070000004090010000500007020030001087060002000009000010700
300000096000200300900300408010000007500000200030070000800524000000060000079800040
000196050000020003000807010580000002004000090003200105400075000100600000052000007
090005000700020000006000080400900200103200006070008010000010000300050002005006000
200000400640080001000000009001007005020906700030420000400050000000308092080000030
000008065000000000608050710500009000007500002002070504900004030400002600000010000
020001498000900030300000000010003200800027005000500700065008000000130000140006000
000000700870640000005700020900000045750930600000020007009104000030006050201000000
000010000004005000900000058601000940070100000000800006003080005047900100000007200
000140030000000002000200070004080900006003850100005300200700040095304000040000089
090048005000500029200600470000001086408000300000070000903000000007009804000700000
080400000040963080000058160308700020015000046000000000400020000000500000090630500
470605800109000000000000030030000002000010000050000041045906000000080090062041003
010004000002001040000700098000000000056000009047006080083200000000000006100070502
049010800003400007005200030008000200020060304004900006000500001052000000000000700
900000000052800000780029000010000000020096007000750046008000705200003000000000160
500200000800950300000008004000500200000080600105400080090020500307000002200160009
703000080006004010000900300089006003000002460000700900510000000000040000300609800
060000009080000402107009060003000007009600040000000000400000200008007090000002758
090003080000001009000800007400600093027900050006107020000062000304000600000000000
860020005003000004210900008000300000006090400000802090030050800690000000100207060
000000052600038000407000000008060040001002005000500910800000000006003420109400080
060408902050000007004600500001592000000007009407800000000000008010000000000020706
003000000004978000000002005048020700000000580020000064700016900005030200600090000
070060000420050030008009070200500809900608700040000500601700050500030020000000100
030600007000030000051004000204301900013090000000070000002000000000002390187000004
900032068000401000000080010300015000060900000000000002000090004502070900040000600
000000000003060000000092050027000600100050000008700912070000300600100000009530820
090706000000900506024000000916000000000401008000600700060007059008000000000020010
007800560000040000059000700800004600000300000006000002600007100180000000092003004
500900100000004003703102050809300000000081000025000008004000302000000010950000067
300020908670000400500100000000000070000700230800630005900000000006009002081006000
500000064700008090000000800010000670030020009000400031340805000009001406006000000
090463050000000800043800900004000300007902008000000005010500006068049000000000020
401039007080200041090000002508000200000300000002096000000010006900000578000500000
070006005000570200003002000000064003006020701000705060408000070035000008067400030
510040670000007000080000004000005080000406050070000001823001500000080000100700002
603000070000200000910070000750040000000081300006000000000090050005060004000502107
040000910705030000000000005294000001506300700000500009030401000060003097000670000
004900070000070040096010000003002058500000000000039007070000006209608000000000400
008000090003092100700000000000400200070001040304009600009020070210370400000015000
300060500002004000800700026030085000007940000406100003070008400008000070000000010
680000095001000000200040063000008600008320000520000009157003000006500000000060010
500001400037480000000030010080060030090000601000349005801000000250000070004000200
190008507070200030080100000000670000060010075010400800042000700900000000000020061
007400021050700300900001000000100600000040030002005000068030007039600500000007000
700184000300507800009000000000020051190800000000005000020000000070040030801300002
800640000391008006050090010905000800000000000600007005070900020000000100000480000
409000700010000000060943100090207600006805000830000020000000900600000048083000006
900500600000810000160070005800000090002000000000050810700000040006230000040080900
050730200010205406080000000000080003002040700000020000075900010003004000600001000
030007800000000024000000736054062000610030000000900000906000073000009000840010000
400009005800070001607005000000000000209004000000016082040000800900000000005080130
000000000003006020095000060000001740000060130400207500709300000002075000010008300
500000000001098070090500010000009040080720690300650002200000800000360000900000430
060000304400052070000000000200087000009005000800020046003068000000700000005003100
006004000001000000800006097003095060050000020000802000000103500070060040510200900
008050004000007090030068050100000000400706009080000700006800510010509002004000000
000030010000976308900000000004000700000010006280740000700502003001000000002060970
003050100500000000040300009800000500091500604030090000008000400002680000700004000
007048300408750060036000000050000090000267000000800710000000004300080000801004500
000020109023901740000000000009080010008000006304106050000602800005400601090000000
006000300083007000090005204000000706020004900000620000178000000030000180000000009
080000021090006500000000000030000600000029003004600008000000000509201007060074980
020000030000050007080006200008000010703008000000097600300802070001005004004000002
308005020000000500006008049000000602000094075000070000003000000900601300107020000
140090002020800000006000081000007000093240000002000940000100500080025000009000023
002000001000005000740000090000013700000007013070020600000051809300400000006000270
800000300020406000940070000002000001000915200500000008000097180060000000400502000
500029400000008000004703500408000090000075008037000000070080600010090074200000000
920000040500009300000050020300000000000148006201900080000004000153000000000620000
000000009040200680000008000060050300004700010020100000000002870500800000609400200
000900006504000000020005701000700000400800500950432000003000608240006000607000000
007000000050040000000006000306020001020001045000000700092300406008700009003005800
904000000800000040000200070072600000000000001045170068000708504006000009000002000
076003000200007000010026570000001005009050200060000701308000000000040000020015430
300000000002740003060089000000100050603050090190800000080002067007000000200900080
302400100000009023000700609004008000010000030007104008900005000060000050700900800
000000470300001000080003000000009002108050009006020000400800030000006001610300027
002081040000300080060005300000070054400000000090100000700090001100040030030800002
904060800700000060010003000500097001100006030000310007000005002050700000040008750
000000000020031040300700186009000002700005300260000000008050200000006057000083409
000403680060900000000000003000010700010040000000000035700500000903000800085620007
000000900607002000008300070003007000000500210170060000080009000030150000009836500
000062090007009000080370000600000001000100020000020057000005100806000040270040500
100200900000008704005090800090000320701080000000000005500700000400060000060150000
600320007021506030000004000043000000000065002000008000100000750096000020000200003
005702000301400700070000960002600800000000000800203106009005040600004051000000070
000003020095040001042000000000001830600080009000500076100006207008000000000005680
271000000000302400000800700010000000003406000000200005500040170100000063080005020
000000400204800000030000012008006900000002156029000003090000708000047000100600000
007060005218009700060010300050200009000000000001005000000000058970000040405900100
507000000000004000100006400001050003000700009400200560050810700009000080300000004
103000504000000000009007016800040000540093280006002000000301000300800400000020900
062000009015004000040000060000700018000000090300000204050207003000840906000500080
400000021000530000000006805908000002000000010507400000000000070070150006245300000
632000000050000300070059600500003010000100804000500000890000000203008000000400700
008000000070020000026380000000004830080090020030005607000000002000000060013007009
900000000400000760005000409080000100001005006000004030300000040700300608000058003
090410030000000006170000900030080091000000000000203040000500000007090820640100000
000019020602300490300200050000000000500030080003067000000000005800900010200800063
060009000007080000023100006000000008010945200600030405000200080200400003089000104
000080700005007000000509000450000000710004003300000801020040019000900060080600005
000000000400000500930408000000800300005020004000000780196200000540980002800007006
408000000900000308100000000500400927000008000000020010209100000030762100010000003
705028010000700030000900004050000090000002100040000306084530070007000000910000000
040005000306700050000010004801900400000000820000040000904850001500090000200000300
000060874000900060600000005040000009908604030005010000030200010000070082002108400
700209001000050000100008250000000005040000903051037080000000040000083702070010006
000000080600000003045800006002410000000000010709200400000047090000009050074600000
070080000060003090008090400080030100001600070090000020500000602003005004000470003
600500130070040500000006000980000070020180000004050900010700003000900000809014000
060004030507000000008500007000000070010000400000207056001700080046050000000109604
000002010082031407000800000001096000000000020004003170000000509003060000510400200
010009002030000000800060400706250080000070020002001000000408009009000000020005006
600000008000007043000000500580200000730001000000000170005810900400000001000305460
000000006400006000003010008000004020840200970005078001302000060900050000700902000
003001207000600000720003980000004000000090002090800050300000800004008000970300040
020409000340000000000005001800000103000000002006087005470008000000900300000070208
000780032000400506005000070340090200080002000000000000890100000001007004006850000
080402700570000010000008000600000005090005100003900060000043001806070300000000050
396080050000000000205010960500000600000940000040800500000000091007003400930500000
805400000070600210001000040043170050500000901000060300050000000009005002600800000
008090000750004090000100520000039070000040000000720040009000006081200000500000810
000050700000802000006000942100040007009000000040930068000300000070000400908000206
000730000006085003090000000300940500000000280040052000601000000080100050500000908
000000040100050030005032000060090000750000093000070084093008000000900021080240000
007000000000906070860002004000540000008000000043070100070400200201000900085100600
008030040000000020000007050087050006009302000020400000500000004070803095000100000
009603000000005001021000700000009400000000078030781000000008000540000000370000002
090070200206000079001200006000700050400030900008000002800000000000010630069040007
005000000602000038080100006001050004200006000000070025000830900007400300000007800
005001000480006000300850000000300050000045007020009306900020080000008004007000630
040020508030500602008006040080100020500200000000043100900000000300062070004000000
042000060007400010100000050070005608300760400009008000004080700500000003000000040
805000040100070000040003000000007080020050000080000093072010004000029030350000007
050630048076000050000008000700001000005040270200050360000020000000006020000300500
002000000601000580070000000000035400000800002030190070008970003006400200000006000
010300045050280000060000800090050062500008000000000000100000003700601200000900670
500002900000005060100009000070000590304100000000050840001070009020004017000000020
007000004015000032000050010100005700006002003053080120830400900000020000000008040
890040030400000000000200000900000002040000068700601903000320000009000000007004185
009000070004000060100090805003000000000680900010207050400060300000010002350900100
000030080002905000300000001297008030004000000000500720080109000000060300140052000
090001004200004900008000000082060000000200507010000060003170005000008000807095300
910000005004108000700060000000003000570000900060075020000020810000607000295000007
940000302002001008000009000007000900000325600160000020000500040019060000500800700
300040510000000704000001000000020008100000000000500600065810000000200030200607080
050060000076008000000040070002091300030000504064005190000019030000520000000007009
600020004504000000000803000700000605400701000001200090000000000906000002208190000
100430000600701000004000900200008500010200708080000600000000007000083000091006200
010803000090000000502000000930000807000967000000000051080070012000030004000526008
090010000700000206000047000000090310000500000000070049600000800001058007000000032
000003095008000200000420000409000000002709001080000000257000600100002008000061507
004605080000000300000010070005000060070004090000930000500490002030000000000106400
000509100000030000013040090060005009000020046054000200020100000600090008530000700
080009203010040060600000000706000400000020000000000072000060530900800000400250016
003200600070050000008390500800000010020060000956000380080700000000520000030010040
000000100400500000071900302640058000002600000710009000000082010200000030003000040
056009800800000900030800004000047000067200000900100000001300000000000097340000500
010040050500930008803000000020009870100004020600000090000381000090000600000000201
060950000000000000150000370080006003002840001000005020000060050010009008600000019
000020000900040300004083910060100002020300680085000000070000006600000000093000850
004008006700000000009501300000605032400000000090037060000000001823009000000020050
600030004000690000500000000040000031060704809008000050014000000700500300800902000
500000000000209031300018500070800000000400008000070203040036070000001900096000000
004130000308000045019000000000000706020450000600070080000000050901500000000640008
709100230050030190000500080090000607020009000063071000001000060000002008400003000
008200000000405000600030070500043200280000060004070030000019003001000004056000000
000000700000000005046300080000003890000004000100790200008200000063000900012850004
000050091450087030080000000700001002000090010000000980000320007004000000100900400
080002005100000402403500000907040000000300000000010084010020500000000600060000037
200003000000050008000001095030040000600300817000080000384000006500000020002009004
000009743000007005500000000060903000310700009000600400038002004902000800000001020
400200070007000009000000084100002500200000000079380120000805093003070000801000000
000000030024000070701000065200450000975000000000080000100694800000870600000003010
000608000019000300006000507600400000758100000000503020400069000000002100300000090
010000060007000285650000004902000070000570000004000001000710000000829740000004000
000009000000000521810004000000000000408070000965100080070000000000042018000900360
900050060087090003002006070008000000100000090070003200003100000004207000000000500
600400001000090300800061900900087000076000000500030009004302000009000005100000063
040810000270000000005070940000001800617400030803060000000000206500002000006040000
560134000300090000040000000000800260000047000000000415096075340000000050000906000
950000610000000080840000500409000051002008070000900800200000000000479100060380000
000165090080000500004070000208900060030000700000000000000053006070000004000000915
000000060020000001000105004010058000000000030600702000040029305002000600700810000
080200900070090006000000000004602008000835060000000000600079051530000090000008007
760000800000030020000010900306500000000089600000041002509020040800000700000000010
060100000902050070000002000700040920000010000003200050500000108300780002200030400
000001900000570040100040000005002037360010008200008000000030200007100003000600090
000070004000006000030000090700060000000000809928000105100530002240000010370100000
089400007000700000002080600040500000200000000008020009756000100003040008090600300
009430000100006090600000000000560030800009100070208009000000425030800007400070000
084010005010700002000000070002080000040060090800200001000600000900003020005007030
001000493000040000905000020030000509009008002050004000003029007070301000100407000
900060080005180200040500300086001000030070000200000048000600420000002056070400000
050600000000935007000000024400080000002196000000000003007020300080500200006000800
070010030034006020500000800050080064410000700200030010100200050000593000000040600
080000002497000000060000000003540700000200800000008064002084000000050370500070040
000000000000193000048000000003802000504030290000500000070605320005000040031000680
350070000004003002007200000060801400010600070020000600500000109008000040070300050
000007000008031000000800070790008003001200500600400200020300400006000001410000080
090001006050900071002700000000000004400063100000090600600030000009607003000050402
100000700004300000008200500000005400420600930090000000072040090000030000083006020
008070003305400010000060000102000030870000400004025000000050300500090070000003690
010708420000000005900006001078604000200300000060100080095000000000030500100000260
400607090000020046090800170020000000000001050340050200057003000000000060001570000
080000090032000700000003060000009045107080200040020000003010600001500000000000028
700000005006900030010040006005000002200400100008060000000607200000205304000000900
006040091002000030400053600600009200340006000000000007020100000000004500008020000
500001004046200500700800009001000000920000401004000700000003000050900080109007050
020900008000000100100407000080510002540820790000000400000090000006000570400030819
070062000100800460000300000700080003000000010093000002805030600600700508000000000
020700008000000000009602030006041002300800040190000000710060300000090000000200504
010030048006500000049070000500000610070000000060310007000180300008004102000950400
000009540200006000007080002000000000708600100100000037040520700000008006050000020
041000007007600000090000800010000402930000080080200100000015300000093506000000008
002807340070005000000100056000080003009003400040090000090000001385000000006700500
730000050028500009005600800050400000800027000000003000080000035000902004002060090
000000010000940580000000409900006000007080050000104006200070004000010300400003860
089000001000010720005000008000000000064750000000040097000007805500390104000100030
000000000000041200704003680657000000090006000000300400500000900000409102800010004
000006005070048092400000060720000300050000006000900040000300050900070004000001800
003009020080005109000870003000036901400000000000000060006004000050023706700000200
000001700760200009900000010300700040010063000800000903000002000008005194000900800
006000108000051000005300000901000020060007000300002504000010042000000300740060000
100506700006040000020080090005600108090000300000020050000850000600009040000000009
000368000000000005000017920000076000002000040007085300006000007073000002080002100
000000024006070080004003000000700000140006003900040800500090608600820030009060200
000000800000027400000905070010063000000500060980000150390000000100000009008030006
000420080520000000030087000050040100200000063003100000040000306010000000706000008
900108000300600000002000003090380000006000000040019002008000700000405021010000600
600850000000010060100000820030000100050003090020007003074000002000080005000600004
590080000640020803000070020080000000060800750000030060000000002015064000008003100
900070004000340000060000900005230040000000000000600102630500207500080630070000050
460000201000008740003000000010049300847000000000000020090000537000010000020037009
040100037000000010060890000005000206400000000000027081000000004030056070807000305
500000003920000008000960027400790000700005000600008005040080060000000090000041000
209000060000036004001002583107093000000000005800200000600080040000600000020000100
000650080315020000000010000206009500000000906007400000700006050001000000003870100
600030000007200000000810003030106027000002500006000030270001049900040000010009000
000084900002000460090070020004000000086501009000000501900006800003020000070050000
800000040000307009002010000006003400000809020000000006200080600000004105500006004
080791005000000000000405000067000020400910500200000001006000009000180030000300210
004020700000030054760000001908000000000040603000300000080000005009600000403052008
500092000300000001004008009001000408000610900000000000609081050250060000000900003
200000890070032050000408000000870002037000400001004600000010000000003520385000000
003001000090050200480000700800060043000000800000107050370400000049210000000608000
000253000051000700206007380090840000007900002000301000600000007000000400000420900
000700000600000800005810000800005070930000005000070002070093000004020300009040056
020000409000300070900007000100004000000170200802090500590400003004001026080000000
006000004004000007700000020200300091080000500007001000000140030950060000000030608
020000003000604000085000000009000800004000610000007500300700460000280090001900020
000006003000030908045000620800000700001000302560280000009008007600000000000500290
000031090000000005180250000097100800200009000000007043070000038000003007004000000
020001000010000402800000900005008000090000800430500020006040090200010008340006000
000060005000004000601000800000709000004000007090000180030200900065000010700000602
058400000090300600004000050040007500700000060000094008000978030000006020000002004
068400900002010060000900000000600700070000000096005001500700019000000582830000007
000096317008001000000400028020504000050068004009000006001000000000627080700000000
000308052005000040800000009300200601092000000017400900000003004040010000000009060
000006800200103070100905000006010038000000910000000700070600000902000600000030582
900000430000006008001025060307000500020060000000007020000350100100040000000000300
001002080700000010800010904207000000500890000000003000050000030600008200080069050
600000001000085930000024000008050067060900012200070000000002308000000004120000000
100000000000006087090085000007000000302419005050000603000000000000000006800700192
009185000800000600000000003070400900000090546008000210002000000000570000510960000
057009004100200800000005100004500003070068000600000005768020000020004000010000002
000900000964008050000004100000700000503000009049000702000500200205806000001409000
002000700030020905060010003005600200000000030000078000000080402500700006004593070
105000060000210090002000001009508604500030000600009070300080000000007040000005030
400006003006001070780000500032700000000000900100000062000000000500039000000405820
070090001002010300010000000100070000005000060904305000000003600600020019857009003
000070040070000000040095107000503208930004000120006000010200000004000010200000485
080009000000040290090000003600050000000014080050380007040000320060020008500003400
004002000280000050005000009008005000406700002090203100000418007000000400009060000
500080600000140590890000002000000000003000701070800000000630000204005007069004000
389042000400000000000006090000000070740010060015003000103060000090005300500300810
000500009080009230000120040001008400074600800000000005000200700092010006407000000
004008050106020300030000000080009000600300871000000000001050006000700103900000580
003006000071500800080000025050007002000400000410080003000600037000902000200050900
080200000401900007006105000000800090620000500000500004000000040002000008503001760
000506300007001000580000000000090050000300260000057004000900508830000001604000007
000400002000000700430021006920006070006009301700000900000160000000083000075000100
109060004000700180300405000000000601000072000005000803000521000020000030000600700
000076903007400500000100000016000000070240091340001200003000805800000020000068000
900600087500000016000070000008005604000000090400160000050002070700900038800010000
000001430504000000000900100005400010000080540100030097070500023000324000800600000
020700009001000000500008000000006000000193000003000850490807061800010900000040005
000000204040020000008005001500970020000000000000203069600010008190047036000006040
000000000300000040102905008000078090030000000010640037750010002000020000004007006
007805210000000003041000050100000000200001004000709000060000032000034001003060475
802000600010003000500860000300705000608020090000089002090000005100040020000000908
094010000000903000708000030050302000000001400020450070005009600900800203240000700
080300025000000010900000003100063009005000106000000050340009000050042000090100060
000056000508000030000070200900040180053001002007000050000067000000200800810000600
000007000001856020004000000070000504900000000008093060000040009003000001400072036
609002071000000300000000006100400508004001290070900030000060400000190050200805000
007400020580020600009500000005060000010050907030290000000000503000002091004030000
406780000001000093000000000900140036000070500005600400000090005070000004600008700
000000082700000040689005010000900000000050024006000053000000000801027060504806000
030010700450087020200000010080020000003005009009300500100572090000400000000001200
010470000847000000000035000021000000500001600980720050000050200600000407000900500
000060048810000020300009705740000000000000900060040080000900007009000000000230100
000060000090000740004200000060080910009001560030050020010009000000700090006040800
050000300700000000003072006000008000040360200900100000205000003190400800070050020
000400960090006000007100050000001000460800000050600082000000005000012090038000207
040000500800030001000050000030500907000800000000720400090000203600004000103089005
807300000420000000000006010500047903000000580030600000080000060000002000204009071
000000070007300100201080000090000000000170460008020090930800000000006800000034600
000000061035002000000090082200000070060820009078500000010050000050040023000308000
000403005700060009003190600039004071002000000500000080004000150000200000060089000
360500000801090000000408600004000709010004260028000000005900083000000900000010020
070006030018400000003007100000300000900070060800600003109080000000000006750000019
000000000000097300700832040500010000006003005070680019060000000003040200000020001
040029000008503000010000650050004000000076000071800000760000300805007400000000009
082000003000005100000000586320000000900160308000070000000030005003509740007008000
000390021050001000006070009000020087000800004605000000000600000210040000400000090
080000000000345090090000735000900150000000402004150600000069000070080000060700500
090100080510037600300620000600802040000060008000000570040071000700000000000080010
000000405000900870008200009601500000000000308400002756814006000070100000300020004
000070500540000000006054021050801000012009060000000800007000000900030006100005003
064000003000831000007060000000020000900007140020008500005200094402509010000000000
000402080006000003950607000010000900502070010000000006000010408000003090090000051
230000100000000094000000002002070080000093600300060079001900000000080560020607000
000000003000000501000405020000203809096050040000100000801000204704300080050000060
006500207020017003000800000008000530300120000000008041500000900000700805609000000
700000000000083050056000000002001740090700030000800000310000004060000890005034000
000000071300820000080000060000041006024000307063000080000058042500007000000004000
200950000100000800000600503000002010040370000600100000000000040030006005007008306
003004090049000000000090030300060005000000700600920083000401000065700400000000200
600000040000000809090005000021068000900021005040900000000006100460700000010053008
090008123020001900004007000039050008000300000102060000000000500040000010600005007
000000730009006000051007000045600090306001020000023000000000000060000507000400200
000306000430050000090004105000000060000010007068005000500070042000501708080000600
000000200000900607076000003300009004010300000500106000902000800000000000040870506
000007090076100000000080000003250040000004000000000815000803206800006001000700300
000670000008040059005000007000037820903200600050100000020006000400000070000010300
010000008009002300800500000504000070080005000602000000000670502000009000190400600
000500703056000000800100090002060100000000570004000000000920000060070850001080002
700900000080000010040065200000500300074000058009042000465009000000754000020000000
200300000300600750065000091900040070008000200030000060000400035000586000010900000
000000000000070020009000184030042006200503700100700900508900000002000009000405000
040080006080600003050700401400109050000060090000000000000070030070800004900000000
004806097006590000020000000900000800800900004050007100200010003000020705000050000
300000080402060000010920070100546000020008906000000000004000050075000109000000007
100500034060080000000000900001040006608090000000003001700004100925100000300070008
001000000200700950000400020078006000002008300000900000005200083060580009003000045
040080300000697000605000070006008000100000500009025048000900020000001000003000800
000001500006009400000000200020040000000080030579030000100720000003000080004090070
508000600000000008031900040002006000000001003400389010000004009200000800040705030
200351000007020080000068000380000750000003006005080000030040000409000010100000068
009000008503907400000051700807000003000005169000010000090000070008006000700009300
050009000000040200094002300042000680506010000300000000100050046070004053000090000
780000000200400500000000074010080790900000000000700853020000940500100000000000208
507000100000090208006000070048026000021300004670100000060001000000008003050004000
420060000500002000030010600010080900000040003009070000005700006900001020200000004
200000000010000703000013004000900000004300087879000000007006050390500046602000000
500300000030908600807010000093800000000000020025040003700004280000700000010000700
015000004003008009080500006200090071000050000100000200600000030000700000004100800
205010600060073900000002010090000000056080000000007300000320008000009003001006000
060000051000000800820000006000005093700010002008390100050600000000089000002504000
200000007000090036070420005700000000800300500090170060008010000500000010000009300
720001300600000000000500000310980070000000124000000000000060500100490060950030080
063108040100000000045000000010090300204000610000200400000005007070810000000032901
500000060203040070000500013000000000000103082000607100910765400000000050300000600
908500000001000083000000004080040090506000000000090008000230000602000070040060200
061000000000000420090040300300180000607300009008200000700003002104807030000020000
000003091000010030009060000000000070640009000700805000802700004000100205500200007
000080070380040026000100093000000000170900060200670100000860700500000000037400200
005010000020000015004902008300007009000009000200104800000000020500700000983020007
000009301630040070009000000000083907000012800050090060006200408000000000700030006
000040000007001800008060000084706010700200000900010006050008400000603009100900000
063000000100900000000010002005080200004090607000041000070200005000006000000000890
060003004700004010000002970000030000100000700050000180800000003000806020090010040
020000000060370040400000500600080230807900600190600000008030014000000005010000900
900008000005021900027000030060000004000000080800000500370000050000460100206000007
800023060000000800004056002400030000700002000300400080070001030030960020000000701
053000600900080000010052000007045000800070509030000002070000046000000001002130900
000000087070000900360850000036000000000180009100000743000400000800000010010009006
002490000407010850080000060940000005600000000000000408200507000000000010050230000
000000610000000208160900030000300000003090760401000005050080097000072000000040000
000000026060000001073000000030002040000800000640150700000200108900060050800000004
008041060500000000900008003400080905300074000000300000060500000000003080000010200
000060500000400300000000004006000007800750006005000180003900070900000005050614002
009830000070000080000040600000018093050000062000000000004506070600700908002080400
000030010001006800000500300240050001000000704306700000400000000800002600605409000
007000200000000085480000000070800000000030020000026390000300100900007068200105700
000080020000601800001040000090000031000070052400006700300004000700060500019000003
050092000000007000000000809800040900301700006000500002410600000000200030000010507
001980000000001092500070000000600001000008200000520670800000060092000003000705100
070000206005000040068000070050034008000200000000507030006900800000300190000048300
080100050170000020000000600041050800900002070500390010005279000020000000004003000
740030000030806702000000008000008300004900050502340010419000000000084000005000000
206900143007100000000008000704080000003600008000030900000000060000400720090307000
080090000000000096002400005001060000835000700060800000004050010210000040000009680
430000000008092050000005070000760004500000000000000210000080037070001000060003002
020000036600809000450000000080000250000941860000000009000020900000705000007600001
008009010000107400960000020050000000000700081000014600009000000400008203020000054
000000526000200000009001007000000050020000400007903100300740000400080060080500090
050031000000400020701000000597002010100000704000100000000578009004060800300000000
160800500400000030000070010040000090820000000600005200000190002000040000205007100
400000000001000000005006300003000905200040000000010002060000020009460000700009810
028010000000004060090000007650000002001006500070040300000090630900000854000000000
700100000000026000560040190030504709070600000900000000005003401040000380680001900
000980006000700000800003200091000020700000080004000003000092600019000030006300058
401302000700040000320009000040080960010060004009000300000006093000000208008001000
601008000008300100050000080002003000000010000700009008070051006000086032000400705
070000080190300000040000291706000000032000500000206700000087602000400070000003800
005001032706000150000800060040080000007004500000172000000090003000200900302000040
030020070170600009006004010000203900000905007300000800000019000087000006500060003
010802000267003000003000000071400230000000090030006104005031900008600000090000070
800000003500700060740800010900305720002080004600200000010000007008530002000061500
001037000500980700000000000080000500000000006000019070009700304620000050830420900
000070000000001605000360020000000050000210007007500042704000006003009800809600510
063071502004000000000300000200000300000006000108703000800100007000420080605000200
100006400046012000007030090005000000000000800000078001500060700800000059300000040
006200000020400807500000090700000900100006000008000003002367050000800000050000009
004000305000050704006000000907000200000710006300000000200075000100906000049800100
007000084000400079003090050308000200060200000001030000080060000600007801000140090
084020900001805000000003705030000600020786000000000002000010007100008090000000201
000000000000049037000035090405000600000060000060902100008000040009004320000280900
090054700470300000500000200001003006000700050000290000050000000003607910007000000
000029008803000060204000000060700090000008000002041000000000200059030040000006000
100004008002700300580200000079800003400060700030007010018005000000000001050080006
000106003004008000807500000000700200070090050506002810010600002000000035000007000
007000030004000021010800007020000009009047600000030000800009070006050080000020003
000000500400309100003040200800006020060024000000000000030100408020080700005000090
100320000000000080000816000050070008010004050493000100300007002080090700900000030
000000093910250000002000000600710035800000000100503006000041007000060054000020000
470300000000001803200900710030100000006000005000650132620000090040000000000008000
000090000050003408309507000001000000000010800080054160010640380060800020500000000
000283006030000000509000000005008020100400000020009100600000001240501007008000000
000008640000020000004370052420001073105000009030000500000230700500010020000000006
306008710000000000500603000008030004109000300000020100000500000610007830047000009
010036900008000200000009800850200100000003040007000000306000025900700400005000000
528040700000000004000306500207090000005600900000008043600080300002004070000000080
006000531200000009000005040000007000002014056800500200005001000008403000000062090
000049050001200008207000900030000004000062000908074500004037000000090000800000607
000201407000000000070849010000307004040008000100000209216000000500100600000000950
900000000074100000018200530247000005000350000000000000005010600000000970001084000
000090057000721040001000080010030005009600000050000009083059400000014300000000000
509014300010000000000070600800000109402008730000000006021007000080905020000000000
800005000090006000000480000000000104054020600600308000000100900160000000020009580
050080907008700000200034000000000809000308460000000070000020000600070001430100290
000800007056040000000000000008070100001080054030090078670000290300400000002100000
050010000308000040000908060060840700000507000500200400003000004076120000200400009
600000007075000300080000000340590080000000460001000002000004015700301800000205000
600000040000000003003000080806004905230057000007806000500008004070105600008000020
050700002001000030700060004009000000607050040300020060020000600000003000000041500
070080304400000000008045000000000050000800102080709000000500060043010000760003000
000031029300000760000800004020000006005180900080070003200400000530029000009005000
001006900500070000090050020000498000000000307006020400000000250100000003203000706
000074000201000000805000004000000000000450037030206500004060080002501600003090020
260705001570000300000000800010500060000030000000900530020001907007000000004000200
000000008003059610500001040000030050070000090140025000712000060050090400000080000
000100060175000000604003000000900600800000000002010904309200008000090100050070040
010000050000030046089100030560700098040000000000005200007000480400001007830009000
007080090908030004400000001300009078000005003500000010000100000700500120040200005
040010000090000005000060800000070004000100096001000070010004000002000300708305040
007000540000060097500000200920000000803100000000007005009301000040078010100000400
010008000600001030700900006000600070800102000000070904000005000001200709230000000
102090000004000301070300000000000203000520007000007010300100760000005080019260000
000000420960000108010000000000052000402007000870003200000090006039070010000830005
900000000080035010002009008000000080060700340090001000600000750400360000000200100
508000060000007005000026000080000000904700000027149000000004300035000100070005904
000004320003160000478000001000057000902006000500890000005400702000000009600070810
000000408700004020800500701050006007004050600900000000003400000020600080067000503
040006020190000000600000080000000070362007000004000800000904005000800700007025040
000040000020980050700000800160005000900200000570010090200500000000060400004300960
093000060400000008700403100050360000006000000030708002000100900007806000500000780
800450010050700060000000000203000085000000700604080000398000100000000600001030520
000070400005002610000050080030008700608097002001500000010000000700406000403800000
380000000500020010010030600000014000809063000000000480208900000000200509600040820
800000004000100700054089000000302006006010000010900037000000029308207000100690000
000005030104000206000060005030000040000300070500100008049700000000080000067950000
000050001001073800408000000900000006700610900003009020300000009000000005085027000
020001637000000500900008010050000000003000490100030005001060000000520060006403000
201070053080000000030000804002800000100530209700200300000002508000040000006900140
000010040603000002000300080007003500100005970064000000008002000200080600090001008
000009150000030007420010060907100003060000000000000020590003000002798000300000400
006300000510789400000000008005000230600000000300401705000000900000000007090125000
000006000102400003000000020640000100003080090000140000500030800000810900270000000
005100420000000037060000000050800000783095100000002003000210908006000000010067300
600000200020300418100000030060000000000970002500861000000000009010050060000000853
520004007063000004004001520070500009000060250302000080000800092900100400000000070
800593100040000000500000070004007002000900300090020000005070010001080503003000200
980001003040000020600003010000000460000200070000100308800000000093000005000906280
003080000006000905000006010009000000000600070100700002470000200300500806000003400
600580000010203709003000000000700548007100090000800000704008060060005410300000807
010009607070300000200400300069000000700060002000570010102040005007000009300000200
004806910070000000000090000050400000000003700000015000200500600090080051600020803
001400706000800004830000000000090000500001200700002650090000070400200001007030009
000060401000000000029130000500000000000506049700308100301000700040800005000000024
365800040000000610010009000408030006000052700050600020200005080080000000100004000
090000104000500300040090020000007006000001030027000059400000005203800000005100000
000200100600000007007008000006070259700010060905860030000000403000000000001590002
040000006000963500300000002187000040003294010900000000000530070800700060000008000
000000040400001070030000006098300200000800007106059000080000000240600000060043000
508000061000020090300040000000030017092000000170200008000300050900000080006005002
000002090040039000000000000000180530050300000006070000600010902008600001530020706
008500010030006079601000050270005000900470003000000760000009000100000006040000198
000000091000000840008501003000950000000030009001807000005010400080000000900340270
000700810000000003008436700900307100500000008003060090000903000005000000790010020
900200608106300900000001002097010000000080000800050040002000100000000000500007890
600300000090000008000004060060705001500100043002000009740020100000008200305000000
007000500000000006010703000090000050020800001040000802000986000902000300000500104
000078000000900050500000003002000190104007200000300080650000004008010000700609000
200000007000250060010860004720000009000300400800000000000978302050001800000000000
000009003000002650000760049002300007300000008106050000000030000800006034004000900
920030400000020980007004000094700000630000020002080000040260070000040300060300050
029087000000005008000002090704801200300006040000000760600000000100300000080050004
004020003002000840301008009000012700008000020037090000040085010000104500500009000
000004008020000040016070000000036000700000804002500100000000010053402000000010090
600000720005017000000054080000080002104006000080000043092000500700300001000000000
028000010000004500050600003000390100800207004030000060000000400000820000106040830
020500680040008000906003400000000000000450100305600002000000018009010360800700005
800302000000000000010007004600200500001050049900004080007003000000009065000000290
000005100008306000500000009306000204000060090090800010070050000902000800060702040
000090184000010000080307000000700008504000000860000495053008001000050000000200700
000008506000010000310200090708040000000000000105006400001070024800000000000830009
000061000008090000700020400200000014000400030019000020004100007120000068307006000
300940000600200485800000000000000276000003050040700000406080100100000000000020300
960500207000970004000002000020007030003000100000010098530000000090000000700060580
000020006700900000980010020010000003003009074507200008009040000040080100270000000
000204000800000070300057002700300900020700003030490000000000050200000406600030120
000030400300069070070000000000000080108240090700000000003002700000001200800007543
050080000000270051002000060908700300100000009000006105500930000001000000030004700
050002040004700300200000605092500080000000000000009720007040900603080000080067400
007608023900030078010500000800704000070020001400003900000310000080000090000000000
004000006000030708000001090060903810000200400300500000010000000400000230056000000
050407060200000035010500000000001020007006000690200080040700300000819000000000079
060019008000400309010080400800000034041000090000000500570900040009870200006040000
000002000094000060000309008000000000400000056000803700031040090650000201000007003
000000000000150978400002050060000020000300019043020800006008103000070000800500002
540300000000000000060401890003000506750000000000007000090006700000000980018200000
074900000000000052006007010000500080000010970027060300000600000080020000001004000
020360000680000000007000080000090000090000000010006072701000040400200030000015006
070050308800040590500200000000000100035000000984600000000100030040063000000005210
071008000020030500000024060009200080052007610000050002003000050000400100004003806
000000010905004200000700650000501300502000000108400000300002004000930807009008000
000000000008107000003005040009000600000310029020000000602090034000008002010046800
000000028000193700000000001300908000018034000027005000030080010000000900084000056
003000001060300800900001070000400000005030290009850000010200000036070000000006305
060001000700000200900546000050008100420050800003200000030000400040080020000007080
600020079070301062040006000080500020001008007004000000000089010000400200005170800
043001002000000000080000050001002370000000200600083900090700000000100800702900000
000000050000000000005027403600008000004600510210050670960001000008000000007960040
300000004402000080000072100000000400006010700080009000004800021710050000000096000
038000400900400000007005060020950100600000000090280000400600009200003080070500006
097000004006000000400020010050300000701005003009000240000240091000010500000703020
860000209900000010000000000005410002004068000007000030000091720020040360040000000
580090016009000000000050000900700050000020080060000000800012500007500920090004830
000001860000000400500000019600720300000000000058006002083104000200008004070300080
020009035000400000000005902031000000400000700000938000060200000004010200050000604
040000007090300460000500000000800200500403000234006000800009002720008605009000000
000000000730400050000007064820071090300900015000800000002000030090006000006104900
600100500003000006009700031078503900000870000000000007000000009000200050400069200
081000340500000000900042000000100060006007001003004205058010000000906000000800600
098010040000040005040000609006000052000900010020000007960004700003008000070500000
100000030029000008000002000050000040804900010900706000000020600000000074070168000
100000000062000073008025010500006000009008000000000009040080090005100004906430080
890700002006000045700000600000312400200004100009000000000000000001000080040281060
005000000106705800070400069004000600300014000000609000437000000000020008090000100
200003010000089500065007900000400000003000091052008400008006000010000060000502100
010080004040007020086000000000010302002000005030000190000460000008050200009000058
000059007000000000070000300780000002000300600100002005000030100004698700207400000
000032000030005008200001700064209030000000002005003109000000075080500000093006000
400500000000090300100800200003040806060070004020000900507300000000000000000207080
908000016020008000000000005050006028200300000010500000000700900075000060080030100
820000000000000430000200500001000000608090004540000700700034608300085000400906000
050000902306000008074960000900002001710090000000080300800705000000000000001000040
000019005000806070100050960300090000000000018400208000040005030790000100000600050
041020000500003080000000000408000001000500730070130020004905800600800090010000000
200090000000326850000000000390800200054000397000000006085600009000104600010000500
008700600002301004000000010090004050043100900000600002780200046001400805000000030
005102000000480109100050700080000391000064005000000000709000030050000060000670000
500020084000040602002750901270000009000000000000078040430610000600035000010000000
070100603900000000208000100000020000100005800090703000000040000407200000006008007
060380901000900006000050000030800705007090000090000320086000003100000002700010080
208600004700008000030070000000290640009000700603000001000451000000002800300800009
080060000040000750900240008000000017093100800600002000005003000100900300020000000
069008001000004506005000020500803000080060000016040700000000000300790000008000360
000003000007650020520070000906001008000000050048000200200000930000008060400010700
007000036000000004001000900040035002805000000060000073000002059000040000003569000
007650000009100025500000700200000908054007000000010050700830200300026000000000806
030050740009002000010000000000008200005030460000600078080000000090027030100395000
050000000700200006010090020000803062100000000000520000200900000600000004098100507
050310090000000000000059200000908047300002600000000002420100000700000500006700439
000068000090150004074000000000325740050000009000010030006000908900070000200000500
000290180000100000040036007000600070050000008087002003000900005600025000510007800
000030001010090860070050030000043090590000000020000308009087000051060400000000100
000400003830000901690008500100000000400600070000094000000010000500300600010506800
007040000080001020000700851300000002000007500008100000060000000021008090050009310
500006800090700003703080000300010000040009050002000016000000000020091070000005400
001084007790600500000000040000070020100030060023040905000000000500023806000100050
002008000000040060000002503408000100000009705003070000090207000000000380080650900
000000100069041020000080046010000000000090012000006705001002570507003009002800000
000000800200500010000760050029001004470000900006007500000403080030000090050806400
004000002000510004900000100701903400600000000000000000002840051800039600009001200
040000200001500790700124600006700050005009000017000060000900870090001040000008500
020000400400760800096005000267008900300070600000030100000400020079000080000009000
000007604090800050700400010000000081000000900069280000003070000047902300010000095
500096000602001000400000000000000071090000060060470000785000004000009100000000300
000090840008000002030050007000000050005030400980005006019002000020180600004000070
000000090036070050700020068800002000000040301003000009004100075080000000901205000
900007520000000000076000084000072058198000030000000000560000100040090005300020000
003000940007000500050090060800503019000080000400000058030070000002168000100400000
007400000000895040000002030000030050300200000800100490002000160000008700004000000
030000000000060850000000200400005030200800100009074000007906500000000000510200097
000090000057040300000200106600009040040000000905100003000008010301600500070000002
400010000009702000080500070000060200000900000190800500607000802012007600003000040
600102590002000070081050004300000000060900007000240006004000600000005002000493000
800605009000007600004000030130700008900050700000000100002003050500020000090000041
000000008702040006340008002000000501800100070020703009400006200000500900070390000
060000003001008007800004000000500032940020600070000000400000906000700000000083050
080001020006240009000300000030400086000020010097600030014030000000000000302000060
000003007009000030004708020030004080902600300010005200000040000500000794080000002
500073100300000006002000095000005000006700000090436800000000032010009600080000001
000030190006800000000000200054009000020600083000053010280906004005020000060000000
008600004006000100040012007020005000000400000150003000060080203007094001000000000
002080030000357000000000080003020600087010000090000000000004570001036900006002003
060000003000009000270000004600004080009100056300006070000803000090500000008900020
000106700006000000800030000060080000000005063520004190901000004000401900000067000
000874500005010000000300240040000000073508000200060000000050090801046000900001000
800200000003010000072008300500009200201000600940080100000090060700000038089001000
050081300709006000000004205920000100008000006600005000000600073000000004340000050
140020600000090000060008001000000004000053000010900070400000700000007060850006402
300009040000018700800004000050000090706502001031700005078000000020000010100030000
070010690800000001000000050510070000030294000004000000765030040000001000049700002
000080300000000000069050100005670000021000703300004000800000000000720014057000230
005800060200000500106000000410700290700290100000000000609020040000005007000040008
540093000000006010000004007000009200702060000008300900009000420031080000000000001
050900026010500080200078000006000300000040012030090000000000078700000100043000500
097380000800000300400006000000062100000050068075000000080420000006000000002070510
100000000396000500000060030020000008040008790000091020900007083407300006000900000
000000090804000057001004300000809000098210003000500040500600000029000018080000000
060030270000000305000200000700190040005000000084060050300000000000820109000010406
070000000200006000600409200000000704000200030023108000008010090010090060000030407
000000806000093020602070000100900000090040000500000074001000000000700230780201560
068900000500000000002000073640080000000006500000050020009305000004007001000001048
056300000000000000100000203507040000000000090000098006301020800400000070002004060
000203098000100000009740006090000800000000007300008000030004002680501040052000000
000020300020005000070100540010000208000060000000710060300502000408006000000000809
000000900906010408014007000700040260000300000000008300200034600605002000040000190
000000200050080060010090000680000004000500000230900080000000028900003040007010009
070500010002040000006000090005000031000000008081726000050300729090400000000000400
000290010000000600000185000000030957057000008004000000985000003400001000031040000
070020001060004005008100060000005400400000503600002070200700000030080090000050000
000000060080032000931008000000021000010800504803000000605300072000000690000070000
000030050000410008000000003040200180000000000621000007002100000300700590509000006
204000015006300027000700000090000070008900500030000000800090631900080000042070000
040080000005000004007016000080000209000003480069000070006000000700000001200059063
000090070691000800024080000300608010500009000209004036050000040000002000000010005
690125000400000800000700000576300040000560000000000090003041020700050004080000100
090010030021000000300060079000901000460003090000020000006300000030007950280096003
170043008000006003800000000500020709040080050000400000009010500000000080004000390
900008005000002090720000100000400078050000002200030069170009000600074000009000051
100000208000200145000000000800001003036000009000930402008075000000160000053002000
050000800000000790430081000040020000000000307160000945009130000000005100500006000
000800130009401006030000009000080900106020500075000040000000080000070200000105000
001000020000050000000042070050700000180000006400001305060020089040300000000809400
029000000460590000700810000000070900006005200004900000000100680000003009500206003
003002000000010068000600000915870000000000000000506040060040005000001039040200010
000460000019000000045009200053082000000000000001000080502040300000000502000030791
400600002000047050007200106020000000508100000700000800001300004040020060000760090
208090060060031800009000000050000200002010040000006050301005000027000400500080003
004009200037000508059003040400050000000001000000240080500000009086000003001860000
008000000200006000000380410032000680000900000100065000000008000400051860003070052
002100007009000031000000000620700000003006000018930400000070560000005003046000002
000600900400050000020043000000030071600000400008270000200100600080307090710000002
500100000200070510070030800008000007045000000090005006020003000400010600800700040
031400000090000700000200000000002010002000856100000003700046000005007030604009520
060030070000000060000000804030802040400700059900004000804070000570100008000006000
300900010005037000000408000000000000047009050050000002060080400001000200002061385
030009070100200005000000362003701090060020004908000000500007000800000000020410000
000080000904006000600030090140309002000070160700600000020700010000020006500000083
000709000940000100307000005020050003100070000000631500030005060000060802000100090
030080050106700000000090000000000013007050000608019004001000009802000006700000240
900000010050000082000000000028900000400100300370040001009007000000003058000004003
400000008069030010730402006001900054000800060050000000000070020090001000000584000
600020004000001000000047000081002570050006000900000020804000065097010400000000039
000007900020000080003010472890300001000004000000185000400000090170000020000920000
000915003050030000702800000000007004900300100000200050040000000520000860001000402
000085002000007315060004000800056107720009080000000000010000000008401060200000400
000000700060000030001028050000049007090800502070000000008000963700201000009000000
000000001500000000100029800002900054000640010010070000406000070000250008000800300
600700904007050000004000008509200000000030600100000800006000057300020000092080000
000210800001000370004009002000753000050900020000000900218000007400507060007000000
100050002004000010000003006005000080000390150700060000050000200030010079820600000
710006800000000020600009000000300080000068000005700000000001035020534000040600100
000030001904600000000001000000203000002000500805090007509000028320400000000300700
720001000000000014604907080000200600002609000090870005000063400000500000800000100
000800760020000000500000000200040090007038012090005006001560900000027400040000000
020000078003008209000100000000020190075030080000050040030060000000407000014000000
060003800000070000204050009006100002005096000000000003400000000720000090003008025
370000940001000320000018000600197200900000000000200000030900000090060080200800150
000008000020050000508000026006094350000103704040007060050910000100000030407005000
053000070400060000987000001300700010700050060060800005800005400070000000000190050
008130460000008000000004100000020040790600000000400300507010020003000009006000000
230065000000081004000000200010000800700000090009500607000000070681009005000603000
060000004000061000700430020132000600007040100004006000010000970203000000000020860
100500300300069400006000008005000096000003000978000000050300000700004053000610200
005020006700096034402000000010708000500000000000000057008009000109034075000000600
900500004073004090010200000000087020000300001109050008000000050020900000000031800
000020700003004089007100000006000910040000006301960207800000000000201490000030078
078060009500000670000035000710800090400000200000009000082007000004500000000301000
010405007000000308000930605008542000024600000000000000400806000000357000000000280
600009040010062805900700000850000000406000079000020000000300684509010000000000000
071008002340002005020600000000201000000000000010006730760400020000000050800307000
090200600510000000000605040000000038008002000001080406300500100027406000000090000
002605001006900008301007000009000703070800000000006950050408090000010000000000600
060057100004000300100000000005030800030000000800024007400000972000060000058002006
300009000070000060000508040000380005000200904000004000560003000100000020004695070
000008500000000619020009307050600003400720000200091006709002000030000000100000000
500000000001400030309100007008700040090052070070000003000060000005000910000083005
002300000580000030049006000100820004000069070000000100000080500050740300090002080
000700100020000000048030095000370904430000050000060070800010600000600020200007009
900004000010020000403000010008006000500000904000900083050080400000000170701409500
000092000100000000080000120040805007002070060000000200079200080000007905060900400
000801050460000000003000070004500017270400300000006800000200000510060000902003000
050200000040080360000071080082400000500010000700000006200700000000800074000005809
004500800080200030000070052600700001910005008200100000000600100302090000000000300
000200050000105907100090200406000000000004009709500030002700000068000000004603080
300007000000000500080500030070801000906000020001000000000000067003200901040719003
060010850090070203020050000100090000000008010008100006000003960000000000200000307
540000009800230000700000200020053060000800000000710000000007006401900820007020000
001000090008700003020305008000000102060800040007400050050007300030000000010000065
850000609902800050600000400046570030000400700009000001080200000000010000700300200
000730064000006200500000000900000003004210000080060040000500000090108000718000500
006010008470029006200000000000502009003000000020000107000800951000004600037000040
540070100008060000200000600000029840000003200100700000920401000081000500070000020
058000076002008400001000090704600002000000030080000000000129300060030000090040007
000000900002000800050803040000009005700030108000060007310000000007046002020005004
607050000020080000000200001100006070003019600000570008050008706000300500090000100
019305008802000016000000090080070400100500060500003000460100020290800070000000000
071800043000000080030000000014000030000000802390002000002080051000900000703604000
600005130308000070000090000040000000700000502509000000005803040000002000006157200
068030000000009008090010400000001300800000500700206090000004800000000201400093000
007002000600500900020001030300000006012070050070000300030600800009008000700100002
360000000400000009007200100048001000003000715500000000000030200000084000000050873
070005020500090003001000008000960030009000100308040700200714000007000600000300000
090010030070000010000070509063700000005400680020380000000000100000000000200800460
750800060002000400000100390020058000500400000800603207000200700000506080100000004
710045000000070002050000600802300000000000910003000000001009307008620000070000000
100900000700058000000001300005000020300600900000095008690300804080000000000047100
000010820906000050000200000500001200037008090000930600050340009300005000000000008
040005009002400050800000307004510000013000000900000000078000001000007035005368000
600000003090860270005490000800000736000500080000000100200080000080900400003000020
000020000002009000501000008000005070086090102100280409008000200000500016040000000
502009407700000006030080200201600000000401900000200700008300000000900054070000020
651002900000000600300000005260100000008050100090020800000000000000030064009405003
006200000007080003800030004000700000200060030050102000080590010005000080400800560
100300200000007430007604050000000000508000090200076000050400020000009010426000000
007001000500000000060000098050270080000030040692000000020009050000000700700158000
031000500002006000060000800085370061000000080304009070000500000000001000203780000
000000030009703002701000080410000200000400076600000500050000108006200000000000050
400000002060008009019400000170200000090800010000000407000120070000037086730600000
000701003003080500900000000106002840800010032009000000005690000700000000060005071
090060005730000040008730000000008100000000007003010092040500903260000000000000670
060184000010020080500009200050000009200360040007005030000007000000000100000610720
009050600300002090000040501806030000000000740070000020160090000004300000050000400
190000000000500240000007800050073608070600004200008900041000000900085000000060007
103500000600004000000007008000000000000035010039800070007090060080400700002000190
008704010700003080043000000500080400000100038080000070054000600010002000600030105
900640500008009000000702080060000000400070890800094203093000605700000040100000000
001700009080000002324000000007000600500062300030004100000005010000006008800000400
010670083050000060000450107080004000009008020002000600000000030500000809003280000
000500000000069004080300107870005000900000070065003029600800300700000000000000095
902000000000000000408090007520076000000020800700050400000700098001003502000605000
017800200000600040000000070600400900004000700900000050000570003058000000320006000
260040800400003000005009000000000400070000000009008030000300600080020000640570200
001050000900030000020000604006000012030000000000000860100000040309104070700008950
003000010000030002800070300070600000004000180300000005050100003700000000200406890
800200000050003807000000005000000040700005000410300000070000490200406008006500300
000008500000009001600040070000000007108060000030200040500000109390001000400005020
439000700000600200700400000640000000007005801020000000200090408000010090000074010
000900060000038070540600009007000000020050900001000642090080500005240000100390000
607025004951000000000000000000007000500100030043000006000062080290070005300090607
000090050036080000800000401000001806302000000000820705060907000058000000410000002
080003050300900207000000000000230060019006005030085000400000609070000410020000000
980250006000001000701090400050000067000800300000900102000014800000700000000000043
800005300090000000024000019000050870000032000000010005000160900430000000060300720
003026040000050008000008000040000180000000706000610052930000007010943200602000000
000046000506300094040070100000108009800030041000000000010800005000500270008009000
510000420002004006900500700140000000000700035070300900000000260050080000030900000
300541009000000801000020000100000200005002000020609000600070003051308000070000185
021000030630400000000007000100900000704008209300020000005000400000019802900000500
000050310000060070008004000600000007000690500000020108030902000080007000507080003
200543007000000000003102000300805010000007905009000600508000029900230000070000000
009704200004005000000100037200060040400002608010000500590000006001000000000310000
000014050900002001700000000030000000090100080201300000000049030300500000004700602
205000000008076400000140000050000003700020001009000000000030800087000006100002005
200580004003000000000001090140056000005000000070040300020600010000000059010000087
840000000000002765006500003900000030001009042400000900000180000102000850000603000
004000700000004050062700000100400605000020070603100000000005240000001000010090003
000600873100030006600054000008007000090000007040090600900000000004000201300570000
000000200300080096190620000002003010080000000000007004630700009000000050805100000
000390000050700020000214000800030700040000060020000040005009006098000500200070300
003100000007039040000000860000000600000005021008002090195600002060003000000900010
600008300050000090900006201000790540240001000000000000100000000070000602800200050
000634000106000004070002000060000002040500600753060400207000003000908500000000700
350000280081000060040029000000400070000050000038060020700010000100300098000600000
000000031000008900600000000500010000072035040000000210000080000023006509080002400
000650000030000010902700085050000600000000790009000001000031002000009000020040003
100000000200860000008075304470000005000297100000000009000040003000000010700029800
850000400060000027000600800900200004000049000130800070290030601000000000005708000
007000000000007601901650400000800500004000029020000010000030000000900865080700000
068400000070000500000800000000040730700500090010087060002000000000906358050000019
208000000000000060000002381004000006050004000712900050009070104071000000000053800
000035076000000002709800300080000760100460000000000009014003008000900600058040200
000009507002600000000000900500000080400000320008000016000950600000020001900138000
002037600000000030007060400006090080030000000004173000009012000780000010060005000
506300008120000700000600042300908000001030007000052080068000425003000000000800000
608000005050000000010020060005007000700000936090308020900100000800000709070000601
300004500000100906090000008513600000009000010700040000000002003925060000000409005
000600012005100000006907000000000300514000900607080000800590100050002007000700000
309405006000302004000000000010000079500010080020007000004006000000500020006209000
004300072000000013050000000900062000000008000082051000100000048005000006809006020
000090548006000009580000010090035700000027005000400060258000007704000000000000100
046000000805002017000000450060000002070308000100000300020000000000700149003001000
000000900600207000003069007030000000000000008000681700080400520510000040390000000
100002000500000098043000060000028006002000040000600700079000000050461002000080005
000900000500000290000002630100700080082300700630090000001080042006000300003000000
078000000050020018020000500000400063905000002080090050030007420000000001000603009
001382400700600000009070060000800051000120000500003000070560000000000746000030009
208000090005000000000000701000072004003104900000800105000600030070000000809750000
060400002015000080000000030400009703070030500082705000009040060000083000000001000
020000000504600000003050408005000042060000100900200600006000007700400080010080090
600000080050806000000204509390000010018000054400700000000000045040009006180030000
003006000104000300000000270000001000092040001400700000800020005000079008007600100
100807030600500000002001780030006000004000526000040090000002008000900000020700010
000060008204100005300000700000456000000000003001080452000020000042000800000970300
005002001400000705000050009200010070000009004300480090700200000100040008036000000
006270094300008000040000050600000080005000906000810040470600000020400800000150000
089070003200000500000000026954080000003000000000736000000000300000600018007400000
502090701100000060003080002000000100000003008270006500800007000005900030000030400
010300000002800060540010003003000010060905000004020690070000082000000000030604000
000405061000000540000030002500020390030900000700004080012000000005640000400000005
000400000000000694001000000050040080000032010280509006020305400830000000007000008
004200000000065003057000600003100020000350107010024000001000800030000401060000090
804000000000000095009000600000090008208070000390502070000004060030207400100000020
040050000201080003000009050000200800009600002000005000800001500000076000103004700
680000002000400590000020010000500000800200740000109005500000080340000600070904000
001064000840005000000300000000020900003091005000043072400000000100000620009012450
000007003000130007005002000000800210820000004000000090301080000047900000280000350
000004000908073000007000008000000000000690041002048000700000054603900100000000800
007000900000000060100000370002400000000003009405091230600059000700006000040072500
090006400000070900000050002030000600040600000000090105160002070700000008302010009
006001040040000900900040000060070005000002310000010800800200003030000570007503000
000940000060001400180030000600000903000490500020007000073000000000000078000100300
021000058006100000007053000000000000382600000000009705203000000050400000000000672
130090600000300019004000300008005000000001057900000080010060098205000000000000430
400000090360008014058000070000102040071000000840005000000080400005260089000300500
700040000001900080300006009190300000080000960006000400000000870050037000000410500
060000008000000052305006000100037800050200000803000000000058070020001030090070000
010400000000003920002068000070000108005000000000084003709000200400500030068020000
000000004007950000002700060208000000730001002000006001604000070005090000000060340
000000006090000020004003100000600704200000095100300000039008000806200000000070400
007200000091000003000000080300700004005000002000420190400106000208507000009000008
000010700008002000200070900000009000957000008300000200000230009096001005500400001
006100020200060050031020000020000400410008003090000000007000634000000700050003000
001020000500010279000000000600070105010000000020040000000600034230700910090003006
000053209001002080036800400600400020009030508000000000300089700090000000062500000
090600000008473002003082000000000200017004060800000490000090540040000001000000080
300009078005708400200000009020400060000000000000030004003006015008300002060007000
000009074000000060506430000009000700000204000150090340000002000015000690060003000
000100030054030080002000609500016007700200000000000520000008750600000200010000003
001300000000000214000500070015000000300000049490007006002000007600102000030600800
067000100184000005500000030000000700050607003000980604000009000003400009001000008
004000000300009060580070400040000003002500700000048000090800200000750000820000014
503098000009010080001200300804007500307002091000080000000030705000500000000000046
006400007090053100100000008405030000000069080070000000821000703700000051000000000
000003080080000040200005007000806090800007001004000020060000074510200000000050600
710400000006000079050000400003019060007000005000602000000001084000070000805900030
080001009002070000300020000000860024010050000000000060058492600100080050600000090
001637000360000800020100000007050900004900010000003000000001702400006000000040093
700054300000001028000700040230000050050000400600320000049003000070500103000000090
000000092000091600000705000008000013000000060601030270000800000709200001816900300
270060000006001000000002010050840090030000850700030600000070009000005100590000003
010400600800000000096200100100000500004020000003704090001058900000600010900000004
090200000024900060300040700530000000002050007000004600840000005005001080070000040
174000006230100005000000080000010000040306000920007000700090600010000500006500240
000000000900000007080000600800756002003010000001008009510060080000009400700004000
709000000000400500001307004300041907006000000080000030102603700800000003000000006
008100004000504310090000000200000000007900000954300200100800040000000650020030000
600045028003002940050079600030000010008010002400200060000000000000000209000657000
000001007002050900050264300008020039000000000090035071001402000005003600000000004
000071900008600000075020000000035040150000090009040008020000005000000070030008100
000000006480000000300000510001078000000030000206004800902000008070000020000013007
000806097030000500002001008007010000001009270600000080100700040004000000000002100
370005000000090000082003050050000801000080709040100000000217090024000000007006080
540900600761005000000001000070800002000000306000050004480000000350006278000000500
000802300000005871050007000061500000000010004003760000000000005080000000410320760
002100009009270008758000006300090050000000000081000000020016000000000400005407810
908000000000010020020000140041700650000503000000040708050000060000638000000150200
070000000010790000008100900100000095500030087000006400400800030007250000000003010
010000000000850041530002060005900100002000908000004700900007000100000000000040002
400007000600000150010000830090180000004002000000090002020070010000003900350600070
301000020000080097020000003100074000000000058000290000000000060078040200000001000
000000800000000060801040000930602050000050307005000040060010000019400000070980003
040300900000870002005002160000650000006000008008030020007100009200000000310480000
010400000200300605050080000000900040720000000000000297000000003040090502003740000
000300000000000007000010408001500004070920806900700050016000200007008600400007009
908700000000060000000810050004003008007280069001000070370500000000600980000040000
000007400090300700800000006000000800000076014000020000012058900045000001006903000
420100000650800200100000080005002700000090060090000003000580006060030920000004000
903060005004002000000100900007000300000918000800030004400000083000200109060000070
000000070000050360042000009007300091008400006001070050030000000800036500290000000
005200000070005403000870000506000002000003900003610700009068300007400020100000000
003072000600000070000080004006020190901000000002003000000009800400000013070060000
300100000000060091000000003700308000506000002400070000600450029007010406800000000
000600200050208000900000400003000008005000670700300005600000010090002000210040000
000004950900007013000900000400800030000601007700000108049300000000002805020000090
080000307000360010000000950270000006030009000400001002000100000060403000040000025
000036570200080000006090080507020100000300040009000005000000201700000030900102400
020000300000500980401900000000001000013070000809304600000067002000803040008000000
000010000030800001006304080050042000200000800400150000070000000640087000081900403
008300002010420300000100500000000000603000005520010006460790000000000000080000023
700060890600000504000209700491080000080000400020100080200000047000710000900050000
000800000050000087006041000000000054320900000001005020000000900000200041100380000
107900008000803000000000090059401000040000060700000900001500620420080030500000001
000900073009006000700280500000000401810400060026000000093002040500040000040000320
005000018002000000000061000700400003000007080100028000600019002200006040037000500
708000320204000100000000000009000702000201040000906000802300016000004970300000000
600039020002000070010080000020000791098100000004000000000053609500000004000406000
080000000010035004900200310000084000400600050070003000700000000300500400090820700
060010007800200003900000000009000000000700504015902060006000200300008000700500030
720000090100700004004030100000140003000900008005060000300500070570010020060000040
007002060001000020004170008000906000000000009000705610500607030400000080360000000
005000000000870009000041000000307080004050203600000000010086050950000300006010700
080700093000000400200000000405900200300400069020600001004008030000000000058090070
000000963004000100000093200640912000801000000000600007060040300300000702000200000
000092000200000700030001000003070540009008000000954020005000060006005208780000050
000500080900060300408000200006000100280410070507000000700900050000700602050000004
502031090008007000009040100040000930020300000080000000000000500060074000001008074
960500000000000001050003090040300605670052000800706100000040200000000054300000900
004000000000050000617900000000080000400200010276000050000000801003700062000013075
010700080000205009000900500007004005896010000000000000620003000000000048300000260
000008020070000000000000005700100600100000930402300050020030500380400000010987000
690000200700008060000500000500002000007000050010000802900006720203010000000307008
005000687060010000048000020900703500456900000700000000000001200000030000010560300
000304700000000008000210050030000000458020103000008006890003604200600007000000300
250010080060008000703050004004001000008200100500900370000020007006000008000030000
000004007000000060572000003040000001003800046600000700260000000100036089000508000
000000260000700035010328000900100650800050007100000000000092040029000000040500000
800050004004001560090047010000000640030000008100004200000090700000506000000270005
001005008000100600060000004000000000608000570070003020400010700006500039020070080
000002510009070000010000400600007000040050208000408060070806003000000000463920007
102040500370200040080000070000000009010005800000064130008000200790000000040070300
040000000100000030702010000500000300000054006004603028060500070020700695000002100
003010500060000000400009060180070003604020000000940000030800640002004000900003002
001702000000000906050009000000307000397100600800600000509000000000050800043000107
040002160000050700009400008201700600000800000000001000000060200690020004020000000
000102040004007050106300000009000300803009200500000000708010000000203897000900500
006831005000000002000005700001409000020000000005000061560204300030000000000000184
070900000040056000000000659108007002000000000000300014480000003200100708003070900
090800007042650000000007050000070000109034028030000095500003004000000000980000060
060050040100000600005980010030000090600700300000010004050001007000000000090030085
300070080002501000600000004090000100004138050020000000500084900000700006000090000
208003006000000500041086070400008000000000004002601000060500080000002163000000000
003900570700020890000007000040002000000000000900100200090010052065000780074006030
