Seed: 1640218321
Cooling schedule used: t = 1.440000, alpha = 0.999900, cMax = 500000
000304600040000715000000000094000050300600007006140900250800000000065380000000001
008407000020090040000250180690012000000000000510000000050000014000000008009630020
000001400284300600001720500100500006000000010005003000500000009007000030890000002
080094000000000509003000400070480000000700006600002800030500670000038000490600005
000000103700002000050860009004500600010090805500006000000009000680001730000000001
000740000008900300000001070000000600703000000219300000000000200004030080500004019
400000800025008000006003050030006020200009000050040006070000000000130908001800560
600090020400500309820000070000013062000045700000000000000000500581000000000308090
802000090009300002000400100050100060000000000700005028608500030000610000030007000
260150000048600000000900010600000301000000009300065400000020598000000020000301600
008690000009030170000000080000006000460050002700010500000004200200705000684100000
010047000720030009000608050000009000050000670001500030042060000000050700080001400
000007000800034190100000230026008000000073000040210600900801400400000005060000000
000100089470200000000000000004002000050000070060530004008005462000004300300801050
004900000000700100037040009000070050000000840403061000000006000080009520300000000
009000210800000000006900007000008050020040000400000020900837001000501039710000000
000780604305000002060020100950062000106300000000090000000000900709408500500000401
000000000060570000700020603100004075000053001000000900006000080409800000008000367
402300000050970600900480000000000000080790003620000700000000549000600300500008000
215000300063000090900080000000009070001062900600000000050020080080507001000030002
000180040004090008090000630006008053080070006003000000409507000700000000820060000
000748060003000170960000040001080000074000603359000000000830000000001090500260000
007000950980100000000300040050060080004091000060078000000000000092000070030006002
040020010900700080020000060000000408300008000200040007000000000403009605100000230
000080300006103080008000000000200000085049000300800520700000900000010030904006001
050087040000009000190050600000040020003018700010000000200090000400000367035000100
003000200450870000160090004600400090500000000000300000008000040700200060010007050
000200070800019000006000143790060000000000050000027086000040000004700000100690300
003405000000070600005080700000100006100500027000000480006050000034700800079600000
000203800007010006030600000065000178300000500080002000003500790000000001590000200
100020005020500071060000000000708300008060090000009010000000000514000800000400620
800003000001524000002009000008040090060908003900050070000000301700000006040006000
050200000000008070100030000040600080000001004810000000000703042080500307900060001
008100200000006040003009008071040000400000080000250100000530000020010300000007006
090100000020030000100000700682009030740800002000000000008500040001006900000903078
000000080090000200340006001000000405450300060210700000100040506800000000000093008
760003000509000200004100000000900300000030005015000007050060008000028504002000010
003000002000250100580100000040000900000084603026000000000000000200700010705603000
080000000000700902402000000008200016007100003000008007760020030030506000000010509
400001009800000500200360000000090700520600400000080900008000000070003650000040300
000039080000000002300600004097060800010700000600003040000000010005201008030490020
030000040070420000009000057004030000000800006290060070003000001008700500600000000
908500000030000071000900008120000080003000000004000157800256009000410600000009000
008900513050000000000310000086000002700200065000609001000001200090040080060003700
700400005060201300010007000800510000000000000000092007540700209000900003020000500
602800000000030046008960205000020537009705000020400900000000000007000400210000000
009040300040020000000560000000000072408052060030009400010006000000000200060000891
040300006003509004001700000002160490000000801000000070000605000804000000027400030
300002080900800470000400000200080000405029810038006000081900200600000000000000306
000408050200070109000000000000000700901030500028005046000007060040500200000900300
924000050500040839100000000000521000005000960000007000000005006080900000409003000
039002500084000902000003001000508004000070200005000090700400005001007400000260800
600000080000005004090087000020500007060040010700010000082070000004002600300000805
624078000800900000090000240506090804700800000000050603000700021000000056000030000
000630090400000600205000000600008300000000260080090705001003000004270000000019000
400000781008000029006000030804030006012045003000000000000900002600020004000073100
060000090900000800080040703000800037405000000000030904800050000603400002010007000
020000000007004150600030049300008006005000801010000500000301000090070000060900020
000008070005000010800096305080007000002103064000060100050021000004000701060030000
091000806000000705700800010000005100000000320030001060025000004804350200000000000
030092001000000070061000000900000080300005000084300009600050000090040005407060310
900080100000529000000000000008200403000003601007100050710000025050040000200000708
031890060000000000800000053004002510000600070302000000270010004000200080080906000
000840000090007830107000000400100020000006090000480670009370000200000700010090005
060930007005000000000000009070000010390810500008060000087002003000008000000640900
030001764002400800800000030000700002300604050000009070400000600080000020000190008
134070200000006700006000030050601003000800000010009005070020000003000008065007000
004097000000005300060100050400950000000030008021600490890040003000000502007000000
080100003301000009005804000000078016000000000039042000000083000062009070900000004
081402000090000030020690400004000063000070000000000005000007080009050040007100690
300007000000860030000300100060000900003009070008000005000000007089070052000015040
900600000006320400002000900009000503350000000020070000000708000000004371010006000
001060050290300060500000008000605090300000006070080002000092000904001000007000280
100000040000000072390070000025008007000500600800600203506100008930062000000000000
000190007800000006000400000046708030230500000070010000060000000100000902004009010
090020076020601000500390000002570000760000000480010200001080003000200000000000860
000580429000000800000409000040000300037060002001003900070054100800000070510000000
000000008205104000690080700030001009001000060050000080009405000004090000000310500
084900000200000050000000028608370002000001004000020000800000100010400900000030040
090610040002000050000000100000050004600002030003007000008006091030000800007008302
000903041050000083000050200000000100008000075001670400700420600000000050209005000
000000000050600900020070001010000007000060082000458000600030009402006008000100040
009010200400000000000907306010450009002800100800000000380001904600000500000600000
080000000030900405006000000000062003090700000000400120065800030000090000002007059
300405700005020860000000000003000000500000001021637900000000650700003040600780000
850000000000900600603104009000802930020000000907001402000006000005070100004000063
090000800001000020000080007080000000017002059062750008305008004000170900000000000
002010080800400071057080490000071036900000002080000000200000000009048060000060300
000090450900002600060703200010027000803100000072000010000360005207900100000000000
030001000571008000000000000020600734060030500000080000208005063009000040000300080
960203000002006000000000040000008700008029000046000900000002008075090300300000470
200095007090003001000000060300026000000570320000000010060000809510400000700000000
000090005270084000006070000010705000040300000080100406005000800400000009000030057
570800406003520000400000100001000000924031000700080000000402760800000090000000000
120905000300700010800000004060000000000002000002008175090400087070030000000000020
040503000170000050009040000000800621000602005004700000000200010730006090000000006
006000000927008000135000008080016430000000000000000056309400600000309000500600007
700009000006700040300000906000005002038000090067003400000030008920000000005640000
000000065008093020000160030050000080000600004004520000087030900000070000010000240
005400000000000420200000083000080060000751000000020105070500042900043000003000608
000030290900008000070004000000000600060273004200000005890007031007000080005000040
930000060000000000000007200500600041006043000007500008800000300700400586000200090
002000038400000000800004590000900800000400607003205000275008000000009000000003070
050600030009700006032000000000504100200800005001000009800000060974002000000300000
000360001406000030080100090004701000000000700063009200000000000200094000500076002
000000206000390005007800400000008300000000020205100097700006001019500000300000000
700003000023000001190600002010700940087042000500006000000007000000000035400305700
000000987000001000002037000000000006700098000000460105206000000070046032038000040
023075100905010003060000000000308002000000600209000070800900054102000000000000009
015000904300040060000100003170530400023000000000006000500009000006000309730000100
000003470000000009051900008360000000070060030000000005000408203400100700200070900
500000000007001905030460800162700090000090020000006300400000000010002000970100000
005008003008090000000002000000030902071060000020005800300100470062700000000000200
000596004000000080007000005000700001010005008340209000060000000504900020030080700
001000600009005000000008705670040000000060010000002004400023080018000000000010500
200000000409010050005700030054000900002890000000000401090060000000008100008000725
006010000000900000034000987020140060400006003060803009500078020078000000000500000
000000001208079000070060000600082003000005009003000400902000000360400000000008250
000020050000000100090830007020080004073000000004070520000000300000361080000004206
900605004085000600004010000000000008000104960800200140020090003010703800000401000
000000000807005090020007004012800000004170000008000600900000000000059080300006500
000100090000037001090002003008000000070005806060300050030700060002000105004008000
907806020000500600030000089800000093350074006000000000003000902600030400080000000
450000100000006000008500300000000800300000002000020951004080000009061087100209500
070540200000000900020070010300000040080300000000056000200600503000800000430002006
050000006000075390070100080500000012400003000090050403040000000102000070700390000
000700403000000009001020070050007000040090001100400350030608000419000200500000004
700000000600008090040000003006821300000730000400000001270060000005100064004907000
306018200080003400042050000000301807020080010000027000100000080470000000000000900
000307060040200009003000001600003402005000000087000900000009003300085000170000084
000000060081005000643008052400200007076000038000090000030000080200050000000000000
000500000007000004603170005000002009100089000009000027300000700000008610406000000
100000000000200700000970040000000850009003006467000000080000000300008021090462000
000007005700102006000060000950030600060000438004200000000010000000085000000400370
950406000002000400000200890000000000700090530496700000100000000000003278000070003
204008000000030000085000002008040590320080100000003060000090005000070600600004010
000000010260000570508000004001090040800250000000080200000000607083500000005610000
000008060050904000208100005090000000000501080130009700500000040002000908047000050
600000907000020000028000040070106000200003008000000093710200000000001706800970400
005800000608002000004000000070000001000010209003070000000021900001003047800006005
700060000400300005020000083006500400900004000000026070200000098000070000063058000
000100007502040000300950000000400005200070900000029040040030060800000200700006000
002081000010907003070060005800050200200000006007302000060005000000000079000000654
008000700000003000600000519000070820007030000041900003000000005760850100000069000
870000000000320800000050000030070001000002009002806070050003020007090003019000007
000009060705100000020050000260890100900005000000000020000030010004001800300020090
400005002060400010102000040090070003000060007040031000701000000000120000009000320
400500392500208000000001400000050134006000000051009000000090200279000050004000000
000805090000030000060004000050000400106000000342010500700100000010500840400067009
087000590006009000000840003000004000700001846009000000600023004030095100000100002
000090064074030100000008030508000009400000000063010005000005000080001020000002896
000060000000302009000910800700600030090000500308050400070029050004035000000000007
000405620740090000000008000020000708500900000083600250005030060800000000030040010
091200007000054060000000000000010050083900700006000000030008900005100400010069000
470000000010504800209000700000200000000400078000035000150000000000000024800902301
000470003530002009092010000000000960008100000015000000007050180000000000000026500
007009000412005009000002073600004001070100000900060000056000130000000006000300400
500780900100000000083050000800403000000900080020005070090000030002006050000004100
000350940009040000500100000000000700003070001401000020600700010200015600308206070
600010700000700004080600315010002000500100040063007100005000009400800000000000020
001064000000200073500000000710008002920400000000006800000042000034000008000900005
040070500900400708000206000000050010200390000350000000409030000800001050020000040
030208090090700004700000001000000000152000000473020600600400013000000040010000908
007600005000090031600050800070580003006000000005000020400300000001860000090001300
000810590000000003000760010600982700409000300002000000300001007050000802900050000
000040700400090001000030900040602000000470100810000604050000402900000030100005070
000530000009001000140060000080040206000000001000900007320070000050080300000002040
900060030000400900000000008006300295007000000080050006001000504020000780000070109
009000045000000100000003900000700400070580020060094500053800007804000000007300010
092600003007000000000005200040030690000000000106000004500002800701000000080097010
000073000700804020009000003000065000900700000006020019057400000004000070030000001
009060080003009000706004093200400009000001020008003000001007005030000000000850700
005004021000300050020075000002960080004000500700400016090003062010080000008000009
300002000040000209006000100070450000800010760000000045018000050000006900000020000
000040000801700030000051000700400003039080010200000090000100460000090000905000200
700500008059000000040600930500200090000000800200890000080073400000006300030100600
000700060010500430030000000000001008602400070000000504007000000105870200020009006
000043000000000402000908050045780039100000000890000007000000708060030090008005001
000000006000009000000502090680000070000700820100003900802006700009000200010904000
010000000007005000005060780020000004000600398008490060060003000004006050802100040
070068500048000002000100003090800050400500201207040900804000000006050070000000000
802000305000900100001040928086200000000091000904000000070000000400500700030007500
460100000000080090000500003200800000008090630906040200000000982005000004000073060
000001000632000100805000032970100000000007309020050008006900040000000500700400003
860003000002000006300009000003040010610007000000200607200500800000000500005706403
234000080007100205000060000012070030040800010000000000000700000000000598050304000
004000000020090100000030069000067003085020900000000005300410020201000700400700000
500070431800001000000020670000500709003000010400000002006000000700402000100700060
000240030704000000003005000030006024010090008000004700000039050000050001050002076
020500430000410060709000000000280040000060000001790200080030000900000016000000005
060000004007000003040000150900000085300000000000730019700102600030005000209000000
050704006063000005000000920005361000070008500001000600100940200004000018000010000
108002900050007200000045700680000020000801050000200010000004000095000600000500030
073000060000020300000007000080600024400000500090800000008063000200004091005080002
000004020200050001487060000000000800010000002005430000000005700001000000090206058
008600100700010504000950706502000000360700008000002000100076300007000009000003000
081000030207000000900040600000100003003670080026000000002000041000081000040000500
047001000030000000000905760008097050005000006070600000100000085000003602026000000
009700520000300600000806000270060040010000000000000002087094000000000000402008359
000000007035700000040205000000000040000308200080094600000403001400500002906000000
050000100760100008300000000000002050010030002900500703000205030580000600040809000
009030000300001094000200005060009000400080001000400068603000420700000000500008009
070300400900004003000010600702080090000030007000000100083000020000000356050960000
070008109501400300008009000080020051000015000007003002000300940000000070609000000
000050000008400600006830054420000031000003800000900000500010003000000006800092500
900000008000304000001000452020000007500600030004700005760010820400000000080060070
009008020000270001000001000603010000027005000050620003038090010100300805000000040
208790010300400500000810000000002047709000800000000060000500002020060000040000703
085000023710000000000060000000050200530040100000000007000204001340900005006005300
048070000600000000300000095010000367700900800000600500120000080000400201009000004
960500300000000400000023008078041900100600804000000010050000007600007105000000090
900000300500000807003260000000000000200906040076000080407005000050302000001409005
080000960000010040210000000000004000300008050050037009400000800006040700003006000
009020000104358000007004020000000080008009300060000700200740890000600000080000100
000074800620000000400020030000000006080000400000500180000930007002000060750800019
003000000002805300480100000000074000140000000700980500000008200300620005000050004
470000009003000008000004000000001600030800000016902040008030500000700362000090000
005081300003609000010003004000800400604500000709000050000030610000000007800004005
030010000000004000060780023006100000800090307090000500007000000100470800003000062
000000000070030805108490000000000003060010400300007020005106070200000900006200004
040050069800000000000400508009004102050006007000007630000000000201070900070800020
106090030700000901000020000050030004800250100000000072005000000000300709604900005
000000400900006150000000000700600010090040708802500000003820009570000000000060047
310000500000002609002000000000008010020010400009000800530081000000000005008037006
000009045009500000107000030200007000704000500006040100001800000800003200000064009
070108500000500030300000021002009000010600050054002000090400780500000000006070000
007690500041000000005100000900000200000540900000070003020000840000001300100300002
000000003047003000065901420000005030004000000000030157000800200028000600000006000
000080200043005001052900700008000000670100040030000005000002830019060000000000000
807902004000080020030007000040000601300000000000004058000420009010000060604590080
000000005081060000900001403500000070400000000003900002060007200010400350000080000
800000200003900500027000830060008490008260000000004000000070640480109000300000000
004001068000000000950870000500000070061080000097100006005908140300400007000005300
600700000000050000500109006000030007130008200042000000000005904080040002070010800
050004003000000020000258000490083500010000600005000009064102007000000001900700006
400000001900400020020700306070180000800006500300005007000560000100000400009007000
060070000450001020310060000078000042000620800000009000003002500700000010080050300
000035800080602070000000000604910035092006000100050400000000050700000902205000060
000006001000400050000083600007802190000007000938000400700104000000200500804030002
009000003000050010300027400905003000602005000008090000000400009070000634000000002
010000000000380000000005007007900180040016000038000000000500600052000000009063010
000060007207000009060080100001000500000530900008000000006010000040003600300700801
000500006902080004807000030000130000006004000000008095000200500098060007400090000
040007320000800400310000080053008007801090040007000002020060000700500000006000000
001080000809700060000305002400209008900400500100000000600000001080030050000040700
024000000700000900001006300607010040018050000000700090800000001000031620040000000
003090000000000006000002037008040000010683040004007100020000010000078502051030060
000800207032001000070094080600000000000010900020600004000000000906000500500008120
000040850401009020000300000000620730020100008010704000800000096006008000002060400
030060000000200050000080000070900008608045100304000007007000000052001003000600801
000400301400610090300092000006001080007500000000000000001005007920000540000040100
030659000019800002700000000003000940060000008001004060000200070007340210000008005
000000080102400970600000200000500060080072350000090010000300040093000007000007800
600000900009040083000001605060000300001000002900004078070008000803200000500000004
000004003053000000040000007102030700000700650600200090000000800000485000200073000
500030804020700000100980000000010005300020470000000003090003050000057006802000000
700500000900001007001203000086710200000000160005002800000400000000005000240000503
010008607000405000300000000060080003400609000700100040008001200050907400020000000
203000010000286009049030005002590030007000001005000000000010700000058000050000008
060000800273001000001040090030056000000028000000000900058060007020009100600000300
050071900000005060040000000300000540060030000200000701400010300903080000600200019
000000070097006000000300106008270010400090000300400009040000900601000020020060081
006000005000050007040008390070000930020031000000580070000004000960200800204000006
000008005020170000360002004037000900000200700000800143680000000074000301000400000
400005020070030001590100003000000040700906502082004000000050039000803000050600000
510000020000000005070080003800060050000900306040007010080009000402300000001004690
020400010000001090400000007000080009509000760000507040090304080100200000030000450
009005080000003200060000000054000306001700008020000000700100403006000100090006000
306040009009701000000090050000060000270005480000000300000600008700000201500000600
700900008025010006000000420590000000008000510000003080030008090040300600000020000
008001000040005370000780000720000400800500090603020000500300010000400507000000003
000000891000008070000724300720000000501400000030000600065100700000840160000000082
760020008000004900004000015073000120000000000200010050085900362000000000000005009
000402008056000900300000070400700000001500006208000000000600200000097040900080001
001030000300406900560000007008100000407300010600574000000600030103000000000090000
000000300520000080000065000000020019768003000001000070040900700000080400300206000
200030001004100583000000009010650000308000000007800316000320008000000065000064000
050860009004100600030500002607000020028070000003000810060090400000706000009450000
490000350700040001100006000000003080000800200000075600670000000000000709000090023
200030800008510000007000040000000038601009000000062900000000500400900006300040000
040060590600000004000700000000000000070002100000800006809000060000450020005009038
000507002007400006040030050000000008000009010030710000000002000285000004300000709
080001000000030000390400002002000060000306007000000085000905210025070090006104000
000006040104002000060000900002300509000009007050000006028900100703501008000070304
902007000000200004015000000071050800000000000600700000030000102050061079000005006
000608000000040020000000503130000080006500000000070004080006070007009260200000908
000000000010002650600000829000000000300000002109086005040000100000590006800403000
050900080000500001000300060403000800070049002501000000230706500000002090800000200
015000000090100480700390200006040007001580000030600000000809000070000002000000503
800060450000000906305401800500000000710000080008000000000350200000100003601007000
006000090008300001070005000001240009000706002000000870200900400010560000030001200
005000001800000360000400920000000008630000000002070109050080000260090500900307000
074080900100004000600300001000800007000000600000107005090050000080600423703000000
100006005030090001406001700000000900008500002091030000620007009005000000000008104
005000200000705000004000076070326000800000000090080010100009040900002060040007001
001000050840010000590008003000100907016000000200009300000000001002450000004030600
080002400000000070007000009000010800009000125020600000900301000502000900000007603
000009000604000300010038094000401002001003008045060003500000000002810050080000000
080400000000023005900010864007000050300007000008500900400056010020080000000000603
004000080000406001003580600000070004752000000000609005230090000000003000010062009
000460701600007000002190300083000007000748000050200000120000590000000030009050000
307080000000000000000251000005020040908040003100000809000004905060007008000600100
040000600300076000000805023020080090807000002600000000460900000008040006970000300
406000070003070400001020053000600000300705900054010020009000504000003008100000006
000000005002000078700080400000060002000000130600200080060012090005007000304050000
004005008009000106036000072000050709060040000000902000000780010210000900000000064
000000080807000500006000004009000002160020850200004036020008760000002010000196200
073100500000000063050000200621000000000010890700000002018007000000000340007040020
080050609019006000000001800800140007004090300000005004000467002060000900005000000
250000030400003000900050020000000587000400000080270060000809700300000002000600100
000000006070290045001054000203000900090000200100080000000030020005400009030700804
064092500000300049000000060530000080000000017007423600159030000000005000270000000
508901070200000006000060005000010007026005010040600003090000000050000004310004020
004010007000000034000900100100300500000605009000000000900000800000004706820060000
000000300930010000000570010080060790020008000050100600000207806007000000000004003
006040009000000070000005462000100820070008000802000000000701900024300000008090000
000130000240000000709000100098010402000200010020000607000005000006040059000903700
870000000005034071060001000050000009904056000008000000000103460000060500000045300
000010760800600000060009501002034000000200000007001830000075020108090000079000000
023000000805000960009004003000095100042000000000000008090700020000001500750002090
040060000700800006028300000000007000500030002300500190030100009207000084060700300
002030005600009100000007300700901060400576000000040000560000000000000619301000400
010030080700020100009100350040007000903042060000000000004800000000000609060051000
004003050030060009710000040000070000600000900049050000100530000000204508000001060
500000010001070300070400009000000006090600020008501040950000000300900084006300000
801040000060000009030001000500200016000005002008003570246000000000300600100500000
024000000900080030008003500002700000000004200070050600000100806706800000100500009
108090000006200000004080056007600010002040008460009003000500000000704180000008700
001000090030000000009000127000030002018020300000409060460000030080600001000500084
000020000000653007608900000000530014300000060000100500070008000005000002800000190
401600009702050000000039004600907500005000800000200000800003060000000003000006087
900005028001000600000009050080040003400300000097000005000608010700020000010000084
072000006000000080900001500004800000801093007000000095000005000708009001500014700
000002860700500000004000000070000000000003005006814000000070058019000002400030009
800370090001900008000006020600015070000008200000000000050020069100000003004009500
005000000930000010160204000406080009810002045000001800002040057003000000000709000
000400170000092006000100300000035002160000500900000030001006000500000090020009705
600000700800930000000000014080004200059860070000000008000000080000307450510000600
000920000000000200903006050400000020008030000002004067000810070000607015005090000
000060080030097060500004200000500003200000010000070000810030027609000000320000104
700500003000000020009600000020070004050000209100045000000000308035000460800006057
000405000200000040000709000400260700009080000006007100008070000000006050094000012
009000015002061000030000000000406031205009000000000800500970400900080002003000050
000000007700609200000001000500000006604000070000290008900003700048000021000000050
000000028001020005400809000300080000050206100040700050000400000800030000000050293
000000004000607005030004127790032060000070400521000000070080000000060708200000000
000090006400000503070410000500600002000008905000009070020000068050000000360007100
000040000019000250682000000000790500107020000030165000000000000000654301060070020
000094600070060000500000090100800200090007040000910000000005800840000035010002000
086000000000000030930600000000094200000306501000705094007000016003057020090000005
006008001020009600500000200900000400610500702000030000451000000000006090000700800
000900000900000024080400005060100000030040806000076502000001000827000001046005030
000000000050920004706005000600000018080569000004010500070090106500300800000006003
080700590000208001014000000003604007090000040000000000708002000002000006005430012
078100940200004300000000000010600470500009800403000000001800020302000000000000509
600940000000708009400000805008060100005000300010050000000007000900006032030000640
410500000000300000800000000201064000000090713000005600650000002008000037020008090
000900004000008600618000730090450106005060000000100050000702910003000000000000002
100008020020090000007600010600900200073010804900000000500040900300000400010030005
000009200009000001000004070310000000500800902000057000600900803070002600905000040
050030490400000075002000300310604000046000920000800000060000008000002509001400000
000019003100305042300000098093000000000060204004000010000006031000000460470000000
009200400071409500000006007410002800000000000080000930300700200090000000062010089
260000000000300004800005720070203900180000000020600000030500040000900060000470290
400050000060000103507000480600000000073100000000000502705040200000000040010003805
420060080000000000600005007000050400003609000009017000070006050350040608004000010
007300000005048000060007043000000000200001080300500900000002090801904006020000700
030050000800010050940780000000000020006000300020000610701009802000867100000001000
008000000000034700407908000020340500000076240000009000900207400040000605700000000
200000800015079000000500600004080070000000100060230400900000000640010000072000004
860500300300080070090002100005001000000250030900300600002000000000000700040097000
000920060800100004075000100000078000000400708000009000208000000600700000017030006
000000804050001067003040900105000000600420001800000200290000006300790000006000080
305960000000000020000500800096004000040250070000790000072008001100300900000000200
020000060300040705500600900004000090670900082980200000010080003000003000700090006
008070000300940060200500800070000083001000400000060572040309000000005000090010000
007003081250400700900000000089000600406830007000700010000100500000000009005070100
000023700600000005930000024000000000540001003010050608300605800000270000000000009
000002000049000050307500600005308100000010590400000080000000203100007800200900000
006004039000030070000600000500480000070000200200000004630900000040008002000001608
400000005030025046002000300025000000700956000340800000000003501070000600060004290
014300008300080000002400000035100200001807050040000070400030602000900700060050000
004901000070040006000050200020780040030690007700000800000003900106000000000000070
000006015007100040030800000004000070600000500029000000956007080002600001740900000
060000000000100204300006000000009040030005010702060900906008100000700000000020050
000000400004000708300000096205400001160000070000900000090760100420003060000005040
000005091003007000572006000000084000900500000048000900700030000800060010000000062
810002040700000000400763090200000008000900400007000030001040670002000000009120000
100000570000080000000063000040000200000700080506001009200900000000070300407030006
000092610010000043800007000000000900001056072000240000090000400560000001003601000
000000063100700800704002000000601000080000090050804100000008301600000205040007000
060003910000600700500000000000900021080010050030806070006020000009400008300000102
000000000506000100040010800020704005000005000700000902060090000134000500000000028
004500000060000000031900004000670090000000502005204010050402063800000200000100700
050400000000000930009108604000800003004500210200007040002700000040050000100600800
079000103300005008000000049006003020000040800200090000010700000000034090603100007
000040023000800500000600009007012000040000002150030000600300000500070001000400975
301002000000000406020050370803000000005036008040007000010000960000000000000185000
000907205000500000200003000000002000405000070910450000564000009000005060009300007
040500100620180030300000600800002700000300025000040000400095003090610050000200009
068530904001002000500600008000040600000090053000060009907000400080000005003000197
081000000000010605060730000004000070030070008000005009000008000200504081300000040
130000800500004030702005000004000000000003200070800003000008600010070058000900470
508000000000000740020706000100090000000020300900680057800002500405000900000010008
325046009000120000000000600004750008000000500080000076000090000291000000040007021
700000000908043002000090000600009108000100000000306000503708091006004700007060800
070005080003160000000200000030001004000057100050000038060000907002703010095004000
100400900008006001002070004000062000000900000000000042500000370007510809900000000
000002007000009000000800605001000700046508390900206100000000000302400000004105060
000800600000549020000000000050007060971003000082000093090010048010000500004070200
000021508800095000000008000000000701002000090003080025000062400206040070100900000
000000020028070040930000005506000009000003000003640270072100060000000400000704100
007908060010000000000143000002400000590000070000009005006001000001005607203700050
005061003000200000000000860050980000940350700270004008080000204000000900000105000
102060000000000705000070600050100070000007104001900000590006003000020000040080006
000003802009000600640001000080004251005800300010000000400096000000000003071040000
005002018000004009000603000803000000200001000106200000604000700000308900008500600
789600000000004150000000000000300600600007004000060018250070030078000000000000200
002090070000000001806700050400030080100907020000000000040009560000580000500600807
507130000060000007100020900080076001000000030002500000003000485000050000000904700
000204600090000000080095000000457001005000000010030002048000300020706800006300070
009020005000800100000000096100060000080070003000080050030200910900400070070010032
000000100960000000472080000000000490000020010800306000046700500000002007000093000
301000900000000400000602000009000520000000360000091000070005000600208003008010007
000920308800000100000050700005840000030000090408009060000500000906300000300070000
300600800205043000001090000010000250050000046002100090000000000000002030940036000
000093005007600004010720306003000000000001000200900100000004020030070000508200000
000870030306400200000050007000004001200000050760000000012030000809706000000500040
908040000600050084100200030001509000500003000080000001000405003850070600400900000
501400800700000030000070490000061000005002003160000080000930004030000000009705000
190000000000920008340000050000700092070005086020040000000000000701008000006000315
300000086000900000200007100870602000000000400000000009000000032030710090000800060
003000241000200300040009060301000400000602050086000000050000000000700925700006030
002704000050000700003005000060003100100000005000060200025000008000010040006309000
000000000006001000791340000500073090037800010400000200000008400900060001000002360
000005040007000080902030006080200700000340000000000050060070008000403920100508000
600000093070006000000090050010040260800000000203809000500700986000003004000200005
060000000000054007009010030098140000410000000500006002006008000040920000200000900
010000253000000000300900040120070309800009000006800004030005801060000000040000025
000041000540000007036020000000002063000000500210000008900306000007500002005090006
003004001750000209000008060000130008009000000065000070500000000010490002020070006
096000000000100050820700060600040200000209080300080090005000002060004000040620000
000030000761804000920000000100006240070001005600300070056002800080000000000640000
020803000005700100000000504007000001010090036003084000000008095432000000000000300
000007490000006103000020000900060020005000630003000000270080009600450800000300000
000068020000001003063900150070809500208700000600040000000000000000695032430000005
603000070000860000005000300016007000007059000090000056000030100040001009000940800
820030470600000000001000000400060500005900000000003002060000208703000005000400006
095000030706205908000000000000000300024010600070039000000008700000090004001600000
002403001000001720009000300580104000010000005020096000000000094700000500000038000
005000060030000500010032000040098070080310005007000300000870400000000050201000009
000400001020070003090600027800500300200000050501030780000009000300000000004817000
502807060000500009000300200003950000000003600050020040300100800080006000746000000
005009002040170090001500300200006004380001900600000030000000480000934000000000070
000000006065000070700010004240807030000900000010000700023100800009005000500000907
000000000080030164047000800000000050900016080000040079060005000130000000800060040
795306000000000000023000000070940000030000040060702100940080700000000090000130200
000300007000060008060000403020700304030006000008000590000004000506078000009205000
506103700004002000000754000010000006007300009200060000300000021000000690751000008
070100000100080003080924007000000000300800600000050089700040200004090060060300040
000001098001000500020040006030000700060000000800012009000000940300600007000795002
000000701060000020000400800030090000004071002610004007005040060000002003900306050
000060250006500000000091040000076000230000000090813000358000090000000081120009000
000830020068000003740000000004080000010004758030009041080400000006903200000500000
000007081500008000040050006080070400006003000000000097060304009000090800170500030
670000501000030080000004007806400020050003040030008000000600000290000004000000173
971000800002500003000000000410600080000090000005104200000005090004073000000810005
000006000005000080720009605400900006038001009010087000800000000004000102090504070
800062300400000010200800060100000020080000003009007085502000007000073900000001000
000067000100004003000120500012003006405000000000600900030700060024000030000000007
037000500100008200090700000000009430010200000063010000500000000900005086008000100
000000901008000500100000020054010000301070050900040003080700009005200416000000000
000060005000400260001090000000000800078005000500610700004000600100032000230000010
008900100000001407007050000200005006006008510000047000030000000100400609600000004
630000000800000490000000010087500040009007500000009006008490100000002809000060070
100590000000007301040060720601000807058000100000004000000401000000000256390000000
000821000000000900600000030050006000000300107008000304100500000729060005060000009
400000000007030020000105037000007000021000940080590000009003000060008000300004090
000031020000000000012090670078000000006080097000560400000020013000058000089000004
000000087500000001607020045180900000000035000050001060000000000800079016000000973
560900000130000205700510030090030706000080000200100000600007402900000007004000000
900800010040600005000000004003040000012000090600007050000000003004700020078102006
060000000000250000100008300900570000030000045080010070000000108000090000028001960
000900031500201000008060000000028700020300650630009800450000060079000002000000000
050008096090060800002000010000580300006000070000020000003000060008000731000051000
000090007470005000005018009000204100500000090200080350000002000060000080001060004
003000807050004009100000030080002000900806000001300200300900060000600004016080095
004000005700000003001820000000600400200308000000001300570000000408903057300010006
603000010071400000000000702000510023002000000800037400007060830000700205500000000
008905601050000009090000023960008000001000800000010090305000060004001000700084000
006010080000000300190450000000000000200070000000605093000006005004001820800020710
002000000000050079000090240000002080950710000020300017000000400104500030008003000
000690340020000000043700000000020080000380501200050007010060200900800050000073000
030640007000007080010000400000062059009078640000100002041000090007081000850000000
007930050200080000010000000021000600000092005060008000050070020079000001800013706
100000630300019058000700090040900006000005000706002000205007000070008000009230000
609080050001000308004000000010050000900006200002030004000900020005104000000860003
000000206050800000023650090070010000900500300000200085010004000000070402000000001
052030000740020100000070000000000006120050030000004700018000050007803004000005300
005004083009000056017005000041050000900000004006000090000001300000409870028000000
060000000700038000004020080009002006000090307800000004036000100501700000080605000
500000020000070500001090403000000600050003000079000008800200060003504000007160000
006005403090000000000030020010064000000800070000000984000702060700000002001080007
000248001000500093002301000000000700010080600020070008740020060000006380600050000
240007000760200001090050000000060503000870000000100027000000040083900070000081000
760850002000792000000006000000080570059010008000000006200008000006000034901000020
000000358810000000007900600095800703008030000000090002370060900006000200000007005
002700005054829006100000000420000000000000060907504000000080000310000020000000978
070510000020800000008020060000000310300000000610200075500000000000079000803600009
000600000600350001090204360030040057000000000007000002001000900048009023003000804
000057004000800570000006082080200050090000000402030000050070100000008005008140730
001000020040570000060001400000200345000004008100090000437000100002600009000080000
001906000485010006009400000608059001000008050000020000004030000850002400102800000
000008009010700040000000602000310800970082000500000300000000100600009005050000034
000800400000000301070010000009000080000408002360000000004002070607001900020360000
000052001082004500000000000000030000320800610000600003708000000005001076000900040
000030050400970100010000609509080000030090080070400001001000500300000720604800000
000004071001827000004000020750060004030010000090003000009700600800300000000002709
206000000003090041100000307028000006500002000000408000000840003040010050000000090
700010048050000000001090003070608000180000000000002060000400000000036050210700000
060000000004070003297500100000007060000430070000061000310000900040900000700050008
060352040900000000000040007800600700009430000003020010000000200004000008700090001
005700100000050060360010009000008030900000008070301000000000810002800700004000002
000030700000700000900000058000080034010000900040006000500100020009320600700400080
000005084006020000500000000800200690009400130002060000390800040000100000040050800
009000620000043000070000005034005006000000000007080010900007130000000004218006900
010040003000008006002600007050304000004000070006002000020500080500060000300200015
000000500000840000600100000900000020100206700000030054038010906410009030700004000
020006010306000079900048000000103005000970000875020000000000067001000080000010003
000000508000700090461500300003000040000600000000034905004006852006070000980100000
570900800000100200080050100000700006903000000000301020000009500600070000200000048
003004029000080000076500084000000005065000001009470000001002000080000430200700000
001400000003080701020007050050000000000000006098602030000900040040000023900006000
080900070000031000760000040003050000000000200905070000040007080030200014000100090
000006300600009041000040000000018000002500700003007080027630000030000000040100009
010004000002000600004100300800050900045600000300000080000009000000418009009002005
070300090900004006500000300008001000063080400000730009200070600000000010000010007
005080000002001948904003010000010200100300005500900003600000809008000000207005000
000007001010600030478000900090002050040000100000053700230000000004020000860100003
600000052000003000000490010700630400000000000002007080060000840000005701200900000
030697000000200000219008400000000009408000600002540803021700050000000000075000208
090300000070000020130000085000000000000090814540102000600000700000431000900000250
000701000030090005010030040100800004400600902000200830000000000500148070009000500
006900000050048003009000010300400750010070000200005604002060000000201009000000005
800029000200041000300850000000000005010200030000017008403000090002160000000003406
000000005803005000950006700000000200100000089074020010000009050209700100000200040
000000649000000030020700000060000800050000016003028000000004005091060070007030004
000009000820000010000004020000000406009070300004300700406100000005090000700000003
000540380040060002000002000000650907500030000003090200100074503706000010000000000
300010900050000608004000001500000000632000075000007040100086000000001300090040000
700000008309210600000003001090008200003004000004090003000076050670050100000000007
000003200900000105075000000080001003006000072200500010310007000000418900004000000
000002000090100002002039600007000080200000065008005000000090100006857000040000009
000500000000080010090210806200006007100408630000000000005703000008020504070000020
508000460090020030000004000070006001004978000000000008063007000000000027040000300
500480000800067090100000034000800040050000000040300007002000403000000029000901060
000000000800900120000860090004506001000000047030008000060450800000209510700000000
430020005070000080500001300000010020004000003000302048000087900003000800960500010
008400000209000100000000020600080703010000004090200000507600300000341000000020008
002001059008000040300009000200700000000030001009005003693020007000000000051003800
096057200800006400001090700200000070000080005000001680000400000100008003004030006
000007002900306001000090000040005300008010090005800000609034000401000009070000020
000300000070060005080200400001008062730000000005003104060100030100046000000500000
004000370000090002007000068015000000030870090000005240000040000900500000802719006
080010000000095001700020000200039000000800000043000700010000230054000006300004000
001600800040021070000008002070200000604000008009007000063000900000902080000005107
807060000000300060010008050000006045280001000700000000036020008409080003000000009
006900405500040601090000080260030000000072000000090030000060004903000050000408020
080090040000300090012007600008409010000030020000000400007000063050028000640900000
060800000000601000900027010004090003200030500000000792600200000000000065007900400
000000084090007006100950000630700000002006009000040000070600010000000008005104720
048201000200000360000000000000005091810006003400000000000007130600300078070000500
000079000090400003000500002000086200050010006200004010015000748000008501400000000
000000000005048000081230000040000502060000930207005000100009008059010060600000200
030000050000500400850000100060007000000120000940080062608000004000204080200000095
000408000030600000080002000000300105420810000009000006800000301900050002046000000
030020810000945070900000020800002690007001000640000100003000050700089000000100008
830000600007060590006002800000100000104070200070400901540000030008000100000900080
000600003540030068000090700490000002060000300100200050008560049000002600004000000
000000380209100005007008602700090000900080106026000000100930000400000200000050800
000800010500000000087040000000000072001067040000500300040203001062000403070000000
070000000900000600080006705613000500000050000400007006002000049700402000090305000
054002006000010000001600008000000000080090020000008035820700040005020709017805002
006000000010000030002610004700000800000400003080003010000000007000065900103700002
090057004700000091030000500020000000009015400805090060200700003000008000000300000
002000050900480010080300000000200800075900000300016000007050200800000109000030000
000008050310000400000010007000209000800000705400305000102000004040506000007090000
003000040080060035070000001009000000210000007000401000304096010006000000001800604
100800000900000807004090200040700520805000000000100300000900016000060030400017000
570030000000000004000060510000000300001006079000000006010042000000050080006007921
000640507000070000901500300056000000000000021104000800000009068000750030000000200
030000400000400000000010705098006070100708200260000008001200000000104062309000000
000000000500090048010400000000200090407030000100000075090800201000040030800000007
000500086600070090007030010000040000090160000005020009001203000986700100700000000
000000006000008400000030170070010090054806200000200000406000987009080001700300600
000750090500000000000003600000839701003006800000000002800520000090008100000001003
500090000200050306400607000000000000000004500105006000820160007006020090000003200
600000000024000050007360090008102000000007060409000030050800040000050003300200000
050302000000060900109070006001400000200006041590000008000020075035000004000000009
030000000000940200005200070000824000300000000064007005403100800008000067190008000
000005040000000078092000000020901000000060200800004006600000100300718000080300000
500000300060200000702001000210706040004000000000003000030109007600004010000030680
000400062009000001070000045900800070000340006180000000001259000400030607000000000
000040000600800000003500420069002007080000100205004060417000000000000005900060000
046000001001000060000002300000206100039070000080003050050000004007000080003024000
000700020080000000032406100050398000001000002400000003000070940060150000000640000
900000001600803000407010029581200060000000000000500700000000400000708200100020000
000900000580000000700006008900000020010604003605003000000032789370001006050000000
341200000000007000000504000068000007009010000030059010000000590006000100805070300
030005000000030069000401008310050400000000000800900203000040100000000050902060000
104000000000084000020500000000090007350020810700050900800200004000900001000010020
065041000000076012200800000000000400047000030038500706000000040000462301006000007
000001806400300000000000000030008407050000089000070503000007004270059010304000000
500400709080000000000090060008002000092000006310500270000200090003000850640000010
000690002300000106000008000008006300069032508000800000070410900500000060010000000
000000603306000120010070000020780060000005000000021900080060300009004007000500080
008000000040700030900100500002300008000057019000024350074090000059003064000001000
000391000206000300000070005090000052600000700500006000089010030700080040000900000
074500000000900000000006280000004000097300005000000197008060000040000500120000040
030040009010503070470100006000280000000006018050000000005000430300400027600000000
802000900017002000030060000000004005000500176080021003900400600070006000100030020
608050209000000308700030006500079000190020700000010500000065000080400000006007000
000003896000040000590720000000050001006000278001300000000207160060004009000000000
000079004900400000003000005000000201000810000802000030200000060689050300004090100
500102040000000020120009006070000300000000004405731000000650002000000803017003000
054000000000800001008750009001492300000003100002000000000001207040507600200000090
017000020000008050000000693800200500005900080074000000400092700000000000503010008
920060000000001080035400000407000000050800020080100070000080605000009000200600900
530800400000090000060000000002000010000009000400138007001006008207400600005017300
030000040450890000020004359000040070040201800000000002000000681000300000960050000
350100000000050020000074000010002006000005930072690400400000000060000715100000008
600021070000005800002000000006000054500002000900800200048709100310000090000000400
008006020000000080105008000802000060000300002000040709004900000230105000009000300
906028000270000001000500800000005000000006340000070006060003500001002607040050000
000000000800020090000000612700963000208000000000000000502070400340009070010500300
600030002008400006000809054010098020560000300000000100981000000230700001000000000
000604001000030080000100040695000070400000200000060053050200007320090000080400009
097000031005000200300940500900200005050300000000007080620030000400500000000070090
700000001008004006000060070000500080015040000030027900000005004070009600002300009
010074008000000200030650010520800040000020057000000300068030000200000004900500080
602408009000050000000290030904000800050003000100800040730080620000000000020000370
000500400300800000487009000000000607600050020000000010090007004000900300205003760
040500002000940001100270500460700000510006000800000290080000003000000000006050080
700301000080900000069000000200000057305000008000009423000002800032700060000060070
003000704060804050000600000500000000000070406001000200700000020900001000685020030
000800000060009000000001950000005002510700008002900003070002400400500100030004009
003060080000000000005070200407200900001050060000003104000000009204090305090500008
903000000400100000006000270004071000700034086009020030000000000000008020070406800
003800002020000970000060000082700000900000014050000030700030006008000500100006020
030000000608400700007800090001500600000700005000000002100002940260080000040000500
000001260650003970900708000000000000000407000094305001305600000007000003000000040
003004005001500600000000248000708029900000800060000000304600000000000002009205300
010090007000500090009070500050100402080003000700000360800030000601000050000025000
400008030001003590600400800200000000000200908000009100008000300000000002005700060
002050000500401000006008010070000409059014070300000000004090003030000007000306001
103500200840010600007002800000384000006000307000000000080000090600000000051073000
000070003090000000060503209300000710800060500004000300600100004000000000000692080
600000030701000600009000017023597000000000000080004903400382060000100240000000005
000003806042000700900000000516008070003000000087300201004680000000009100000400002
007200009000003000096100048000032000005000100080040073900000000054070302000000004
000000900002091030093000002000760000070300890000500020001080040028005300700000010
400006001000901280092300600003005800000020004080000030070000000040000900006000500
064203000010000030900000000005080000030007500000300149071000008500000704000010006
060300010003070000020000065000004030009000720050000001090000040230600050008420000
680032500000000004000095800009000607500000100007001000900007000010000030004080096
000001000200078004030020010000000007700000200002040006500400062010860300003000070
201080063004050200008060049390000006070009000000000080000008000000310000580290000
000020000609700500100009000300000200090215000000080710006000050005006030807503000
000007506000000040200003100506308000009000000000021003012400008080005030005000900
045200900007009604200000008000000000016900000328006009000003002560010000000008400
000034000907000000002010030000700400003042085500000001070000502006100000800070100
106000040000800300000009000040002008027000006000985400300090010501070000000000602
871040003090000006000000107000008000502064000000095002000070400004506070010000800
000020010000019087600000030000060040000007000526800000000500302401000000700003000
085000900900300706600205000800000092003080001509003007007009000200800000000000040
400080300800007009200090740104000905000050000002000100000030500500000080070120000
000000070010000680040160000087091040000000002000308000002030500830205900500800000
390000050080009004400000020000070100008006002900430007070090000200003000030027680
005600400800000006070008030000000000702010000900080570000901005000003008010056003
000200091000070020045000030056080900000407008300060000000630004002000000004500080
000086400000007000007020150009008502042000030300000900094000010010060009000002700
000900021004000000005060000010020057000300098000650030200500000006074000350000009
086000000005809000000000570300010007078002090000003004000094050030070600000008020
300070402000002000010000800040030000007000915001590000600009000078060190000000300
406002000020900040000304080000005000000200004030090010700000000003000069050060132
000020700820000000010070860600700000400800201080000009050000010000090030701040000
070050003046000015000800020000600000002007000001000708400000050010520080090003100
010004000800000050000070809006080000080002047000365008302000060000000902070010000
040601900003002000000000080016000003000380000200070008361000070000004050000000010
701006400004025080000000000006000900040060300008070050000509000305700040010030009
000000461200700500408000020701300080000010000020009000000000070800403200904007000
081070000520000840030000027000000503000000010040036000000000004003209076008100000
061009003900002004000107620003050000000908001000000400032070010800004300070000800
000020600000000087000804009019308000802100000003000006008005940000030100040009000
108070000090008005740000000030000906010300800500080000003900020060000000000500010
002007080400080000005001000070308006509100008000900070000003007100004300090020005
000005090007040068040000000684000000702006100005000030200000300500002081001060070
000005000790006000000070800020760090030490120000000000040007500070009001005230004
000060728000009001002010000050006000000040050900100002060080010079203060000000030
500802090700000000048090750050001400090000007400000003060084000030000900001209000
900000600007000009050100003080300001070000000605000700040753080000016000020800000
600010507300000000028057000000090006003000008805000943000502070000040010400000000
074000000901300006000046900020500003008000002007400800000200500100090300009100004
000104005080000070009000014000600400800020090000700030052000600040300100003009080
080030000502400080160200000000000003006000809000350120000080000070100035610043000
500000908000701500000009700063000004700600090900000001002030007010007060009002000
090000010800270450200000800000049370009300500000002000080000001007080005023006000
000840100600000090005000000700430000020097068009680300803070400000000000906000080
840060000600031000309000000900800160002000005400000708000000890000340007000700502
207000004006050000004900080000000420500070100700023005000062003020000040035001000
780004000000009000001080300040020070309018050000970000090000062000005000620000400
036001000400000100500000036800070009000090000003060007000040010940006050005930008
003002090500300000000070650910604028080090000060000100000005007470000000000007010
008520910670409000000003060045200009002100050000000000000900048000050003500001000
080000720630000000200100060002018500400560009005030007003020010001000003090000000
700003000000700000000610020060000053030000000010500007600000008070020400500801260
000008007030000806007600103500940001010006000004050000000300009000000700180000640
900050604678009050500018000020000000000004018017000400003000107000000096000060003
300051600018000000460070000000007000000400000000060280700002010006540003930000000
007002000000740310060000005000000702000003080001270000405000601900000000180050003
000902007067000208000000000091008004700000600000000500049301000008504900050080003
070800020000030600560020307025408700000000040400100500030007000000004802000010000
000800070000002000841300000359070200600403000200009000000000031000206009005100080
000210005000000090043000007000950004080106000600030200500600380207000000010005000
002006003007900080000801090090000600670205000000000030400002800001000020050400010
000040000000086070300000060500002090200010304047000005730020000010008009900070006
031260050000000000000018900006002093200905180000000200008051034400003000600400000
490062100020001000007004080500040000002010000030520000000000758008000009003000004
000045000090600030700090108010500020400000300000000801670008090500100007009430000
078960000000700809001000000300590000007000000095000030039407005600805070000000020
008700001004000005600000800000641023000050000400007900002060509000430006000000000
080500060900018200230000000000000970002180000050090010003600090000074020100800500
070000020002300040004000000419580030023060010000000000500029600380700200000800100
004000201501000073000000900000000006007902000030080005400019500008040139200030000
001090607040030000600010000800000506009000020400027001007000003190008000000009200
300005000009000630060920100090000800005010040804000003000006350000790000008004000
090000020300809040500002006004216800000000000000070003400080600600000700050003001
000060000095000030840300029600000401000100000080400290060000003001080060300007004
400000000801000000000906030007510006080002075000008100000001280000040000900600007
000490800001000094000000030690008000500001023000000070740000000060000280009807000
001000700009000004600002031032060000080540600000000000100400500000007002000800006
090400703010000000700003000000870010900000305802000906000052000309000000500034090
201305000000807000900000000400008700006000090850002630000000000000010470090570020
030005400709600005000100000000570806400000007100000290000800500084000900005020000
000090603007000200080070000300040020500039400001000030000960002402003080700580000
304000000000080030600070098007009000006040100120000000008000000010000685090500020
802600005001004000000000002406005000000100490000000003007020000050470080090006010
001000023900603500000000046000080060000200000084000219000129000092300000005006000
006000000820000400509003000000060024000000500070590060040100005008020000000350090
400100000000020010000076350080030190900000008002007000000000006803000900000395002
005000078032095000096007000300080010000500830020000000000312500000060000010000060
600000080000017000000500070070041503400630009000000000500300108024050000080000007
405002000000005007032040000590800000000060409600300000000000700907000001840090030
000007004300800500040050060007380400090005000003000056028760000900000008070000609
030040005004126070006030018400800090080000200000000060200780300009004000000010000
500000000000057040019000020360908100000001000000000500030600000021030800800004007
001605032300000405080000000000300000007001000000029003000210708003570104000400000
006090200700306000000700035002000580500634000040000000060120000000860300100000700
960300000003270006000009050000060020108403600200008005610000032090700000000000001
400000600000080007036500090600005000027004800000900000005300080000000904804090050
600000830020009000500600079700000410050010000000803700090061000060000050002905100
000000009200000600093006401005600710000051000900027000740000002000342006000000500
000028730608070005000590000000000010001064000400000900780000600000030050004016000
050000790000000002006200005002765000000000006001080420008014000000000000010009350
000900500000800079094000001000000060280700000037201090005670200070005000040009000
000700100802003000100500082050302000400090003080400090060000038070001000000000005
601002000000009027000060050008200006000090003009000500907400080034681200000000000
060051008583000007004000000000300400600000002205000070450620090900004800000000700
000000413000000005005390700080070092004001000000000007070006080009080001640200000
900500080003000000100009002060200700300000800000605000025006400604080105000700000
700980026000024000003500000630105000000007480009000000000010900090002000104000270
010000600002000309083010700000604002000000870000085103040000001000900080000036000
100000002000000003000004700008040007512000000600030105260005309004086050000090000
004702300089430000003000001050086000000020700000000056000205100700008090000004003
010000090005208000986000050060000000007000306100054000700000405000080203000300000
004003006890400000020078090905007034002300000010000008070000050409002000000000007
009040010000030002023950000305000000060070000000006050072080040040007500600000900
043100070001020300809600000406070000005000000070900800000008063000400000100000594
000000000700020005080030067008090000050003020060200740000004001900100300130080000
000000006600000387080020400072900000900081073800004000000000000040570910130000000
000050047003400100007900000000008050000003008070045030010200000408000206030007000
600900001000000009001240000000000006000302800960805000040000700708000030020018000
700000800050008001010030640008016000500090710000000000036400009070000102000000030
160007040200000050904000001010300000000078000307000800000020005000640092005090600
000800090080004000095000010500000000200000006041005000008030069100040005020000083
005000900070000030004000062000090107003007000000804000000000080028300705400620000
000008001073100000605092000900070000040060002000000100100600480050000700004300500
600000050002060100000070803000900001060050070514000000200000380450830000007000000
500000300907600020000000978400002000000760001000500802000408000040010609700090000
045000001000504030230000005006000040700600800010800000800071000600003720000400000
680050204500360000000000500300000020000000701201000300000009870106804000000002000
040007380000040002500000000601903020000005600000000008380000209059000006000001045
010000604000060000000509010003020000080007050760100200007002500204000000800090003
039020000001600000500000079400000300006005000005076010020009000000000630000000405
005003700000860004600005000050002000003400072900070060400090000080000000000680201
090006050540003000700000001000000003000800620002900870950000000030200060000005148
000300049007080200000000800000050000201070300098000010302006408060849020000000000
089602000000000802074000900400701000600800010000000005000000700160400030030060200
200046000080002001006000070190000000005781000070020003000000002000014780030000506
500060302000000000000400060070021500031000940950007100060080000003502008700004000
000040000803006000574000030000000800000200670400030000000000009007302000190064050
000000200005000900809504000000206001042070060001000080030058000000010000000300407
000830900000000000000904710091000007040000150307010860004060008000009030623000000
000070090005049306000600000094000020007300050132000000000005031081003009000000000
000000071004061050300070000060000082091000400800090060000200803020400000000800000
000800060007204030608000914100006040000000001000000503000050007300080090000649000
130008040040060009009005020710000000002040000080500007000000700920080000000009203
085000000306790400000006900028300040001000670607010000050000000000070098000030700
507000040003000007200300000000009000020064001000000502010000004090730200002040608
009060010870004390600030000300000020000502000000080009050020100081000005900000840
000035008000020304600000000000500100000080000050046700320008000045001006001003940
000008094607010005000090610000700800000000030002001000000506000005000002013200000
007050060000071000000309000100280370709000002000030000080000005301000907000008600
016900053000000200000001089000000000030020005958000000000000000800309070064807001
004005900020080000806004000001000003005690007000000082109000000060030001000001470
007004500000010000340000000090100605003500080200906300000000000500408700700002016
042090060000000000010023970023008004100000200007000000200039800060800000800100007
000002009000401230006000080040030005002700000300004026070100350020800000000050000
000031602000002830005000000000000900840209000006000780003070000004503009050600000
300804000200000030000009810003002040008070006406000008000098100040000905000100060
000090300000005072030001500000004060085700000000000021400000008076412000009050000
500100000700000809003000000000304602000006100009025000400000000900701006080090301
040000060172000300000000005000000000000060842000091003001000200300000957500408000
000209600000000000802530100540300800030060070000000009050000000069000007000004080
102094000000002070309000000600000810081020003000500000037000146200000000000050309
040020005000650100000001027700000081000000000600003000500000000039408060002000430
000006000095200000002003001003000040520600017010090200070020000000000803400100700
030060570001053000000000008400100000000000000018000406009000060500000301007040092
090000000406180050000760000000000000060000047000540031200007903040000000017002000
500007068000009502302800019009502000100400000006000090800204000040060070000000000
040000067000100004603804000200000100008300006000056000000470200320005000000000010
000000200010000800004609000407030010326700000000400900000007180030100000002046000
100080030070002080060070500008201090050000010000607000000000060089035400000800900
108002000005000102000000700000290000070603580030005000002004017040000300600080000
000001000000700500000040780000020000700300910041059003070000000600500002024800000
003050704004002018007000500090000000502000900800900073070009002000000000020734000
609000000000680700102005908090100002000060000000090030706020080000048050000000000
000080029030000004000030780000092800720000600600070000901003005048029000000500000
000800095000000000000600207067900400001580300050000000105000002000010000070092040
030900000005400006060030905004009500070504038000007000006000140008000060009070000
000000070600000340970008650080203000400109000009000000004000000035402090000070010
006200070090076002002100800700000100030001086000005093080000200000094600000830000
050000930900037000000041000000000306007420180000010000018005763002006090009000200
030010080000090035080007000040285003000000200000104000000600000002000170600042000
080200007000900100502074000720090000036000009000058600000000000360000810000001064
060350000700860201090000000040070096003000004000005023000042060206000000900000010
007080102005004070900050000004020600076000300300540020000000000001000508800300000
000280000096000030000700140039007000000008000007104080900000700080600200003005008
000030000072000068046800900000500010209003000000060005008000001061280409000700000
500089600000000400060400089372000004800000070010040000650000000007060810001007050
005009000070002040004010005500003090000000008960081057000096003000000070000400802
003006850700500000010900000020700000800002090930000710000321007069000500000000000
000000040060010320009037001000700090006500008090003012008000005030090100620000000
000001980410700000300080000000000200000074051503000007640007018000002600030000000
000901605000600700003000000218000000000006000030070204075000100004250080300000006
000080500050009006702000400070800000605014000900000020300050070000700008000063005
000080000721000006000006200057004002010600300000907500002000004000009720630000900
000670031800100002020000060000500006009000050400803000607000000900320000018000004
005007016000000075000009000008690000001300200600040030000853090030002600000000800
001000700820000100504000080000080006090001300000469000003840020040002009008000007
609000100000010800050020030807003500000000071000160090000730900020000005080090000
574000600008006059000000000000090025700000900030008000340070002090301060000900070
201006000000000803006000000090700400000020030007680000030004005008050000600900000
100005000020000090608000000000930700060070051002008000000100960800300100010000204
700030200061002005300109008002000300400000000000053007000000014000710600000000083
000079046005320000001006000009708000700050000000100600000000060000600072150000009
097000030020080091050000000001068002006050000530000670000502004000000980060030010
000020400000061000729300000004200070005000000070085040003004080500000001000003600
800065000200400007045000000000700003030000026000090001000200080000304790090000302
008200001005000803000030790001057009800000054000021060007000000240006000000970000
406000095000300001200000000080000000005006470100009053001900086300580107000000000
000500260004360708000008504087000006500000000009403000608000090000100602000800001
090000005000830010001047000500080700007500802800200000000024001072000003005000000
500000306300187000000050000230070000080030704010000000004010000000803020000200100
600000208000109030080302000010000500006003040300070000001005000297000004400000601
000004060000001000000820504000090305097008001850010000001000008046009000500400700
050020008000069030400000071005008002002500080000000003000004100000801005090700000
004023000300004068000009005470000021800000500062010000000000080040900300500080009
000002604213050000040900003000000010090000270700100840008000900007030000000085000
041020050000000000500700900002000100410008000300040008070005200000300710003170500
040000010560390000008060020080600100407030000000080075604870000000500097000000060
702430000030000042001000900010200800008000000060905003040300068003010000000020005
800020000000000060620107500090005000208090000067000890080000014400201000000400900
036000100000000000000835006350080900902300000000040010500000200000200700100070580
000406009000002000647000008008000000200004005010090006702801064060000090000020500
620000000004090000000100085800000019409307000000060000000014070042050098005000000
000000090045000800000200017030000075600003900008709000400010050000020000060907002
006000900000705000000209541000000090210000000060310020007004012000000804850000700
009020105000400680500300007000000003750003918000500042010080090020040000067000000
680500000012000005000030000000700804000804050001000702700000400060090000500410003
000406305015000074000080000003500006100000000000000700070000060040072501001350090
700506000093000060100000004300000000006050000040007051000021000000390100608700900
100000020000400300200600800030000180000048000007900003009800602300206500008000040
361000000400000000002000040000800000500049600900062007003017020050020001000683500
000700050001080600360000000900547300000000007035000000004000200090061008800092000
060504200009000060400000000000100705020030000001070006803040070510300000000000002
098000002000040016000500030200000000070000040000308500906000000100700023000903000
035010000720003000800000060000000700000008150000004030008000002010800640407901500
006075000000000380405030020300020008682009000050000000000402067000000039000100040
010060020020700809000090013060000000100380054047000000900675000630000040000400000
000000083030400000020900000500084016000060024001070000000602000000000900007030800
000000017500607003000000504609000040000030000000005006001300060080000000000094302
809040000060070400201000080006950000080000004010002007000400900000800003000005010
010000000020085409000000208003006500097000000000107840000038700300009002000400000
900230000060000090020100040004000070008360410000700005009000032002400100000070000
500407000000003000090800012002030070000600051067100004700006500000000900800040000
000006080000000307009040060060000090400001075050039000002790000007005000010000002
500000020083200506070000010000050000900008600031400000000900208000825700100003005
006002000053007002004985000010008000000090080600000900009000450300100000000800067
060000050205081000004000708000008002000240000000100090030005800807000003400000901
000010000734000000006050000040300068090000200001096340060000407000002030800000000
008020400700000300009000076200046000340800700000000000100030600000000805000019000
809000620000000000000204001750002000040600000000005830200000050010009080004030000
190005040006074080000000000000120050000407820002000009500010000060500094207000000
000800200002004030900000000000070060080601043004320709090030000000000080010007000
040000060000030070009100085300048009000000046050090002000867000081000000490000000
000000405010000000009070000106000500000200007470006900004050009900028000503009840
470008030001900500000103000900001060710040000000000007050200800600000300020000900
000014270000000500090005006080700004005100007000020000030000480900030000450070002
200070650080000000900001004000800500010050040002009006000010020050007000300900010
568000000000300080000052090340008000000700009000001020082000005006000200000014700
000040000600900050072105003050003700087000010040008090000070008308000007010000000
581002000000004070070000200600279040018000090007800000100000324005000080000400100
600010570030640000000000000310060000000900037400800002100780020960000801000000040
004710020000403000800009000602500100009070060000000097050000240000030018080000000
060854000000000025090000607000000006003406000800000900041095000600300100020700000
005000900700002004000100503420000001900004600000050000060400008087000000040730060
070406000208070000006000509007120830000000190000600000050030900000800020060007050
200008010007005000000000860030001750040070901009504020003107002000030000100002000
000070100407000003500000908000400700306000045004280600000008000002054009000790000
400080700100907800000050030060800001009000508700006000007600020001300000030079400
060590000070000060000000430000078006004000000052406100920004070000800300010000000
000006000013200600200800009030080000050004030702001000900130000001050040005009073
005200000009000000860050090000000430651000900000091500400107000000020000702006080
100003000007000000008000001809200500050049000701000002000520090000074010000091350
596020008001000900000000070008000700042005300007800100000002050010390000204000030
010400760000090038005000000100000002902005000006040350000080045000570000000003100
300001000005930000000248000000005000074080009000004720002000015500006380040010000
700000980000000602000005004900007000008562001000010500400000000801020005007008009
800340010500106090000070503032090000700000000001700008008000020209003000000084100
507003008009008007000095200000307900860000040000000100000000000900000503002040070
003800006005900000000030080000300942000020001000040500890400000102000060050087000
009607000000001902040290000063000470005070000020100005000030006010005080000400020
050090000104008000000100690500032008001800400000004050000003040370006015000000070
500806004000400000406507000000080902000604008003000070005900000024003000000000830
009000010050000940070000002096000080100008003000043000040600001600004050000519000
000070006000000400302000080000600804200480007050000000700003210400210760000000009
200900030090010005007508000050000008000004060000000000000090053060070100800003040
200300780000050001075600300001090000000000040000208000000030800400000030920000170
001000073020080000070000140005030600400602050000000000090005000000070310210003000
020870900004000000000900056000700500080000000000405207000300002608004000000006403
000090000100200000050006007008070300700054018000800072001307000026001003040029500
000000070003090680009000005900030020504006000000710000090074050006200807400603000
030000060080005040000000710010604000000039000009000000042900070800007921070053004
000003010506000080020090400009000007100805000600040102000304070090086000000020000
030072090000006700500900000100000020600003008002040100000030400200010050080700000
040100200000070530000003060010300450060000020800029000007000800000000001580000040
000460700020000930010000025000007000005921080000000000000589000800000003400100050
000000201080204900000000350010908000000756000000420000000000080002060570300507000
000010504409006000000024008005007300002049100000300920350002000000000001704000000
501000004380000005200000700010580000000002300890004000700260090000840602000000007
708900000000004080003000005000302700000060401900007000006000800500090040437000020
304078060010300000007064003000000840401600050093200007008000000040000070009050000
704000300050907000006000008000038600000002000071000900900015200137060000000000000
003000000002050307000980010250600000019000500030400060000560002806000050090070000
670000000000190006000002508000000000530004001012000700907600400300040000000817050
008200300300009000000047000006070050400900180000000060090000010041500800803100002
003000000046530008000090000000400780000006020001008300708000400100204000020000906
000031000005000490080000000000060008058009200060400010026050030040390000000200081
038072000620000000000053096300089004002067030000000000100906000009000700800000160
700500010500006300000000870090020000400000000023000080200640001050300090001090004
070020000005800900026005700000000036600280109400000000004610305000040800007000010
000217060030000000820063000100480007090000026400006000500000000080000009010504080
000400060002009000860007250700000400000005010010000000600080900408100005007002608
000000000080063000000080050008000690500130400002004800070000000609500002003000040
091080060000009050702000008800005000040603070000000000008100020364000000000700503
106002037007000040000000000002100060530800001000500002040000020003071000000008004
009008500030700080000000006900200000006040000080000970000025007300000609000900350
200093006010000400080040790007080010500002040300000060000000000009100020002804900
421900000900020000003700090000060000015000004000300705600030001507080000000000270
000040728400001000800000000104080670290000041000000000005020000000013060030000150
040000005000000040105028000701203000600000008000100290003000050900005100080006030
009004005020070000000015060000000600603002710700040000280600030000093040000000000
000020350490000701080000000007600000900041270006002100000060030700000020000900407
004000009230005070000790000000001730008067000105900020000000000060000054001000863
000000000004300062905001000030640000000000050000090016800003000002500701700080000
010070006700004050020150030900000005000200060000000300000090001008000000000745209
407308000000100000000620050000000801060080070800050009700002600000540000108003200
000000003000020610309600080400070500003906000010008002100000000005002408900067000
301000000050000001700020000009001002000706000000000000080000070600374500005800406
237000504000003009000500100000008600100000380980000402503040000000010000400005020
000039007000000200506010000000001960600502000005700000900040010000007020050008090
000086000080100005000543060500007620010200000097000500008600000001000000000004302
000008000000000790601395000000080402260000000500904030342100000700000000000000059
050008004012000600003050000106305080000000930000019000070020000000000003500060420
040801000009402700000070000000000090004600027510009403000000901005000030030700200
400000008300670401700049200000000000058000020030006004217004000090000000000890106
010940700000030000395000000061500000040090301800074020003019008000000500000006010
006000000001405070700026000600001049000900030903860005800700060000000500079000810
601500030000000006090040710043050000029013040000000000000000120080400000060078000
090017000000900500000800004035006800000040700607000020806005000200000007500000000
300001005540000000060730800000000004000070090081006030000063000090050002000008000
058047000000039000009000070006000000090005060017600000000100056700000008300006412
000000090600070031000800070300000700706080000004910020000000010000200800065009000
500207010000060300063004200400500028020000000017000400004080530050000009000070000
040020970065000000000000400002680710000004000100300206001000000000000620000543000
002000000060000100300704900000600405701400000000008000000000706005003000400200008
400000006000700000020894000006085020001007034704003005000000007000000100100230000
400290035006000700070040000029000000800000001010500008560908040000450000000010050
900001070001000605350070004000097000000400000805006000100020060502063001008040300
090000047002900600700010000200600300905000000084002005000000832010040000500700000
002410907000007000000000000000003000003264001008000305004000208310090000809000070
503608000640000050009400000700000003008300096000080071000800230400007000037900004
300000000000060900842900000000093000007000021005001700004200090200405006500000010
060000001003004000825000076000000008070000610000145000709068200000020000080000000
000700004009006070068050009300000580004300002050010000090008003000071000000004790
009806004070050120300200800000000010040000576100090000000560000061300080003001000
700000018000000490080040000400060300579001600600000000010500000000024007906700000
360200080100004000047800002800500600000010020000000070290080000600009408000070000
060700350050000920004300100500940000100030000200000010009503080000070000010080090
002000000403029000050600700300001006100540000800000000000000902060093015000100800
070402000000050000010300005040600000008570000000000390000030607795060002003045080
079000060030090004400000503000920000040000000003004050000560081010000002000300700
002000703507030000040000001000740009000006450900000060000200890000607100400098000
900700003007000240000942000090800400080005900100090000000200800300000005500000060
040009500216000900000010000060050403100200000000006000608090001000680000009005084
001070900000530007005020000009010065070090028600000000893050002207000000010000000
010200040040080005002007000000300020104000000000000637700600001000530800006000000
500300004001060000080900003094730000000400010106000040000008000000100050000050769
800000203209000000000009050705000006060000010040000080001002400000013800007600005
349000000000000000100300605030900000000705029080000100006200000000076003000508070
300400050900070408000002000000006001013200000000001300005000004702000090041027030
041300609600000503000970040050000900000400200002030000900040001005029000006000000
010000300000020000800003025000006030029000010007089004100007040500040170200000000
094500000060200000013009607000000000027000390009004008000000860300900000008615040
020350000300100800000000006900030070000000000064080020009004010000005300217000500
803007900000040000060000050036800007100000039708021000040700006600000000000503200
000230000280009000003040000500001009000000008700060010160300400005010000020008300
000009207008320000007000000000800300040006900620000080500040010000700809000630020
047001030900800001103200004000070310000000000000400006200000053050704600000100008
002000001030020000000000060080105007005038000200009000000040016000090080908003540
054000000090070060000040001008000005000609000020730608000000000300800529042090017
000801000000260000007000046730080020050000010000000800000040030365008000100026005
300400000002050040700009003560000000800600007020000690000800200204007830080504000
120096300070004006000020050083000070000400010000000030090000000007000060000259800
000300179900000008000700000401000090003005001080007020000004205050009084000053000
007080060000605900000010504000200650300500040009100000000000003100000000420063070
010000020050000009200900007000090030602000510008400000700000000000605402500047060
000900060070010000090750004000000000841002500000000207030090000200500000600208901
070300000000000004004009800600090000000000100048602009000070020003060400100240368
000000020000700900007100350090000040710000006030080000000005290005002400000907060
030000000700040200800005030000503000900060000013000008560200009407008510001000002
070200800001000400006000590000060300020100040080400000019003000000080000000049007
050000700000400800000082000000100000205000043000030006800003179000910005000060000
000600002580000000702090030090008000040120070007000040300000060900201007600050090
003704901200100050400600000009008000035000010000010009500309006000000000040000025
