Seed: 1640218288
Cooling schedule used: t = 1.440000, alpha = 0.999900, cMax = 500000
002000070570400000000058000000092040013006000000004005000000004705000009800100000
006000900040080000079004050010308000000006090003000007020700100100000302700090000
020001007080090000000400051001006004070900003908005000000010400006700000030600005
610070000540300020000200704306000900050800000000059040000002000480003000069000100
000000800700030400000900023200000045607400030309000002010008000000060900000043001
920034607000000003005000000010005090007080400090070050000020900060001000400090006
200000000040100003000504760900003000065007000000402005500040800800000507010090000
700280930006000000300007008870020060160900400000300700000800071000000000090000204
000500002009200000008070109090002800060000010740830000630000000007001500000720060
000003040018006000004250000100900500070000089080000100000090000095001008002300006
070010920000900000205000060720040190501000704060000000000000200000304870008100000
000490085040003000007200004000030071005000000004600002006000000000020938590070000
070002001500000000010809040640098000032004000100600000000000080480300709000007036
000070000075000380032005000006000040000050900010240800320490108001000090040030200
003006000006190027000000059000080400209000000401000092000908540000600001650000000
000800900309007002500013070040020000007100026000000001480006200000050000000000097
000580070400001060000000032000000003163800050005200000300040000200100000098056000
907000230030000000802070000120004000000000000000306400708600010000700092090000078
030090000060020003700300910014000605002100030090200000000080070005000004000009002
600000080007120050000400000004000000200000098013000460090300000001060000705001300
000700000769500010004800090001000700000010250020000000097040006030050009000107000
000080000140000290050000400000012006700800300000097040000034005600070801900000000
000800700610020000007040030900600043780000600200004000000060000009000004060100800
400003000315002000007040501000007900000000040508000300861000000090365000000020009
002030900400000006100400200600008100000005600040000000560001020003900008010000500
000609004050000013060020050540008000003000045000001900386000000000010000004080300
002000900800000000350902100000400000000003005009018007000100080000500769270300000
700003000201000000800000506008014000090780400030000085006009030000060009000000020
720300400000000700800000001270003010000000008030874002000500030000710040000600500
080054000100000200009000003250000000400700509000580000000000920030000108002006030
900070030401000000360902084008000060036400002100030050000049800609010000000000000
507000890020079600000050070000006050005000080310000000031000900060080010200104000
000650000001000032000307100000040091900000350003906008740009000000000000835070000
000100078000000000000206040600400200009000561005009000080002900231000700097000010
000090006300010500008003100750004030200950800080002000000000001031000204002000000
000020100030000000025008090047000000800590000000100302094080007000005000703000008
080600002600109000000020090000070100000052009300000000007000004008900710590000300
000090000470005900800600100090000000008140005007800000306000094020401070000000002
000048003400000015000003040020100070000030006096007000200000008079204000004900060
020000700800207000600890000400600520030009000009005060008040007000050400900000600
003400000000700600805060100000000002290080710007000000980370004000000000070091020
000603001020000000467000200000000062000081070004000300806300000300010007009000520
000080930002409000630007000960000180000500600500000320040075800006800000205006000
000000600200500000036020010000000000000671080000040502010004090060030001073200400
001300000004018760703009080306090010005000000800000000000000005000080007000567208
001000000097000001038000900009300100460200000005400800000000003970004500000075080
008930000600000070000006129240060500560700008000000090000050000470001005100080000
047092000000000000000170050300700005080004003690000400000600100000230070020000600
700000040000081020000000000030000004028760390509040000087000002006004080000029007
000310000000504300060000005007000004040000039000049560290056000000000280100030000
005600012240085000600300000000000000030000560000534070500000000008000904073100000
300008700020000000700000000150007804000800009400300500094000062007201090000400080
000302000012000004809000000000063800100000905900100000000605027000000050007008060
010007000006900002980400000003000000000004603004006579105803000700020000000040080
500000000701000030000007128000500070850000900307490500000000060000070300104300207
000004001007009250010050670030070060000092500096400000100000000508000000004527800
000300809000000020200000000016000000003806070080003500000028100020700068100060007
000180004000006809004000010020060000000000308010328070200400000906000000005090040
000009004800000002000450700000900300090010020120000000940071060006000030000640007
500001800090540006000030700000000070763000008000800000012000007900003050050080040
900600007007004009100390000070000000008400010450068002000950020005000000600200004
000000180070001400104009307003007002000000000200004600040800760000570000050000803
000000053005700690206800000000000060080690030020000100050004000700000008009000400
200000300047060090900100057000020000000500004006084000020000100005300870800000500
019050000000006007506000100001003002000000000300500940430000020800305070000620000
000000000000003500001000673037056008084090200000070000000000150950002300000004020
000803000006000530080006009600700950007000062009402000708000000000930187400000006
009860300800070500000200008004080000027003050390000100000000010750400000000009004
100700060065300900400000007000001200050020006007500080000009005000000409030060010
000000020482000000001004600040000805005001000307900006060010250000780000000002080
030070902009000070000400100600001030000032000010950800000000508307000000200809000
073000200001003600200901070000000010000400700000098060768000920400000050900806000
758000002002005000100000670060002010000370004040000903000080300400006000200001000
063000001000070006000203805019008000040000000600000530000050040900000000007400208
006008000007000430000003010000700000470005900020080300650009200000040005000501890
000000700200018000607200340000080129009000004000007060010006000400000000300400057
000200000000086903200000400504063009130000050020010800750020000000000070680700000
010004780090060500472000600006000031020000005000006000209000800000008000800057024
009060270087002000006000094060050000200741008100000005040087002000003600030000001
004000000000000950000672000600000000080007003075004001020000400800420600300001800
061000900040000005905000708000700000000123060608000020070009000000560000429000000
080003000000070502604090000002030008000001600100500900007800090000400700501000000
000090004240650700700000000100000040500008903030006000020100000910070200000030006
020060000070010620000400000400800000300000200100056090000020050030500004005130700
200400061001008000000000700000001050005800000007603210508007003100905040600002000
050130000400095000002047000019000860000000001070000504000970040000300600920000050
048090000000605008007800150006503090100060500000008010600100020312000900000009000
040100700000004000650000001090030005000900800500807100102365009060200000000000000
000000510090000840004000000400080007000095003003102000210640700709000000600001200
080400050094680000002000000000100030040200007600000048000705900000020500300006000
000000400800005219097000600060000000100072080004150000070000060005001000010400020
009030000500000470040000902000020700430080000000070000300005010600200007010009038
008069704100300000603000010000200008000030000402800060000000520089450000000000801
408005600006023001010007003000000004003002800000080000600000200070000000890001500
403080009050370000000005041190040020000000007060000000000400100000006200708003000
460003072000500300000000000050090010370080020000157000005070068200000000000000701
000000864800000000002060500500000000406009030013000000708005190000042000000800700
007000040040000050060300009100040800800000002700103900002600400050000008000470000
000000020900172800004036001040000058001000900003000040060020000007090005200007400
200007090100000200650040001000004003000010020000060087000800070008403009530000000
000300000057000204634200000040020007020010900006000180000000079000708401060050000
000200140000080000064100700400000050070000000010705900086000400000006000007350081
020070006300000900006100402000050000000608000580040007700501000040003000001020500
008000500900380020000700004000001000507040809109003000300000640200009700005000200
000001403080007002203008050170800500008000600009000000090200740000009000015000300
000098000008040006050700090006080000703000000021000800300600205000009001000100300
000018200006000010020070000040500060005000091160090070004700350500000000090060000
006000900250700004900301600020000000700000106300002050008200090400010000010500000
000006090600001002000900008000004000001000800094800000800030651003000400700060300
000000400007050001095460007700000600406010003000500080002300006010000032000040800
003702000901000080005004700090006000000800040000300018400001000009060005000050170
000800001010020007000030809048000306006000120300000000000060900001007040723400000
000000700004009031050400960003001009100000400406020000089070100000000040000200003
370100000000000000004090030800007000600050200005000406500006900000785061000001004
000000092400300100900081000240000035000420000009610000806039200300040070000006000
007000000300090500000240080091003004200007001000000200903400807004000100000370000
000000020060008007190050806000000602580000090304000051000700000050800100070002400
970002060000000800640500002400690700000780430010000000000800300080064007000100005
000000700008500004001070900452003008080000003000080090730000000000400600000790050
000700000000000200002001645000070900400000020705200136200900010060034050004008000
509000006000300000000005010006002005000100800000000090092040080038050020000900130
000902040000000000000005008400000000002190060503004027650030400204008006700000001
006400258000097000000080060300040600000500000000008005640010900090000070030000400
000004050000090060000506000200000500050210003810060002400000300008000170026087000
000069058006500003700000002000000000000401090102800005000084010954700000801000000
904000600500009001100000050007060930001000005300058000000000002006200308000601400
010002480560103209007000003200000000005009000700080602000000001030600904800000000
800900200000036070007000040009850006400003090000002500670000008000000030003400050
569200000004500003000800000405000010070060900003000000100300078032070040000005000
300040000700030090109000700001007500003002010680000000000000058050078002000020001
000800000010000700002573800200600000000040000009012075800030009000000500007906310
050004600200000090030000008000520001010000030000083900900040003000300800600007405
403800600000160002007403050970030500014908000300000000000000000600000134005000020
000400070060005900735000020010500003650100200000083009000060000000000102408000000
003000070000207006008000105000001020100004000270050400090000040007040308306000000
614800000000003000003000004000100020000680037920000080005040012300000000000090600
000051008300600400010040020007000006400907050201000004000000500003080000040005097
000002600001043000090700100007500000060300080900000025000009400400070510032050000
000680050050000300007400060308000090090000200540000000000000701000530000609070030
000001209000570006072006301600209000020080000090063000007000010000010008009300600
000040026001000040000009080020000010600030007000750208010060500000405060009020000
002300094001006000004000005000062000700803000000900020400610500190000403000000006
000900001700010000603000040028000010006002000070000308001480000030000500050200080
009000000800300650060800100000600000006070500940008000007001040400280010000069020
630070200900020460000109030003008010000900004000010000000030000786000500040700002
965020000002000041003008000006034000000000080040000056000900002024073090100060000
000800901300060040020100000010600007290073000030208005000000200500086000070005000
900002004052390001000000000080000050026000003100053908000430009000000060005087000
000002500200006300001090000930000005504670001006020000000000094000008007080015000
300080000000000050000435206009700520800040600010300000001060000400000810000000307
001000000000000005070084000000901200008007050149000060003002009700000006000008547
018600509600087020000004000020005000109000000500000460000070050002040000900500006
040700000920050000300020040000002003000000100000104507709600000030000096410000700
000536009035240086000000007000000700410600000207300060800000050000000900001000348
002001000010002000400960000000000600000056793008710402800007300020005000060000001
000402001000000050030010600060000240904300000580200000078090000000500003400630700
008000000000000720400307190005002000800700000300608001070400000594000802000006000
001954003050320400000600000007200100000000705300100080070090020000030000080000094
000807000209003150500000006000001605003200070060000300000080000002000700000060090
400050860000408030080000090934000000000000000200563009600040000509030007300000100
600090000004800000020000560100050080040073090003000006970004000000000000000080134
000001003000960000040070008100000000072009500090045070000000012010608090005000340
000907000302580904000000036094070000100000000008004500000009400019405000050010000
000700090000620800600080403020050900010300000500000302000070061000805040107000000
000802001050009000006500009408070900000903000300040060900000100040001700500700003
100007900600082700270090000006008002010050000040000001000000507790063000000020300
100005000090040002008002907000000000630701205002000800860000509000068000007050060
030600000000003000806004000001090500400000070680010400704000060002006700000100305
010430000020000500430056002800000406640020900000000250004008000195000300000009000
018000000306008005047000003005006000009800002000000780060097200020000106000200000
570009008013400006000000001800054000300000507000003020007600000000020003000800910
230000109000001004790000080100750908070300002060010000008002000000070000000580040
500800000260000000000036070049000700850007003000600001400009000030000420100402050
060003900007000020080005304020006009008090000100030040900000072000060000070004560
002004900069100200080000000000016080000030009028900006000005403040000007670090010
000000200000056003069300500000800000030007400080000071072001000040000005000043019
300618009000300080040050610000700250053000000900100000630020100000000500000000064
000709000100004200000000100030940601000078092800006030300060000090500070400000020
520001809000500000030000000097030201860040000000100000040080900000400000000600310
705000000060000000030000840000564000310080400006010000903800006040190070000000300
510087000028060000000300008007020600009100002000000000002530000050000700000000310
500300010000009000004006070000008003900500408700000000057080000000210030092003000
500100900904020001020000006030604000000001700001900080010800300040560072000000000
020040000804000017060900500010070020000050700000400009200835000040062000056000000
240506000000030010300082040000200000030000609006000800029000000000040950470000000
000720300205004000090305040060000080000000179000000500700000000000019600100008030
000000608600802400000700000000065000100000070004000031000050703508090000009200000
030000001000100706900040300083002604045007032000800000020006007600001000000000000
000603000008000000009020180600000028005007401000040030280406005104000000030000200
067004000100800000300106070902007100000009460000000008008000300710302900000040006
000000003000405260007000000004080050901200800000030010000103400060000030040002500
630090802800200000290007000000000000000700900963000108501300007080002046000000080
069000000004000000700106280000900070030008049200000010000500000000720050000480027
000600000001009706084520000007000102000000030300200070000010200020038000809000005
000310000000009023100020000009600000060000800005000360400030250200908607010050000
700000003090501000060000890000328001000000000006000230103000700009004010800700040
920600000000000080080037020060503840039070050000000000800020009102340000000000700
000000601800000520029010300000000000000307904310205000043900000000002003005000009
002070000300200008708040960600003005000500400400000030003000000001700200000086007
000000190008300000000975000000700000690400000020006087000000040400508070360000005
000103200000020080600005000930004000000080403060000000000000840203000009805900106
418520000200070600000003000605004080800002000000000007300100092000805001000000050
000007004209640008000902010000005000400190500080000400030004100007000000090010680
005000007010092000900800001730084000061300000500000300000001070304000200000730600
103007020070090000000000870400000012501060000039100500005800043090730600000006000
000070000000000480610002000020000000900025740570806020000000309700100500450000000
004000000000086205009200601100000002200310400008500000700060180000000000030040700
200000000070000460095700000530060040000000290028003070080009020700380000000002680
000700560000063000079005010200000040500000083000400000800000030050020000043000098
200300095000004000000070002600001400750000001020400089009000207300050000000006000
070010006000000002040005090000059000000000040890006035054090007000000300309102000
070030001000790000000256800005800200200000309700600010000080000609500408300000000
609002501070000080400500200000609018080000900000405000000001000201000005040000030
000600700000205030040308060400000200057100000002003000103004050065000109700000008
090800700003040100000032506320019000000007050041000000030000000006005000500170002
009070800060209000000000010000900080000007201070032600050700400400000006000510008
900000070805006300000008000070400002000000040009030810000200600160000004030900081
600000000030060000200780900080906700700000000000010059904002003000000010507001400
050090700040020013008000600034060005002005400089000000000051000000800000107300000
007010000000200038080036005000000503800000021940000600060700009005090000170500000
608000004000000081000007006290800010000001000000073042000030000720060090304010075
060300005090000608001070002600800020050000060000020000500030000000007049016008700
090000607000004000074900000000109003400008500700032000102000009050300200007010000
200004000010090803769000000000020610000073402000605008500000030034002000001000000
900000000010000000008027000020000600009740103031680070190005300040000708300160000
804020000200900000003000509020070000000000060000000704640109000000850003900007108
005000021000070000004085070007090400059700080030001000000800006003000000000603140
058090720000000000000000005030000009020010800400706000001200000006000003002604098
006000000041000020000030854000001547400800000002000108029005000105070000030000600
000000207000026000307000840063000000500302010002000070000004000700803001000060590
300060504500000000209003000060000000008430096003079000000200001100000070072090060
000000000240850000573009200000605000000073085600040003426000100000034000010000000
009014060000003008674800000000000000003008501050006000000000984080670350000000000
080601000000007000006020007060098200050000069030000000070900015000006080000300904
004510080000020001060030000003000810500000000600000023070900040030080950000052008
000010956200000004060000000000000038570400000600071000080000240001920000000060870
400030020000002005809000006003008000000900500500106800070000060002000001010070009
000020034098000060002005000010702300009450078000000000301068020000301000000000000
407006000506300040020800000003020800074000310000500000060901000041000076000000000
050360008000800000000002100507000600060000023002003000005007009070400360009100080
030050900010000000000070305802600000170000024009200506200300000000800630000040000
000050070160700080020000009000000296000000005003046000402010300000367000700000000
007300400060002850005000000192400000000026000080009010000970000000008000000000031
700002010004006000026910000060004003000730002400025800001000090070500600008000020
001047800000108003007000900004060090000000001020500000305020000480700000009805700
070380002001000403200000070040791020007000000010400000000600005000050890308070000
090800100000002090204090007900600000000000060080070019010000600000268050820400000
910000800062000000580609001001005080730090000008000007000270069000050100020000400
080000200000900000000000080002060009560000310000024000009400050003005100200080060
000750004076000002902003800000100009009085000780000020010000070000000008824600000
000020004100000730000008000000002410603051090000000500350070086900610000000000900
300060000008003002000000005000000078840005100000046000005000700000039000076080009
000054130003006080009000005900180000030000700040000096000530061000402500700000000
700952030000000041000000000025006000009003402000000100094007200000600007006030900
000290000503006000090107005069020000000000052004000000000000970000071800001803000
000005000006900000000630204000084500020150000009002380000000107040000000307008020
000600000006001002004000000040900870000400000700000560380506200050092000000013009
008040500000001000000502090002007001060000040400053060000000000701300029005900008
706010008000020400809000000050007200000005940130400800007090004000004030003000000
060005090000032000502060030000070000009000403300000082001400000000008010020900806
004010600700002048000007000987040200000000000010659007048000002000000005060170000
000006001030000000001000406410009030060470090070500000000040500200090060005002009
407050009080000400600400000005000008000100703004900000059083020000009300070002080
950060480600030000000000003000083010005010000000490807004200100070000390800000000
000070200097045030003006008030000000068000007000008090000000000005003684006020009
040000000500000071063190000050083700004000580002000013200756090000002000000004007
000000002070000600080200070200007080400800000000360100035009001841000000009080006
000000452070000000020000000000000200000180007603005810480500060200004503000009000
002000005830500064000730010605000030000000180007080000700060200064002001000000050
009000600030600502250100003000241000000000000000079038020000000801000300000000786
000190040000000580070000000060000000820010070005003206430600000050007000000020094
501030070000000084087000000009600000300700490000005000900000600400001008000200017
040900800001000520000007006050008000603500700000003050300000070005021080060000402
008000206000000050000015793305027000000950000000030010100000020460000070087000000
000040900840900000050230040005000080060003005000021090470050600090004150030100800
068000700725000080400000000000000608000243000004010000000054002073000001009020000
000005069000700000509460007070800150800000000254000000400120000600504000003090080
013009000700410000000006000508004000460907800000080021040000000000800200000061590
001890020800000500000030100000080002060010000085906030000060094900042000016000000
002080000407000003950000000001600085000200300700000000000403760300007100000009208
040003000800560000000497000008000070670802301000000400460000710300620500000000000
402000700000051600000000000003070000700002890920000040001000002000100054000035060
001000900200005000006000020900600001000800000002000084790208040000970005008460000
050020009000470002000008064000083000040000003060000700073000010000706200015900000
000000806001000000600700902064000080000005034000002000010800003408010000059030000
005001960000680004000300081090003010030897000002000000406900720000000000009700005
000000000040302800005000092600000083704010000800000409000080160080140500000000000
000902100050003020900007000003105000400000200095060003020500030008000004500070010
042000000000709000001028000400000000080046007207350000010500000300200059800000630
080079021000000008060000050000200470010000000074000009040001000007980306001003000
000100070300205100000068900000740080060009000500000000400032560800000009200001000
690000500000200910000097006000000700800000020560009300000100083008003000210000450
000009080006304100004002009300200060201000000050000000480000001060530700003010000
000000001000170020300600080900004003060000000020500090400090010005000408030010052
068000040230090500000000001023000850000560090006000300910000720000801000005000000
100000050000000073002801000080020007070005019009000260000000600007009001000004000
000205903805000140000600080041000000208000600000070002000300000010029800000007020
460000907005090000700000100000450003000900000029310006006000001040000080050126000
005047300000020000000000008509200001340100200018009004900010700004005000000000890
700000024000000000800025731037198000900000005008600000200901007000000000003200040
002070000000000230900080100800059061007004000630000090003025000010000006700000003
007081000000902050000050406000000007960000000000500002406003090058000000300200010
000490080025000000000000002402000065001500490053006010600905001000000000010600000
008000020092080000000500010063000090000000000000321406000040301000090700200008040
047000000000040075005006028070015000068034007400000000900000530010008009000290004
200000000003090800010000400800004009640002000002010000000000001460007000037600090
300010000000803070100000608006280900080500001040900000605004000000190007000000200
700069000009010870050002000900050008070000460002093100000000041006100200000030600
000906300341700000000001500100005020790000000620000100000607200400000700008000061
000308504000000009700060800005600400000000000230050100900000001008900000400000607
014000578030400000000001000240136080090050007000800000320040000050000600000000012
008400000100080020000000003000000900090006830060000014002700100004060000807001302
050060048090007510007000000000800001701006800600000000000000000023109006000720300
035800020000600010960000000800940060000000700000000059050010000103090500000000280
073000504000000900000200600540100070200760000000500200005000400321670000600005000
201000070750030000000910004000300001080000000600708000300090020000500600000840300
000000800900007040087004902000000005070000060100305080090800006051400300800600010
100206008005000000000500043019000000380070020000080001900800056600900300530000809
800700061000060000001002900052001000300500080007300600040800310000040000000000096
005089400000000010070000290080651000010090040000302000000203000300000800020000061
002800030000009000900400050306000000520600040007004006001000000400700000693000120
600700005000000000305060000000000000027150804000027100003201007040000098000030040
000903702000020609004700080025000090000500800070008000040000010006380000730105000
004380000900000800120000006000000072050028610000000500090200050000010000060073100
900500004002070000000800010604308000203000001005090006000706528000000060080000003
006000003040090000000008900021600070000010560900020400002083050000000720000007000
002003005006200700040000000003000068490000070200001090001040000000076020000820030
030090520000802070900600040890065000000000100705000000001704200200000000007000000
100803020000120000009000006000500000560000080030401600000007469004000800001000002
004000080500030000000008061000701000900400603000000900300940000000000020008027000
059001002000400000080060410063007000100030609000000038071090000000006200000005007
000040000250016038000200000000024000030008000704100050000000009090000860510902000
007000623000000000052000908009067010600008000010400000020600000000030509006910200
003090208059000300000006000000080070300079005000000983100200090040000002800104600
506390000000050090004000020010900008003100400905200100000000001070003000000010960
080030600000001000540200000008070200290400507600000000000100709000000006003804005
000001006000070000000690518020068000004100300800024060140000800650000001000000005
000026100050300000040710000000000008819007003000960004001600000900000080024000530
000500000200080701000040000003009500004000096500700008068000000020000407001060080
380400000500090010000000023148006000096700000000000200400003900000060302000001050
005008010900700005002000000000090080600040907700103002007000001200080000050000609
000002070002004019740000005600780000080000000400000903000007000056900040208501000
010000090000007805003810000100050607700409000002006000300004060500080900000000100
000000045000008700087160009200005001010036050000007000040001000850000000002080970
026900708000050000097002000000000004805000002000510000040809200000700600780000090
200070008400000000068000040701000500000210900000000700006350100020009030030600090
060000050000900023050030000400800001629000000000690300000308000000020010075000400
050030080000050047070010006006000035800000010000400002209060000500080060008007000
000076000603000000004081700000000040001200500500090800100003005000910000806050020
060050273000038000002000000000002000029001085073060002000000010500004000096700004
000007000020060001036800204700009300094058017000001000000006000000040000070000580
000000520000069047800030100003046000001000000000000005000005470000900050060170800
081000203000020000300700040008001500200000800790000010520100000000068300040007000
000068009000005801076000000000001000200009005481300000000000704050000000790800002
004800001390000000002405700069000012000009000400127030000080009000904308000000500
802060507000030000070000006027000400000200010000010000040501700000300050900800204
009000240030000000026800170000100400592000030008000005007003000080000000000690004
000670800000800050500000700002537400000900000000020000009200004013000006040000312
000000032007000640600000000012430500006205000000007400000100003071390000020008005
005007012000000400010800000000000000203090800000761005400000020007000059300070600
000006200020094010000000093060140008030000000200000060604070000700360140100008500
100500408000000702000700030029001000307040000000009000000090004050260800000000160
600008000008065030040320005000003000000600008000800750090200300304080900000000027
000940000008000005000050206106000020700020000805000004000100050630700000074200013
201000009000000017459002000700098620000000800800620400000000080080039000060100000
050000040302000007000007000780040013001900000040083000094000500000020006000006980
000250108080000300500000000000710563000080900104005700030000006400070000907100000
307400000000019000000030580700025000003000070480001002004090000590072004000000090
500000360130205000000001090000090040600004020020800005010008000700010000400700080
010007080800060000076015000008009025000000040400003701004030010000004200007000009
040100300900000750020000000080000004237000000050306000670002009300005000004001060
030000001008060023000100900000035000000701200010000780000090004009006100640200000
500000009000400000904702300730080140000000000200000065003820000080000030400900070
020000100700820900400000080140060290000002500039000000800950007900007321000000000
090040502020060100600703040000800003040000010000600000000000000009050804512000000
903400000002090503000860009309000100050001400040020090000000050021000000006210080
390600000800032400000010070030000920000043000008001003500080000000004090047109000
009000056800000040002084000005206000400010090290008500000600020057000000600003400
000500003970000000602100009000000600040000001507400000300000790106020000020850100
000006000000030856001004020600500390509870000200000000000400000070090400008000560
060005000007002160403090200000040000800000042200683000000007000009300600005000380
000000060700000008000140090600500000010080000370060920021000080000000000040705001
070000000600095100300100057000008020000007000000000004915620080080900000003080060
200790500090000406000053000000000000000200000058010003001000060502800040306500108
800500009030007000070000600090000001000060003000940200504073000002000000000001507
302060900500000006000000020085002000100000800030018604008070040070080000000936000
000610002018090300200080000800000000000000074029100600405000010090000007071060000
000030000000700064817004000004007100000008007500000900300000040000009000200010093
000036020004085000000000900000007006502000000090003570100000040608001009000270060
000206014700000900040030000030000750200000006800107000002000007500002360970000800
070000200149000600006050000400500900000070000008300075500680100001000008900000040
500009000062030007004025000090600050001000090000100006300002080008007001000000070
020000000005190000104500000041005002000000803000007400900700000000086054000000028
009034000207090300006000040900000000003070280000058090000027005030005607000600000
082900050100030004000500700000002900030000200010069500040000000300080000900205480
008300201106000400009071500000009074000003005001040000080000000050280000003000000
020005400000670000010000900900002000000810205600000309000000030090054000007000004
040500600000070010350000908204801000006020000000009006000000701601030004000902000
000508021800000700290004005060900000050000004080400090000080200001006070000090000
000300000700085401600000000061003070002100030000700000100009048090274300000008000
840006000000000040007000000003500060060009050000701204504030700100052000200000009
000561070000007001090280000072905400400006000030000002918000003600000900000000050
500917040000008001006040095000072804000000000010080200900000000000006050840005002
000030070000045800800900000000064000000000009385000600000700010700209008090000053
000506200050000869000000000100000000003090700028000006040100030530704008000065470
400032006000000000539000000187000500000009730090006000800014000005000000600970800
000031000000000040000600070030908100060020700102000890005064003040700009020000000
206000000000000000000008703000102007700000028008000305500300000040001600060400010
840050030100086040070000000600402000000510200000008010090270100010000008002000090
600000300040208000012000008000007620000350000000000840107030006590620000000800009
401700200500300070000000003700000000000100530000200108009002000053000084070003050
003007900000050030409000002000000019000080050000000300010000007600102000035079200
004700500000820000258000900090008670010000000080100400100000060000030000000540120
004910000820400630090000004000008000208600500000037060069003000040700000000000070
000000005097000040000083000000030090000009078000600100054000700006501002083000006
000609050300008009005000007000001045080900010000400790700200000006040800150006000
007040000090005000810000060000400800070000002003000019080050001020608090060000070
017000009006020000005004000200000653060030000000000070000090300100002000003087906
701000000340815000000000030805401000200000600000070300409230000000000402000006100
001003207600080000003057000960300020030000000002000503004800361000040000700009040
608700304000385000050000009005640001000008400000090000070100905003076000000000013
020070140400000002907000650090400031050000000730205000000000000300046020600003700
900080002250000900070000506000070000000005600400809010030000000062410008000020005
010200740030000001700080000000041207076000000000000430000005000820000003500030690
007000900000503000980060000000050008004089012000001390000000030610008070402007000
650800100400000000000010000500000709000500008007000010008000070073008040100200030
000000060000100308080245900200000000005087002000090403090020700100000006000000540
090020100030600000000000208412000005603000007500100004000000000005489000000002050
000003000000927600700006080003070000800090015495000020002300050500082090000000006
290000700004005200065107000580040000000000095000900100007000000000060908010000060
200000019070000000000097402007032080800000000010050320760100900003069040000000000
000600000678010050040800090004083000100400000030100070000250000409000000003004200
000000620060000000000002184109000060005706041300000700050070893200000000700800400
001070920090000006000050030008905000300800000200004780004000060006040105010000000
067000000005018000000300002000700090700001530000950010080400070004605000500002006
900004720060000000007800000000000045008040000100390008800006001040005000009000080
820500000000800003004000010003090047060708100000000006030004801072000000000050300
000000000000000306100093700000301050068009002000804000002005080300040000057600000
000208406000000000000035000002007000047000050090100080086400079003800040700019000
050004000907000000000308901080001000000040300192000800030005208700600000000100030
840000700201000000090001000002970000000105306004000090000300841080000000065400900
003000060000100304000000100080004079000390600007000000060010900810060007705400000
049207050002500090000010000008902003020600000000004500305000070004000200090006130
204000390007000000500006200000061000008000002906005400400010030000009007000000560
000000000704860000009000037030090000400500000006472500000000089105000000000047010
001060740070001600000230050007000800026090405000000000000008020200900078000100900
000000200020180090078000000700950400000621008000008600042000960030000000009070042
005700300003000000700000200800000650070006001004050032240900800007801000000004009
500040000000070041002000007004009000637500000000010700000000308050308900800290000
000600050009038000028000030001000300053001702080020004004500000000000020070040100
061000000840050003000060050200906800000080000000007105084300079000000004100009200
000000025307050000900002000080060092006000803030048100000300900060000000000020046
603100020200070000000030009001005040305007208007004500000000003080000700002000015
167000800040100000000008020000000480005039000003400000000043200300000009218000000
900800060023601000000000040070050006001070030000004050307000910006000005000000007
000010200060084000030020809090030000480100000716008005009000003005000000000003560
000095000008000070370001020030000006000000100150000082000800000800002610910006700
001000000500000700000002003040001080600008005000960010000050940060100002007420500
093001000000960000000000840200006004400000000570008006001000600050070090000800005
000900180000000400020040003000308290500019300000007000087004500005030000064002800
748002000001000050000000001000000194070019280000005000610000000002000300000890400
000000000070008020008630009610007203000000070300054090205000406000005000000380000
049020000000070060300865000460009000020000000000000705070100000200000004950000106
010002006000000090008700300070400000000008003800060010004001050003090004267800000
790203500000014000000000080000758031000000000030000095400030900600000010900000657
060030000070004002000005700000012006000509021004060000005000004030700180000008000
000000000000014900002003010090030000306407500000800000500000780040600001600089000
000910700001000605800006000032005094008070000400000500900080030070000009005000006
071000830000005000000001470000052000002000001805400090080200000007000089010004000
005000003000208000020006709000800005806300000200009300070000500109060000080000140
008020500000100000900003004061300800207000000500008200075004302302001000000006000
400002601502000008007000520070853060090000000000024003060000309000096040000008000
008030472500200080600700000000004007040120000900000103000000001063090000000000820
009017000450000000003000800040000000000070090080092763600950000800004000000008200
002000039901006500000009600000003000007650000009082300070900800000020001065000700
004020000800060040200100000020089100000701900400000500005400096000690810000000070
810000000070000281003700000050020070082000950000600000900010000020050004000800060
200000800034000009000013005800007001000109000500086070000301000370000500096000400
018000207070001905400000000600028503000400060000005000940000700020057000000840000
058000030000910050000600000003001000002000090090004800060400023300806100200000500
704806310000047690000100000100000084007200000005600000000000000090300000003001547
000059408200000070000001000402005700870000000000090300089060002500002040000080500
000007003009102000080000409010306200020070600000009080000010048000500000500004007
040006500000080203308000910005240000000000000400100060800020090000300057100005000
090300000500100020080500091430000080000018000700090000800000006002060509003000000
900007304000600000067000200059002408010000090008000000000100000001763009080040030
000540086000000300050000000010000003090600021000025900800004060000008005002900010
106000205008070030000002000030840006000700001010000000950460007700020003600100900
000000540500070008006000009002709000400050600000208004908000200005006003047000000
006300800000900006004580000003000078000100300057000400040800000078603090030009000
000060070000870000409500080000000000030005620567098000004000108300000000705030004
000400306000300000018000000000050000600047500020000100906000070501006000007903080
000400000002000036700000020001060800008000000693000007030000098000700105506800000
001006005000400008000010030010600400000800062502000000003240700000000340005070200
608000030000800000700006500000000005450007062200000900000018000300050070002390010
800706000900000800020100007002600700000050100018070000000001009000004500080290401
070000400010520000230004000005000802006000009000706000000070205900301004000050010
000351000130007000004000000708002901090000007002000300900500080070000100200904005
007000005150000000306400170800300020273000650000090000500000000048000360000240000
020008000800000324000040100000003000009080050007000901695010008200067000030200000
360000001000010070020050000203190008500000090800030064000000009009400000400500006
710000096045000070000400000062090000000001800000080000057100002200045000000000109
000140006009037000510008000073800620800000009000000000024060090700000400050020067
008000069060500200200080500109000002030095800000030050000046000087001030900000000
004601070010730920008000000500040001200000000000020005000000002000890000309200080
010009000806250390000080000900003760004000000002000013700020050000000000000100028
901002000500009080040600090200900000360100800015730000000400050000063700000270000
002000050700009000405020030040270506000000070000010800300040000056031080900006010
010800060000001030508020000900000350250400600040000000700000800000500020023080700
000080200000000015903004000800005000090670004000400100000040900070893000200007050
091060000407150000080009200904075000060000000020000005006001080000004701000000040
390000000064000000000050680000290000020005008800000040700030009040002800010070062
200010000000506007500004800000000030090003006005600100030040000040082600007100004
800000000096400000704500000000000830320080940000041007009600070000005006002004100
704008200510090000000000000300010608080900100100072900060040002070005000000081005
000100004010600000400000009600000000000502790302090000540000080000005020078000903
408030020000000804502000301000108003003009000001020000010904000000712008070800000
600000009704000000080102000000050408000000010000046000001903002059070000007000600
003000000002900030500000400700023100800500000001800003406390010000004000070010860
000200000001008070080005009090000060700040508000102300000000001040056000003800905
000000830210000070000005000305704000800092000007000320009007085002000100000080004
000070580400000020700200006201060700000500090050000000003009004600000300902001800
000000023630720100000300000000000002250004030009010060005290001900051208000060000
000000008000036004000100362009040080620050100001760000018000003572000600030000000
700000090800000705000063028020800500000000030500007004000400002000015000403020009
000007900009130000860200030000008006000500020340600080400001000000000210520000060
008000300960082000010400500000000040000008007602000000000230600000801234400050000
000003002600000940901004000090026000003000000004010600007009034000000008050070006
000001002280005030300000000050400700000000600009800000800030007040000051020069000
000520000010000020009600000000080904080100067007069210000200580002004001070000000
604002070000000002007000400000035090008000054390000600080057000009043060000000080
073000100004605090500000020730860000000200030809000000000970001000000840400300900
000020000700000009069800350000070008580002006000090200100006030904000060000000014
106000030000208000520007001001000020300070000000080650400520070703009000000000190
000030850060940000000006030000000100300000500009000047000000010450093080690008004
000010300000003040030860100002030067000000500009040020420008001500100070600000050
000950080006300040000000000070080003009001000000000600021070050005003000490006200
000080020600702000084010000010008407000030000540000000000000809070006000052007046
200905000000700010900000050000000002004080000006007409015000090000060800000408700
000000204000130007340000000200000006500400800100720050000000000701200005085600910
080032100090040000000009063020057040050006000100000000060000031007000000305004700
000000000605000039000020100347009020009500400000010080092000000800030000010040800
002003008000100006300407000010008000034000502000500400000009100001000907600002000
809005073001000090200006000900120040000000301000000020000903600000670010070000004
500080070090400803300009100000000608008500000061098000000000000003120050004000010
000000019500802007004000085100000003720400000000067000090205006001080090300000040
501030020000200060000006740035900080000008000700400000027000005003060008100000200
007905000401700000590160000000070300000000085002600010200000007900000000008453100
094500000300276000000003000400002000000000086008090370000080001000000750010409630
007089060000005000000200304500000000000070010800020506069000700005000402008000030
400200107020007500060500040000701803000908000100006000090000005705000000000000210
560082090200000100000100060000000040408006500000030000800690010094008000003020007
000200801190060200000090005000000600007000408006340500700050000021070003005400000
004002007000058020080400090060070000702306000100000703805060000019000000300021900
006000000400007109590003604600090000037000510020000083000400000000809200000002040
002000457000000000031000006203076000060800104004003000000000003000005009807200000
000600000000008109000192000000920058810500900002030000160000790003000001000000002
068000000900050000001000902030000000000008000000097514100000050000000060700062348
260400000000000734500010000007000050950000060300020001000800900702000003000092005
105000200000020500000010006070106080000400900000900003030807000007040001000060302
030900500006800070900006310000000030810000000090710040004000000087250490000080000
570069000300080000600000910020000038006000000003054000000003000008000040000712600
006002700050000000080030506200400000000180050007000403020310800000726001000040000
056800000200005009000000720010000600008002903030000000060500007005000100021080040
006083000000400020900050000090510403400000100500030008000000304003200710700008000
000010030604000005090000004005007200400005700002006009001000400060200008000500096
000270000007030180000806050010640007000000000000005800030009600206000010800000090
010760009920000010000000300478600000009004003000050000000540200605010700190000006
600005003080007102009006500000010000000000230020008600800000307050000001314090000
300002900670080100000900004000000000820300000050068002008605090001000000200100003
030400009701000050200097300007005000009600000400201076500000603940000001000004000
034000500000000009800007021500008000009300000400000080070400805008070010300020067
000903402032710005000000607567009000000032000000000060009000050170500900000000003
020000400098000000000301000040030072800904100700002000305200009000000050210060800
026590041050604000000000000001000000040000083380000150005923000000700805000000060
009000004324000080000200000000900043980102500000008020017005300600400018002006000
000000009004000500005208700203059080000000613100000000840000060002004005000002000
002000000600010300385000000000023500207000000000140060000030005000702400100064078
002370060006000005108060000000800000490015700060700100504000000000600050000102403
000000009060084000005060020500097402000005001030000000007050030900000500200600008
070609200000070000600000004300060080002080000900300015000000008020000000800030670
010700000400000056590004000000000010007000200009000045030190000005260097000800000
000080100020906007000310060078005012060000400400009800806070000000000036700000020
000080300090000602005000780000004000010800036007000500100045020003010007069200000
000000000000600720004000685030000050100090000000007906542000039006502000003008000
000010300000000000543200060900004010000007008068005009290400000050070400000030020
000009060109000000500170800490730000000000004003800170000008003800200040021000500
740000003090003508010000000600050000030082000000006040180000030009100760000030002
000250408006090050400007020000700003000000090501300007020004000000003900007000200
060000070400000600007000204008020009500700100000090060000603040005908000300004508
700300480009000050600052000007000000420000001000906200003008010090007300870403000
000008006600005040002930050000000008000200500205000039061070000000084000970300000
019000004000205090800010000150700000602800000008529000084000301000000000000403907
000100359006002000500007010000000020208000504400503000000000002670090000009000403
006201050000600902000500008004000865200000000058040001900000030030029000807100090
900800020003000000008076500000360005200005000107009000700000050000001008000900014
400030700001060500090200000027401090500000400008700000000308070200090000600000000
000000060007000900403007008004500600026309870700000000600010052170050000000000700
000200040000100080040080010860003000000720060020005900108000400900030000000001320
490000051500437000000500006801740000000000080000050007002001700004060000009000203
020000300800301000003072500000500406450000090060000008030000070000800000940100603
900005004800040030042600000020000070007000306010002000009106000000097840080400000
000900030503000620000000000040700000200000300000063710000050060700300809830690050
430000800000105090000000204005700000000810040008030000060001002903000060100020005
500900300790406000064000008006000001900010760200600400000005000007001080050300000
091020080060000000008300000006000000300049050080610000040000001000000007617008049
350006040009000000800400520090840000407000100000100060705930000000000000008005030
000901004060020009000000206090000003000300800015007090701802000000006000042700000
000038000700009240098000006000020500000710004409805000000000003600040900010000600
005000000001000053000054000060740030008100600100002009000000026007309040502000001
007006000000000003001003007609031008400500000000780000013000800040100069900050400
203004001000080000100907004600371000302000000470000800020090100000400935000008000
000560098000030042000004000000920050031400709040000000006850000070002500000370000
010200000000009706400007102090006500060070000000340000502700300040008050000000600
040060010006800020700000000080504900400000000000900053000000062000007000200015390
000000000800000072900103004010090000007040006000006029500000001403008605000000200
000004050000030004000200687000053008080760000520400000603000000040000720100008000
500000030800506000030801070000200005913000000000000690006000700009000001007420000
083070000000050300060200000500010700000000520740500106002086070000700900300000010
003807400000091000010000008600450000004000501090000003950700020000063000000500000
800000201600500090000009700000010000012000007300298000000005000908000060005030014
020070030030001420700000000042007098000000000009000600000003001000500060906802000
070350900000800200803000000000010500700003089908502300000125060002000405000000000
036000900900100078008007600080009000000513000000060000000900532020000800019008700
006000037000100040003000000709300002100006080500004910000030008000008090007901000
000000609080300050000000740000100006008090000040008003960200000007003001000501000
051000000720000806800007050000041090000900000004806000100000000000620470009000600
200007500060010020070040003049000000000000002603904080000060000000430000008002700
304060500056070000000000087100000000039020700000030100005042000000007200020000856
090004800000060090000203050003000706000600000046010000001800000069040073002000009
100004030804002900000010005300000650670408000590000800020006500000005000000300090
300000501060000900009206000007010000006500047000000305000097000500001000002000090
602400005047030000000802000380000060200000010000100000030980100700004080100600500
400209010637100050000000400000360900750000000090508000000050080102000000000000730
200067001704000900010000000002000300079000000008620000906500103000002890000800070
360480200080000007000002000040600000250090080000005000400100700070006520006009100
840000020009600000000020003900000004020500000008100007003800756006000080000010030
010307800030068200007040000000000090006000030720050000000000008500080070209030400
045000000630140095000006003270000030000700000100203086000000970007405001300000000
500030040001004769008000100096007014040900000010083007000700000050000000000060900
007030000020500040001007026000300000802000903600008000000000600708600501050970030
001004500800900000200037009000806304000000005000009006105000600703010000080070930
000800400000052080600010000410560000070000000002900000900628500000000007305000900
700000000020014090980007003050348000000009456000000080578000009006003000000000800
000005100650000093008030040010000008400200001500004600801003200049050000000180000
078002010006100070000050400060007108000000506002090000000000000010500003050030800
000000000900178400208049000002300060300000000005080020600090040000007036070810000
800000000000914000710050000000000009000040307902630100600000000107005004004096010
000953008000000000045720100030000209906180000050000000000000570000400031100070400
000000100000502030604900000700000340956000002000007000800751000000000000023004009
069700200000040000000800007001200000502006304070000000000000800400005060800100002
009000203807209000003004000000306900605090307008000420000700010002005000000000005
000600050100090480068030000004010300000002607800000000001000070500901200600000000
200000000960004800073050006500009010000000040094700005020800000000013000008095063
000000087200059000504070100100000040000300600840000023008090000000425000900006000
000200080000010050000085024050000900002004000080052000000038070700000100100076000
000300080000001400200586007000100700003620000900000208000004976050000000070800004
020300009000000840400020000082001500000000000050007000039004008500200300007000650
050000100300200050000036400002300001700092000090000008000010003100900002060000700
050200093700000000000006400003000008170090000020004300090007000500600200800030901
030701005007000409800000030700090002400103097000600000000000080003005000509040000
073006000002003900050004080000090720300000006008000503000200010000501000060000008
000900007320000001000030000050120090000000000001306004038050700005070002070080540
810020000054000020000000000000008500000370006205060004000016800483700600160004000
980003000001006300000200005090800250703002001000000009000000000000040060600900102
000016000000000700610000500000905803900070000000008000070100600000820405500009370
500009008020000000049610200000000400010090300007050081052000030100200000008000009
000050010400007008903100500090000000200000004500001600002000000080024007300060092
000400300000000209006020805069140008080300000004000003470502000020003000800060000
090000260004350700000906100060000000000000900075018600002000300040070090000240000
260051000340200500900000004500000401000714000007000900002000080000500000000326000
060900870000600002105000630650000900002001003000009040000000080301400000000030050
004008160008000000690000300080070000010006407000003500037082010002090000000007903
000000009057091000180006004000000030003000005015470900090000002300080061006005000
002000008004815000000000060031200000400008020000190050050306000900000006600570000
000000083500008004007035000030507100602000030000000042001009000200100857000800001
080030050000100970000080201901500000004210000800000500570400009400791000000000400
600780001010090000008060403000000020005000600900200048870900010000070300500008007
003862000000040000940000050000030021070005030102600000401090000000000008000200006
000000000800090700000175204000703000370000005008000006040609000600300000503200008
001090000060030840048000000000960001000001008000300007204500000030000002500020930
009000325704500080010000000100007000050000002090020450006340200000000900000010063
000089200002100906090700005080050042027000000000800000000000000000690080048500007
670000050080300040000079003000006200100007900000100060010642070002003006000000500
000070030060500004000003092015800000000040000000060020600300000007250063902008050
900800020500600470000300600003085000000200060182004000040700030000401002000000700
000007040008000069300000120000002070005014000100080004002008000400653010900000700
000002006960740001007000000610400000000080000300900580009600030000000027000008600
008307050000000000000820070050000098002001000900080040100000030403002910260500000
800040570000000080006009001900020400002030000000000890015007000400000000709050006
070000006300890010002000009013000000020000508057906000000005204100020000000000000
006003020082010000500000078000002300150000600000500000000008000420000003300209400
000107040000000000960008000300000000107500090008200050000090026000730000210800300
000000309100002000305700204700000508000004000002000140060030400001000605500010097
900000007005090030070003000000040075010050000003002400002080091040071206100000000
008000900000047261000000000014000020020300000500600700005030080060500109000001040
000040070060035900900000100007600000200070500000010080009000300000469005100050008
500600000700109000000072810000760000003050006010000005008000000950007400000000782
005002000740009030000600000007000301801020609000000400300040000050008000009207080
000100704209800300000000000301000000005900200060000031000020003000070490470090800
000052000180000000709000403000000109032000000400700080000000000803100000050427001
000000001068700500000028970000091004100000000080000009400050000010002006270040000
200590000003000900400000601000730000080209040570010300708000039000000000004060082
600000040000050000500000600001000300020008007000975006000007001002001000035026080
000000070000093100900002400000600030710050006490000000000001700500408000002000003
000400000072003065008050002680000700003067000040500000004009070060000009000130000
000080900860000000004302000001645008000000007002000104700000000000000203140007600
009006070006700000150090000000302000000001640430000100000000720200000500010050084
002000401040800900006090000405300080300000700000060000780000100000002000000903046
000067900900400000004030000491002070702000500000000000060700050000003206100008003
600010905000600030300002000000000104200006000804000600003400050005008007000021080
006000040108095000004001200540000602009700030300000800000000005000030009000002400
001007200650003700700000400000801050080000002106002300002970603000000009070000500
000504206000000050000780000008043900000018000090000603080400001710020000053000020
000402051705900400000000900020370800809000100001000020200000000403006000016008005
801006000053000002604000010000908670000000000000471000900105004170000000000700008
000040007002891000000000004500000063300080500090010200069300000800200090050000000
000040006870100950100000000600500000900020000000060027001000004030050100080002090
900201038027000005000000000014000000700804210032506040000400021009007000000000080
960007000000000000300500806054070060000000010027003000030000700000050091040020003
050302040020000050000040800002000589000003000600007203080000000200050406041030000
300000150000904000000060902040200000510000000908000070004501700030000000000830065
000490000700050001801000506000000300010040002000030410090260000080003050006000800
504000080200000000060048700000500000000300009409070800800000600610009002700010000
500000700000700040063000020000094000200006000000070105030400007000000200947500008
006400000000700500090000280050000009003041020004370000100807900000000000500060030
900005000004700000070000009000003800203067000080000001300040000000600207005000006
970000030600400005001600900000000700807500000000028000005000104003000050000090006
005602083000080060000001070000027090007000006900010050400000009800004001000378000
100008000090200160000000200600003004750100600003420000070000020006000007008001500
000040000005800006400000095090010000034207800070500002280006059000750000000000700
030001450010000309400000200000006503600005000040108060027010900000700008003004000
003040070000000008010600050000500000802703100640000000005030700080400001360090000
040002009000010607072503000000706001000300000000005000800034010005000940061000800
000000000005060700600479053002007604500100030000000009204000090030500008700006000
000004106050002000700000000590000000420790801080000060074000000800400057000030002
000085000307001800000000070008040050000006000104000030501300280040109500703000000
040750003600900002000300000420009010080000020060405009000070000000001908302006050
600001708502090040007005000000009006003507000904230100300000987200000000000000010
002038000000600540010290000003000000060009010800400000005006080007300100320005700
009800006720401000045900000000700461004000000000000087002009073000200004600070010
300000802000000600704000000039010040000400000010603900000004715950030000002800000
000019807000000010067000200700000602090000080000400530200001000004050000003804050
000500604010000000000200083080015007001420390700000000002060000000000860500003009
400001006090020400000807009800000001006200000000006030700402600008700000000050120
100500800090000000050004007279000000800010000030870060004000000300060001700402003
090012500000300002050006010010000070006501090045060000060009000001000200020030051
239000000004700106000030950005910800920087000801000000710000040000005010000000680
000057000009260000032100800040000020070000930908600405007804300300000000000000702
040001300090060000200034900500000608030000000706000050600200005000000800009017020
025000000090003800000528000000700040007000560100906000000300001000605304030090000
000010205800000301400900000000070402200890000000406000970004080000000000003500010
000800072050700000409000060008430000130000045500090000000306020007900080080000000
000170000360000019000000200004003002050804900600700800073000480000450000000900006
960000000008407000703060002000000006000006270000094005020000800501080000030900010
008003012020700030007000008003000900000400000050006080000302051280050009060000000
010008000000000070920000400430007005000000300000600020006010000108090504004003000
000000035000070090070903004000024008000600000005007060190000570508006000040000300
870000000003080256000900030005010003100005000000609007040000605001000004036000000
008009500050400000030000007002007600400100020000000015040030008580014000600050100
000000001009040050060007040800000010001080000700200490052000706300070000006010000
040051002000000006050306040000000980704009100010200063067000850098010000000000000
009000018000000070050000000000008006900054000243060500100030004408200051000700000
000280001004100000005094608000500000910000000300020006060310080040000000800406037
604090000000700406000000007500000270000007001930000000000850090090042010016000000
703502104005000000000700002050043800000010049030900060002061005004000008000000000
000080503060002000007000060000008002102000000950076000000007000020401009800009050
007000209600800000000010000200080006010090000000030480580000630000704000000000100
001000000004570090000098030000015000508032900030607000900000804007000310000020700
070810000030050702008009050700001600400070500000065200023000000000080000810002090
090000015004500030000601070000100040200370000060000800300810000002000700000400006
700600503009005000000970008307500000060700000010003406040000080600000050000210000
070026000004900001030050000000602040000000800300001200002004000003800050800000716
000009200053000080900008060390000000700000024040210000000800730800000009205703000
000605000030400010100000090005080009200900060000001040000800000560200003900000058
040950800500000007006400000190703000800540030003000100000304000070208053000000080
005706004700098306000000000000600200000000010302500600509127000006009000003000020
000017000000000054190800300503700020000690003008000000080001000002009060000420000
000000010605000000004730800500040020070000000400680730000309470900400200000050103
900060003000400005568020400005000040000875000801000000090002300100000092000006087
700064009030052000000000003003070002906000500001000000080007300000001206600000017
007900060012003008500010000001700003000000002400000009000040201090120050000008000
000000002960000050000000708400083500000005000056090010007200306040610200080000000
500060030001004000080239005105000800040000910032008000000000000003700250709000000
050402070086000002000030050294000000001980060003005700007006001000000547000100000
000000030900805047200001900070002100008090060006000000000006050010300000365040000
080001000179800000000023000000200070005100608010060503607309000500070000000000002
060300000007900000400000069030007000006050002000009750001600070000000200800402300
700090000502000810030805000000003150600107900000600083070006000000000009000008360
600080540000602000082001600000009000000000037405000000079000060030400800206000310
000200070000970300003600004100000005000800726006007000080000000200390600000004093
000009000600000204005108000400003800000900600030800090000201080500090000706000000
008600002000300000009054070870040000000000790060180045005001600000020000306000050
000500006700946000090000240508670000100305080030000000000003000904002008080000050
900013000400006500000790000700000300080000006003060809029408005800000104000000000
000000000080090100000200830700082019001007200060003005600400000508000004307600000
007004300080007000006300590800000200049605008020009000000003901000000006100400020
005004300000080000809070005004008002050030460063050809000007001000000940000100050
005023000040700000009050003023065040010009000000140000038200400700090000000000506
105000007400060002070005000300000000906007530057090000020050760003001800000000001
300042070000000000087000004000000300200760000860000012005306008002098500000400290
035078000700010009000000000060700002009060071000090080000640800000001005493050007
030045000000000000000001960090070680070800045006504200050006392800000050003000000
080000000290005000007100005008000701000000003140900080000400038302690000000072900
400000000730010000001007080000069100000000502050000076900800200560400000100002009
031000640000000000200100057000200000090601802008050030000006000003000700070582001
000004030270000109080020000000002013090630700006000050001500000608000000000000091
600000083000000002000348005090407000000000096760001230902000000047005000500800009
009000005108500020000000100900803000200000940005400070003000000060019000040000608
040080060007060000000300008000900230902000000003400050084005090030007600000800103
000800070003000800900001004007090620005010000600000090060005000520000780100300009
000430500010200006009500300000005600706000000004000090000140000042003900501026040
040008520001900603000010000060080000070000900004003000802001000350000400000050082
800100075000980210000400900040027080007000000030000009000750020003000000209000004
007009000000070000020803001090000004056901200000000010908007000000000005003040670
090008520000007006000010800005000400000500130704002900400190000160000000000060000
900040500050000800000800020000070208000006009730000000002090000170008040400000907
700000086001000950460000000070090025000010000000072310008900000000106009024003000
000706410000015000300000900650000807030009000001670000000004500189030600000060000
000600740801095200005000000080003000020000050000200003030000070402000300600089000
006080000810000000000090003043000000650100409000030060000007800098005004100000700
004900073090001080007002005000008000008070000060020000000260007010084096040500000
000000000900765000807001530050600008160000004300500000200000900009840200000000700
009000000014000827000000030000509380000760000005013000700005400080900000300040006
500000700090200080000070090830006000900030000105042900000001035008000000020097000
903000000400201000006080050060000007000070810000318020000000095090000403600005700
010506000000900500390010076207080000000009030400000000700061200000730060000000000
060001040000040098080003700000529000690000000000000200400000520010090080006007000
748200000000100050000700002000008000207019008010000093000000005430050000002030140
900002070000700050800100300080060290000000007004005000012009400000500020007003800
000030090059020068000005004000084050000700000207000009005090080310800020000350000
003760002050900000816000030000000100000200075702000000008090000000050003000370269
080000000059000003000004000600800974002000300500007000460000108000500000010009600
009060000307000040000030700091402000000000601800700009002500000400070300000000160
500000004071040009000003720900208000007050680000000000004100070002670003000035000
000007010040510002800000300008090063302070100009060050007200400020000605000000001
800500020000000000049010500100000046000800200605040078530000600000000017700000009
007050000000000382000020000000030860008109005000800000600400010009005000080700046
000500000100000900498000300000008002702000003005001080000030109000070000020400870
000000000008105000010097048700403000800000024002009060080940050100050203000002000
005020000030080001007615000800207006010500040700000030000004800000300400090000503
720000805060000270053000100090070000006100057000004630100400090000039010030001020
008600750002000001960010000090078600804000103000000040030740009000003006000080000
007025900005009000009000003000634005080050700000800240030000600200000008500107000
050600070030007000080502001840000600000095210000706000360000000000100000000009820
850002006002040501000700038009400000003000000600350004060000000008070005020000813
700000000030004000006903010003050001070000904060009000000080200024506003080407000
700000003003906007056030084000029076000800005800005000005000932230001000004000000
003000600040020700050300002200005000000000048015040060072400803608050000000000000
000730050800005070050000840009070005000080900000006002080200000095100020067000400
063010800700000300500200090008050600020000000490100000000003280009570000000400070
700036050002070000040000000100308209020009504009000000080000001001902000000010060
008000000030050001001906085002000030670520090000070000000002003400000160090800000
005600080030100400000000609007006008080023050000000300008900006020000000000080010
298000006000010000036000000060700002507000000009500007000020000000031960004060050
081000006095008020000000308463000800000000600000920000000734100700005400000010000
006200070000000000204030009900026100000005042001009006008000023000010800300000705
070600200000705000206003000000059870050800100108007090003000619000000003800090000
012080009000500000009000642063000000000000200000030080390205000021800000807004100
000060000000000504006900080005000000001040700690500128000013009730609002100020000
008900000900610070006005904000001000700000508000039006014000002300000060600040005
000507080008009000040000007305200000010300042800006509000000000060020054001000690
000000710000170000008060000700050002401630000000000090207900000000004860804506003
710000090400000306000406020080060700503200008000700200100340000020010030047600000
406000009583000000090800000000090020847000060600070000070300086000700500000020470
000600092006045030000802100000764000000000000921000040300000080804000003090000200
070000560100000200000005003000000040000302008009800327910000000000070004002060000
000042000700000010000050800000401030108500700003000000007600109080070006500009002
000000000000710000050009610103048006090020000045030100074001009060000500002800074
030020000700401000005000068900530000070060023003700500000007106004000090000010000
400090005051006040020800000002607000000000070700903000008050200005000061000008090
870054300230000600000000000063502001020390050000000000000200000006000830740006000
007000403000000000835670000050930080000000100060040700010000092080326000000800000
020010006070000010000000308100000000003008092005009040200004070500007280040000000
092007001000010000000203700308006004060000070400700600005090200000600000600084090
620001000090080002408000070005064000300000908900000000060010490000000000200000351
003006820000840060000001500500000100000507900030408070750004009080000400200030000
800000010003001020002000480000009000000000751017005000206543000000860004000012006
070900000800000009600423000030000072540300000060050000020060010004000730090000000
000070000020500000806400030050040009049000000700300002000106020300200400000000600
090008000000600204050000860000040300004000071000096000605030100001000000300025400
000000105200090000000806030600004000080050002000210000900300000061000007800002504
073600000800105070000000050458030200620400300000210005000003600200000019000000000
010070043020060090074200006356000008000000400000002000200930000000010000005004310
500073040000000000060240000070000009043008061000000000004001030009086005002090600
021069008000070000409003050003210000002080630000006804080000000006000300000002000
604000050730000104000700000005040000800170005040200080000400390029000008006309010
000800309910400008000200400700000040005000001091008057103050000007000200600000000
096402000000009061000050080002080100760000200900003000080500004000000800005120000
000000000004007809000601002900083100087400000000000050040360000100700006038000075
000906020030080000020000070500001008000000006017500090700042001300000082004003000
050402060000000300000007400060000500420008000000600008903000604806201003000000010
003080710700005000000000006002030500035024600000000009200600800008012000060058030
020080140000065000700000000000800003089050002005046000070001809000000000006000005
210507000400010005000000002008060309002000060070090040000000900000085030090006201
082005000100004093050900020000000000000190007379000200000008000200450000008070610
602000570708090000000000100007065000300000600500038400000000703000009050060100002
200004860000002010706001000030600000002000347107000008000010020600290005000006000
000000040503107900001045000070080000004506800005020000108004500000030060600000000
902008010000940000080000000004006000000374600000100090607009000000700000020830001
000400020670001300020000000000006018307000000050020000064079100000000600002103080
600980270040500000008200000000000000000010302170000045903050000000302004050090700
902000000008100004600390052100800600050000000003000000000245900300001020091006000
800003000510008603000004200400000000006000070001000546000307950200009008000100000
100009026087050000000000700090070030003004009500300100905160070000000000740080010
804091020006500000100000008009000000000637090030400600010340960000000000000010235
000040000009023014007100039070090625000050100001070090900008040086002000000000000
080900026029000540001003080072000000003000000000000360700810600000050014050300007
058040000009002040030000097001000086060090100000000000900005003000187500015000760
007008000020000003000600820800003000013802600704009000000007568000150400000000000
205100000000400080008003290100050900002000000070000008000200000086970020400008030
000000903309000670210009000000010060483002500000008000020500000005180020700003800
000080750040010000570409200400030860000890030300000000009000006700900042000001500
960000700001000020040580000000000500000050610070209000000005060008130000090700080
006000059007000400800900160060031005000400000000000010003002986075090000000000020
000001000078400030900300208501007000000608002007000600093004506000000129006000000
001402007000000490000000003020000006000050980030600104000060038006009700004000000
021050000680000000530094000900001036300000000050400100000300008000008043000026070
700000002050800030103000006900030000000100060062040007000005080670000209008400600
086000450000200000007080060900000800065000000000090021800000002020000500000007009
000000680000700439000010000080090000000060740360050000804100070000940028000000100
001070408003200050000061000938000002400000007072100900009000003800000040000500200
000070509200003600000052000007000000008040090000700801009024050402300000835000000
003800000700010009050700800960000200000095000508000000007600001630007020040000036
802000000000000364004090010400000602000000035925000400000030007000570180100602000
002000509800060000010000040000004000008000095000308700040005007190700036000009004
007000600031007004040000170000310096800000020000000000005400000600208300000603240
900046030500080000600000140007000300008157900000000000300000700000590004005000020
000000040048210000250300090000037004006400000300080006017000003800020000500070000
000710005000036000000090014050200008800000000001000960009000037015300800020100000
100000700080005600630012000003000000905206000000080900000001074401500000300074008
000200030010000000640037508000600000090000003154000000700800200300050010000000050
050900000000000300100502009000326000000040502000000064040700900300000106680090070
000600150900010000020000008000070000074000029500460000060890530750003900300000000
009000201080000900470000060020540000000100000830720094300001080600000403000000007
000000007003740059010300400900100076080005090007420000000000000020004080805000600
450920008030000006062004100500040030019003080300000900000091000097000600000000820
000000080537600000800032900603000002070300000000006049000003600189000007000700000
100020000400500006002090370500800000003000000060039050000106002010000600070003000
000027000090000180002060000204005700068700090000000030080000473000800000000074050
000000080009000500800601200070003000140000006290000170400050910000018000080070004
510000000000000000082700309600009007005360002008201900300500000000900600050008000
000012500080400200000000190700038000002600008000007006007000050154000000820000400
000000000072004060000830020307090050000002700000005010500700403000003000090460000
400076008000015000000200000008000056200900000100004020050007030040000005001000890
030090010000400090090370000306500049400000002079000800001807000050000301000000200
100009000000507006003010000030600000080100500020005107860000000005900000000000209
900172000000060001000400500003000000700000004045001602007300000000006800009700030
000100000241008700078040200407000100060050000030004006000000800000700020010006490
000000500000470086904000000000000020000760010069003004002300000307005000150080090
000821005070309280200050009082060010000007004060000900000010000000000030053400120
000900500600500028340000000007080000000000006900030200069050007070406002030001000
807001000200075900000009006000068007300000004650040080000000000410080090005090002
206035000000208600003007000300000067000000905000950030000010000090000210047620000
500008030309050000002700000000570004000600000905013067090000020006000000784200003
051000806200600005700040020000000300870000400000370100102960000060080000900501000
016300008000024000900170000000900300008005021090630000005080000000000200300400006
082000500000700830030500007400000000000300640000650000000070060000009300019020008
000480576000030000000000042980076000030000000006200094070390000028000100060800000
600000702009340800008009500050804600000020000003600000000000070406900030000000005
000210060000000000074000000008006430701300000000009250905000020200760100400000600
000000050800000900006007041405000700000001080020540000750009000900800007001070600
040000900600000073002890004000070000001300700000021056000037000084000020100405000
230080000607400090010000032000053000040800070000100003400000000800590700092000000
000800057008026010000000090104600000006073000050010020803007000000000000071009002
000010000052000000008650200070000001000006900900000854009000000010269700034500000
030402000100009000048000000210003540000000900094000208001900000370050400006300780
000000500600940008000306002010004705908700004420000030000060050870100000000000000
060700005400000096002000000600090187000800000100060000203600700000078050000410000
000200010950003002006800070000700406003000005509000020607180900800340000000000000
200000300000700268600000005740000500120000006005030040000000900007104800050090020
400300001209050003000000027070060000800200000000040080000090000905000064020076100
800600000020084000000000060000000693200006000004100570000502900030090080600000004
070541000000009016000000000000900000400078023508300004080605700000000800905000040
007406000000050001800000006002943000090080250600000000500007080010030700900000000
004000007000000021002900006403000000000840050080001000090500000000260800807100900
001000803006500020000004010000003060608000300000000001005280006300040009000037400
000000070270000000000091450020000008708400000000600000801340000000860540600020300
070000000500064200030009060000000620810040900400007010080403000000270005100000000
030070001800160040004000708200008007009200100005000000000029000400310000000700350
300900074000540000007020010006000340050000009000069025000000200031002007068050000
030050090010007050600000007000080500004000003003020801209000010070365080000090000
020000406000060030400200900008001090000500200010000000700003150000000080300405700
910000070002000000078090002000000005095046030807009006206050007000000260000007004
000004007000009000000730010008300060002800000904000200800000003000000806105070900
000000291290008000030000000800040000000700340001005000004000003305010004000002580
040000300090300000070106005400000021001000000000050000008000000300405970000093080
200090007071000000300408200090180000020000601060050000000000003410009070000007080
005007000400305000010000070200060837030540001000000000060000093300001080029008000
000400002000500000006009000090008300010700804400020000030000286009001070002050030
000000002460030000789000160000000000000050020300280690640900000000100005900304000
002004300005000000400007002204000000010030905070000800000590060100700400000100008
000008050000204006003600070086490000070000683500007000159000800000006000007000400
000002508000400100041005700050203000100006004300007000002090050800761000060000007
000326400000004030000050006050100009000400000000030200103000090090060002007000051
000030100035407000000005009060200800700006400003050070200700080010040600000000002
060274001000000000000068002504000930000040000210000000009005020603402007007010300
000600000001090654800000001508001000030000200040350000009027008070000000000000370
000500002100004060948100005427050000090000080010700000000407029674000000000000006
230100000000290043080000070070030698000000000000004100000608007300020000500040000
100700200009002004500349000000103040000000005200650780801000000000530000000000568
000050000406900080900020050000200000000000809207680001000001000071000430600005000
103400000046000002000000003000720005000000801800500090000003087005100400028000000
000470020002300018068000000300600000040032000500001900790040102000050000030000000
000080000004300609900000340570008000082010030003000000000900000800100400020060107
400000000780040300300106050801002009040000020070080000000800030000400590100020000
400006000050000087060008905000150020090000000300200700020000006008300070000040000
020004000001700003006000401003120607000005004050900000930000006100000020000809000
010000080006004070750000000000600049005009000000830002200000430034570010000300008
300600008001080000060301005508000040100050700000460000000200000705000600013000057
049020005005000060210000000000490002008003040500060000000000100700900300030105000
007080000000030005896700400004000008000300020300200051009000000625901000100000000
407000009050000070000600030000470000021000403080300006270090000003040080006002000
560701000030080000000900700000050200001040560000006300000003050200000040700000908
000040000050007300008003700180000005900000002000905160760000500003000980020070004
930050680000000000002000005500020300700095000600403200280040160007000000000019740
400060000016900700005040900359000000100800000000073504607000080500000060081000000
000830904300000001901700000050400008040960300070008006000200000090000870000000402
000040502700230410060000000006400009240701060900000000501004090600000700000800000
000000060000080370025000000050600023007004000004300010003060005061905000000400600
004001809000300600051000000280016007000070508000000300800004103070000005106000000
000940000000000090001200508064002001200010006000060300400800002000006070830000004
080900000400020030300000000530001090000060003090080160000600000600205070005100200
000004073006530080502000000700005310000000040008097000000000090000071000000300806
090687004030000000000200080040005000506070900000300008003000600007060001020000039
030025000000010000945800100300000050000100802100309000000000600700200080600500010
000027608009000007040000050000003010560001000003000806084090300000306001000040005
000000253009100000200000080500076010060000900078040600100069000600800000000207040
000005900740002603600010400000230100000000000104006802000070360500000000070150000
600009040030001002000008900000600730080000010501000000000030080070000000209040070
004000201000003000020409050000000005000807300000200040000050010650900008039001070
020805090900600470060000100000000007000900500000074000300008005015009020002060049
456200000000800600700000030001080000070000009000900105060007900025030080000000010
084300010000000000301800000079000000000040000400053200060009020000780400508010000
000700056061509007000002109000006500300025000200010000750080000000000600000050730
500300000060700000000000320051000000070120000200004600800500041004000006030006009
304000000000000080060000005500400030800029000049005006001030560000290003030001072
307050001050000600800000900000000700002947000008205000200004000001000009039800002
009430000000000000207900840070000080002100006460050920090080500000000017003540000
000035000400807000090010000000000000000020150780000609007000901039000406000040800
030061000070008900410000005300006001000300280007002000000070400005000100008000090
040005000200900800008047000900500000310090005080063029001000000000000504027004080
040080200080000000390650000000000520960000008005930070000002600700001030000000900
000547000200000000000000300700000100301000709059002400040900210007050960100060000
000004006205070000090000000020000300019050000800400090000600100700501080060920004
430000000500096200000007000007000100000089002621003000100000680000000900000520000
400720900006000000300900080705000000000000006000005019030000000080001090650008701
000007410000408000860021000059080001100300000600000304900700260000000000020000500
009006000041090000300000400000800000070020060900700008700000000500103009094580300
040079006009040050806000000620500300000000000000910600000002000050000100100400263
000049050300000024900000063003700080040002000070010000000060100001008630000057000
043901020007340000080000010000000295070000006009430000000004008000700000800102000
006000009008500020050402060000001000700050000100300007000018200960000070000004600
000000000006070504000300700000000007002000850030260900301800000060900070800004360
700000000085000004109870200050600000000001060090084005000010000800000400020040830
051200000970500003000007020630900500007000004000703002008009000100300009000000100
006000019080001200020800600041205000009108006000000000300000000064030720000000008
000000175000090600800100000000017060906040000000000408000200007005706000047030000
