Seed: 1640218072
Cooling schedule used: t = 1.440000, alpha = 0.999900, cMax = 500000
000060050590004000000000002004050700020000000036000820000902140000400030010305090
000500017700260000003100000300006004001400600070010093020005006000300005500040000
700005930002090008008000000600000014070240000000000025080070000240003000005904003
080014005020800000005700908600040000003000179900002000000030506000020000500000700
810000500006300017070000000090608000700000000000092703000040000258030000400700009
000009003000260800104087000306000000020500017000000000072000009600005100000090280
004010002000000003513000070006000409000081000000200000020000006300020000100064090
040701000020065040001090030100000400000007900098000007000000020900400870650009000
001000000300680007400200060820000400090008030030400105716000000000016020000570000
020300007700201900093000040000500000100000050340107000030000000502060300600800100
100402000069080140000000000000000910000604030750000060002060003603100890000009000
010050060080001000030400090250006300004005020001300006620000001000090007000040000
400000000000900302130006090500090010900407000708002000000000204000023800000100070
900300060630800700000000010009020000006000000700090500500700804400006001800010050
900000006040820010000004005003690000190000000064000000001060240000035000000010080
000900050000032400086005000300050090000000170705014806002000000003000010840300000
508400900060800070004009501100000000090200400000796000000100000780052003001080002
000090000008204030071000020080500000009000350000001006000020000017850004050703000
000704000803026000060010204000480500010300000500070000000008000000090120000100760
003000900700008600500904000000800020146030000080400501000015000001000072000000050
806093000000700200053000090370084006041000900000020000005000002000010000000400701
005000060000000031002609700000207450000000070280000100304000000010003000900010024
000000730104039008006000104000800406000005207000000000670000005300007000050203001
000600400086020500040000070100000050500002067000004008092003000301509000000080000
700400030306900005800200000000031080000020100002700000040000000009000470000380059
800000903004000001050002400708000000001004500300270080000600000010003005203100090
800000000000094720901000006000052000000109000003000109136000002000701300200000800
018000200005010007000070600080065000600481070000000300090006030000050019050007000
000703500504060070900000040708004000350000007600509300000008010000150280800000000
090000004002307010800600090000003700015200000000080000681000370000000000000020800
700009004010006000860000003305100000006000900100800000530040002000305160000002000
700090000004003600010500000068020300570000000000000004030800027000010860801207000
140200050000730200200800000800007000630008120050000904000900300008603090070000012
020070000070500004300006000700015900002000080000704016080000000004100000001609200
000007000014050000020300005000000070800065020000902460000000092900700030081000600
000006003703280040000040000002000801000500320019700000000009054000805900000000030
026005010001000007074030000060000080000260000000040003205070960000000500017009004
010390000000000408000000002006800000000009830000040006800007523030460001700002000
000600107040070000002800000006700000800430000090050000600000070005010064000002891
004002000900080607070090000000006400708000090020140000002000064000060080030200005
260000000000800907005020004500030000076004800900200006704000000020000008000009030
000590002205000900001004007600012430000300090000060000500029008000000700140700000
060300000020001500500900001308004000000800040000070050802506000070003002000100090
050067009000000008060340007000030000906000001000675000200700003000000900607009400
000000003020080000007003065900005000200000300001800970050000007003014002160020090
900000000020085003050600008000809006000200010005000040001706000003000007400310000
050000907000000003903007014060004000005010000070050026009102600000300000280000300
005090002000006000809000405053007000000000010002050008000080321200070080010400000
004000859008400006930000000167080000000050004000003700500900007300071020000000008
000530008001070930000000050034000001509043000200000000080050000700004060040010802
000853290006000003000007010000600002000020040903400008080309065001000800030000000
700806100600002048000030000000000700000103609506000000004000001000400357800500000
080000020600020009003400050360000000000702001010030070000340500000090600025001090
610000040000000702000000030300100007000009060000352000002830090908405200056201003
000005000031004506500800400000012680098000020007000000904000300010030004000200000
200001600004800005700900000000006070007500000060300504031000000000403010520000009
000002000090001580040080900067000008020000010000060000506070030402003001000005000
000000401000009000030401800180390060000007900000000000043600008000000140007020503
500000006086040020031602000004007200700000050000080000070800500003900180000300040
570000000001000070400309000000007000025000903900000005000015004300420090000706020
000607000009080000603000004000090000070200100200401050006000700000000608340020001
000008300980000610000350820000720000200000090601004000052600000004002100300080006
002000700571300002030024000000000000305000009200068071000600007003049000004003006
800900000006001023400050000300096008002000074005002000200004007070000600000060030
170020003005700020000000080043000050007603000001050000400060090020001047009000001
000030091000000700007008040001009000020000050405002060069050307000120500000090000
004000000201007008093000060000006900002031000000090001100020403000760000000300280
000004650002000000400005002014000000000000390063258000000900060070000203100030400
500300600000008002348001000006002100070050006400000020024080007000000060800600900
600000000703090002009250700004125300052409060000000000000000809000000004097000036
080009000000800005000006007200000043095000060030000700709400500810300600020080900
070002000061050900000108300080004000000300007000029536090000012050000000700000400
069001000000000000400007918048502000007000200090708000000000000603800704070000829
004000030000750090008000705003000010020000000860001500700060840000500603000170000
000090584020005700007000000300200400080000059050106000040000060000030002000000340
004000000030002091098000000800000000009070030000040820210000056400160700000000000
830010000004508000000970001000000086000006102210000904000000000300800207009160000
000400007200600000050971068009700500000004009000090014520000080670008000000000602
000000006000402003005073000700048002000690400050200000800004609090000180301000040
000080452000001000003200800907000006008007001400010000002000080600905000090000020
000000000040007500805400260020073150380500000000601040000000000970002000004000610
000900006100500000250004003007010300020000000000007800070650004030080107000000009
700050000200001400430009870000005090070000010060070302000190000000008000003200009
234700000000000000700056200020000800900020050015097000080300005000001040041000080
005060300900100000781020060020000000063040800008050042000000080000000000002900701
000001958000270003000900004500800600006030000102500090050000000007000041000003000
010070002040005060003200800500001080000000900000860003901030000087000100000000320
000348006000100030000000100091000400400000502000000079560020007108509020040000600
009000000580000001000091050017008300000006027020050600000007000070600090840000003
501070009904200010060008000005000000090005400000000600007010002042000150000000076
000805006600000000001900547000000010108060250900001600000000000375209000200040700
470800120000030087900000004000620000750040060096005000020070000080301200100090000
709040600040009000001286000000000000306010800100000502070000040004007005000002030
002080005907005010000030800000401080026008000009000507200003000005004003001000020
850000004003040006006000000000203807000094000000800045024900500030000210090010000
007104520000900000084000100000000000600030014015090030960700800700610002002000000
000920007000003900100400060920107080810000050400000200000604000000008495708000000
200300000800090000050704080004830000000009700000000010000060824000502006007000005
650000000201003007000005300080901030500000900009300000300000076000060200000009014
000007090420000580000080007006200010800001900004900706000095000700400000090000052
000800000007000480400000601904020000620910000008000790010500030803090210000000000
020060070000503000000000402049700000008004000000090100200100000704005023090007050
970400600000005000020009050607000920100070000050000800000004006200000003086002005
350008100120500809000000050000000001009000200081005900060780500000200000030000074
000100000004003009601500030000000200080000005900036400079001500250700000000008004
100000020040000000902003800700310000086000030009020008000089300000154000000000460
406028000000000400000300089000000800005006001740030000970800020000900000010000304
700000000006030800230071400000080302020000000000109000010963004900800000052000000
100000000690500008000032000000001200002905000370000069900000000000800004017200300
590001007002804030000200000003600701700400000000032000071000080420000500005000003
000030070003051000007086002000007060040000907000090003030500000609010008500069400
700085020300009000001200600000007000000000810030090706500003900000020003090600002
300800000057309400020045060960003000040000300000000890080450000000060500002007000
300800050090040060708096030080300000000201605000000200900400070050000000102000000
100400000900003070070005240000936010000000080003020007709010008060002009050000000
050070800000000040190040000240096500000400680008000200000900005060000908004030010
000001300006042000801000006000400008500010203340000000283000000900700050000800002
700003002000086000400001600007900000005000007600040130000810200500000406003000000
400500002060709080000008300004000009001057040680000000003085090040000003000230005
102000900003000007000050000800029000006000000509600002010093500600072009080010004
030200000700001040000000065006090001210700000005000003004005006080000000000167000
002090006000070000890100040000500000200080100005947030000400060030600810400010000
602040005000027030000500020208006070570400093000000000004010000030800010000000300
000000008000006100000040250050900001001008600720000000090002760400005300200007040
010030802402000000000060050070000930050000000000009706800510000000040609004900003
290000007300000015005006980000041000050820000600005000060100000001060400000307009
580000700000050000000070020050004060060000001700081030000010006020900350007400900
000007040902830100800000000007008960000340000100000005090000002200100086068000000
700000005300080090050900008000703000068540000000000001000600700503002800000008039
040012000000000000702000009090400000800006003410007900601000240000500000020000050
000002010008000006070041300207000009600000780045308000002000900000103000060009070
007003000240800000600200500050000708001004009080097050000400003008100000006000800
004700001000038096500000200060007000100000080407090600000180000609004000000006030
350000100200410007000200040009520000000900700000000810000008004031040000070000500
004000008500000007072500006009008002000300400007010059000200090001070000030040200
000060000100000267000402000590006400000200150008040320040001000060094000700050900
080010000000680900129007000802900006000000020600008000900100004003540000000000205
000000248203000000000100003000500096800701000016002070000080700700900000002407030
006300500070009200000040090023001006400000009000000003900010085532800000008007000
206000917000004000108000004000000802005306000000005090900002030400010009000000060
000010040094000010000500000020000603000200000500070204100300007230050080050006409
000000008000763045000002300001470050000809060003010070090600000245000000030500400
000297004000004030090503100004700000000900625900000000035080000600000040700002080
000530060005000009600004700009700402206000000047000900500006008000001030001400200
950000000802007006000000500000000200500040009040806100201000008000050473000008000
000000050010600002490000106000009000200003710030270000300000240050908000900304005
000400205090800410013005800100000500000060000340009020000700060000048000032000900
040805007060000820003000010000200190007090240020650000000000000610004000904000080
000073001000200340000010850005000089000080000690100000103008070040000000950600030
008350001901020060000900000030400090090000640064000007000090020700500000000007086
000000004100085000200031706000000087008003002010860000003000200490002000000704003
100073000002000100080004000000900058020000000703060000071030590000000000900800001
000003050000600008010050000001020490300010070824000010090070000000032700082000004
000109080806570100000040000003001008100800034200000000060750001300000590050000000
001000070082090500000102000400009307000010000760800050300065020000000000004080000
000008300700000150025600008000000000000040000916000200037082500000000070600004910
000000076010000000800309000704020000000000800200561000005000480090010027000904000
300000020000860003400000800000020580900300047000700000040107030060000075005009000
016000800097000036004090000040170080750060000000000050000029400000080000280000190
000009010502604000000050000010008005070000304000000260007001009001290000000000076
600010009000305070040009000700000002903700050000600080000030200070000100200170600
000020080002400560007109002000204030006080700030700000000500009450090000060000008
016005000009003000305090010003020700070060080000500104000000005600730002000009000
000000000050200006108600004002000100000002605097000080060000940704050200800730000
000610008000290003002007060700000005030020090900000010005100430006500000803004000
000000450600000097100009030000000200409000000052600010080701040900003005017000000
000000600003500489070000020000010350100084000000000040680050000039000005010762000
070004060000000000100900000000200004683000700090073006004105002009002030700040000
100006000004791000005200090000000024000000010947060000028004000000300006050000870
600400010000000896380000500091000005000000960000003001007040008903600007400205100
006080000400000130800040900000006000057000004920070001000400000001002007082600003
008050200020940007931007005009000003000070000200000090780200006006000430000010000
820619000096000000000000000050032800700560010000000000070150200900008640000006170
000007030000090407400000620000600710000080000045700300000001000017009000830000004
000000000006720005307000014602800070091040000000001520400003800000050900070000000
000000829007504030100003000000051280040008091009000300000006000300480000090200608
006000050480700000530091070000005000607000400000100000300400016000080009050000043
500000000900006081070090000060010040010507030003800000000070003801002064000000000
090000000060013040200006070002000600400000350500400007000040060817059000003000000
040000500008009006000002049920604000050020000400030907000800030035000000000001400
007800000000200490000500237690000000000080063001020000300950020080000019040001000
490008050000306000060000230800740100506000073000000900000800000000671000700000080
005008703000002080700000060000500400120809000003010000000001005086070000040900007
890000276000800000000600004600300020900010005003004000000005400060423051050000802
000970028900400100078600400004002001603005000000090502149000000000800000000000705
702049000090000003000000006000000009000067104030900650000230000086090000054801000
539008000000060801000000300001300000700005210408007000000641000000000006000000708
020010500070000408608050000006080900050000040009001200500038000700100800003027000
400000060000400000000620750036012000002060001080009500300800000004000800000000293
000300000170060090080002000000020005005600300092000001010040706006000000900010008
400000020030400000592710040200001000601058000070000900720000059050020800000000000
000020301007400090090000600208700009010000000000690030000986000001003008000007000
580000001200830050070150200000000000009000700050904080010070500000090010043000007
810006040000004096000000000300070060061000700070080000000000572000045001280001600
000005020000000007001600000000000204000059703000360000709000048850100000004870190
040190000810060000000708060000400005500000270200000000020007500090600001000510003
000001085080900130200050000004080003008005006061000500002000600500700000006203000
000060012002400009700000000400000008905100040800002006040080057508900000000000600
000100042008000000000502070400890207000000000503600001705004910940000003310000000
705000020030000060400030000200980700001203050000400800004605000000000680070000190
100520096080010570000000000000100607000400950000002080000000309060007010501004000
000070401098000000000009800000010380004602000500800007000400050921005000005020000
200006001000950000000200307000000580380060000705300000000000005008020070109500408
300509040000000001800000620070600090000704002200103000560802000000000060100450200
700060001600073000080900005100502090000030012000000604830000040060050000001000080
045300000800907002000001005000705000000000069004000000708010050000000600010469003
000080090305040100000300070403000002000002000700603000000100400800000036002000500
005680000300900000004700010072000600090008000400000007060000805003004070000802003
200050006009000000000406030490000007080040600000003000300007800012380090000500010
000000000400005071300080500002000900000001800000000407760000090000708040509030000
000900507000430600000078000012600000908005000000000001600301000004000390500000006
012300607500000901030050000000000006060031890305000700007000408000910000000060000
000000000021038060608009107300082000000700010010000400080020600000040059905000020
090000005200070000000000730040100000030000200006004013500496080000030020083020400
800000020000014800070080514000600005040100090000050070081000000003000200090008056
000075200000930400609008070050083000000000000800701050400000010070400000305000090
010008400009000300003002006000904000076000800000300270005000030000805000781600000
000921000007005200000000051030840000200030000009006800000000007052000600600080302
508000090000003008070201000030905000000400006280000004104000700700010030000000400
360100080090405000508000000002078003007040000600000002000200030040009700900060000
000006300601040728000890000050000000010039000043700100000607530000000060500100070
500200080800954300010006000000040002080090010001000000000003490095000070300000800
070030090004007560000000007200400001000301400500800030300700000005002000690000004
100007200020000009064000300800006090470010800000094007007000040008200000600045000
500010670000050002802070004000000000190005708040000050000300000289000010400000905
070200000020700009803000076030900007000000480400060010005800000002004800940503000
000803006006190000000700000302000080500008004490030000050060070000320100100000020
000200001204000608300604500030400070000150009080060400003010050000000700970020000
020400000000030007000000641060309200003007800702060000000800105070000000005010030
400080001000040605100000030000003040040005007095820000206000070000001008500070000
040050600020008400090600001000000000800960140000080700005106000004090070300000205
500000907080003100060409000009001000740902080050000000400000008000060275000000006
000050062000094000400002501060010007000906030008700000020000015084000000010300000
010900000020010000004002008000080019000020004003600070000000007100869050500000690
050000600000708000200060004000003926000004300001090008560200030000070000008509200
040100003000460100002030000600000008000008005008000609150270000003000001020004000
000900208470000900000000000003100604000030005050009013090400580504000000080320000
070050060060000009500000000003809400000010070000005026080200050400060830000140000
009000000000000392042006008300060100007120000000009000700080900001290703000073080
030000008000406103710300020400800300200040050091030600800500000000102000000090000
000000030000700400001023000000000006005001908704208003090006000800000590000500010
800000000020000390170000600000000430003500000000019000005100020000020004001040008
030000000009000000000002709060841000200000104800700005301064050000070008040050000
000003006000000840000100000600700200025000001700054000006029500000040060003000019
500000000010570008030002709001023000007006100040900060000000005700380200003000006
030000028002005000004100000000039007100000096000600000080260009060001040000950800
307000400104008000000009080708100042000000000000945000000890705000006000600700020
500800000400001900000000013060080000910040700000000401100200000020300500700500004
000002007600300098502009060000000982810000000060097031400000070000040000080001000
500000000907000400000300610012060003000490020000007040005008000240000000070600000
003009000000030200009000540000500001802060007090080000000320409000001000080090000
094001007000009600005004903070000100000007002080000306300190080500000000700600000
610290000090050000000007500000700000900008072008000100000000005000600204187040960
470060000009010000000700002000800001090030005008107020040000030000089650306001000
043000000000730010000009000306007900100003200000590001250000070400010020000900030
000023407600000080000701000000005000520016008008000004260000090090600000000072010
609500000020070000000000406900210300060750904070006502800000700000000000000093100
000000402100000000200000007006235000000400050030006100002050640000043000057020008
003100000090700320000092000005001068000503400040000000000000006108000700500069040
804007030000500900067090200000009700052400100900708006000000005020000000000000013
007610080000740096500090000000900860000000120015000000004830000026000000030000072
000400000903005640000000108001000000009000024050637010700800050832000000000002000
006500000010004000000020070200750806600009200005002007900005100300081905100000040
040000080790060000050700000000500003000027408410039050000002510080004000001000000
003090000705004920000005084002000001006500040400107000000403007000800000000006059
054000200030000510002006900005002070046030080000060000080100030000200000010000400
004008305000700800800030240320010090060890000100000000002001700907000001000005003
000902040800040010037000000000038064700000090003000000040000001000820005602005000
000001890001000500007050000100000207043000010500800900000500100705130028000020000
070006030900000100002010780090182060035060200000000000000304000000000570006090040
307040000060000042000608001970084000000300000420010300005000060700800050200000908
067435000009000600030000040008004200000170003000900000800600004000300081000007000
080020070000709300030008201000090500050060030000240006005000802001500000300002600
237006000060000080100070000080000100000050030006007090003000000900580200640300001
003000020100000006000903400400000700000090050001802090008530900050007000002000010
020006001100009300030000600000140003000000047006005000950001830000500000000702106
007129050600000000400000080800004930006000000023008700500900800000005000000080007
001008009073000040000000805620007508030002000000500000000070000050280400004950600
090830000510000023000040000000010002000600700870000090601300009000000000408061000
120000000000000040300000608000650009200740001000001080089006000000090030006010204
050043000070010630100500000030000000005709080010300007000002840004870301000000000
304000000270008095010000400700903080000007000000001506003080000500000308020500009
004320000090405000003090070067800500020000701009000080400030000910000205000000600
427000000000000406000800000008017005002000001050090300074020063600009100090005000
000457006002030005000000400204800500005010070090002000006020000100900060000300000
630000080802400000041030005009020800000000000500840003000200950900000000013070000
000060000050300201020000073037000040005240000010005000080026000400009000000000710
013005900000036000860000100000000080008513000400000002000002009640070005000300071
000208950012000000000000000000030400027806000301000009500002030060049000004050007
000048000080206000401000900000860502000010000840050600506000007020900001004000009
300000058000009700506000904000316000004000070000090530200060080400003000069005000
000005000026890400000400030000200000080500040009070201800600000002000083347000050
000090176010800020000307000072000600000500300300124050207003001000000500004000000
640000000000800500000001620100000090004610000002000800401008700070309008980000000
009000000000201000108065020010000008002000400000007060790300010030004000680010503
006050000000900007370020040007060005900800030000200000041039600600000000003400800
509206000000000003010800070170000590000602030060000400000000050200005601040001000
100650008007001000080000709200190000076020000001005000000000000760000390020000806
050400000090010407020060000001040030000108000700003600900000000803500000000302701
600000000504010000090030600030000040800200916260500080000098000050000000901006700
000070000000390010006400002170000005050000290030000000408009120900600050000001700
005300000200050810060207000090000000000740009080900700000000430750030600100005000
010060000708005060000203090000000000009800000042007050100000800000150906000020003
000080056050000070000063000700000430400008020020030065009307080000000900007091000
000060000597001000040050000300009040080045960400000700075000100000370050002000000
000200000031069000070301050050008030013020500000050904108000000090000100000090460
090000000007000800064070009070850106008000000020409000000046030000080500000200714
000107000000600005050009004079005000004000000200090300103006000005080006097000180
006000000209034000000000010400050007000007300800060040390100260004000070000209400
000000400000140050500807010004300500608050000900060000089000006000201000010003080
006070000094203000500000008000007050000000000000680004700005106281060700000020090
006084300500700006007009000651000027700000940209000000000000500003100000000060001
680000004000100632000000000000830700000400100230000005006000000008907010100028090
002840000080000009005003000900000504300709600000025070000000000060200000009008750
000030609082060000000040080603470000000001000700000003800000710400000000096020500
400010300730000580000200000908020000070400600000300020000900800600730040054000010
090200008078500000000070000301004070000005902000000045604080000000302100000700000
700040100000000640086000700000000003600800900000015080100700400000000309920000010
001007095000000400000280000060009000980500100210000800400300006020604000000050920
000203000070096000100000003540000090009500042200000100000468500002000031000000084
080006000000008702005430000000000204000105800600020500010047000054000070803000000
050020000030040900900700400000092005006000080010000600004000000001960007000501004
000090081000400960000005040410000026002700000590000000000008009000079850009206000
405000090000900154000000003050004700000080300009071040072009506010020000000006010
000005004500130000030000006000000010000004809710008403407000020080900060006000005
108000590026000087400000000031060900040700602000430000000008209002000075000500000
000008009075000004000050020020010900003400000910020700084100000300000260000600000
008000004000008030300005906000619500014300000050000009040000000801003007000800090
000700680000080025020015000060000500087002000900050000000006003201090800008000004
005000000200410003069000000000000702040700008000009500100600050620040000090200100
000807015020000600000000007000980060300500040005006009000000090010040008506300000
000007000705000030800020190401006002000000010068000000009060800007010000100082040
043600007900307800000100030580040000012000300000000009000000400006070000000020150
000560700600008004004009800020040000000001300800002000000010005087005402039000000
100000063000000180500003002000030200420010900007000006006070000900008010000064057
098200000000906000000005080000107000400020000070360240500000300080003906010000020
010460000300070400000000870000900200903040080004800600700600900021000000000007065
010738504030005000005900006300000100090040007080000000000000820900060000000001700
010003040062090000580070000009100004000300010000000507403000008000000071000902000
000400000002700600000052010001528000509104020030006000000080071008000000340000200
000000036000491008005700910020300000504000070090045000000603100007000000080000003
000000000078100400003070150049050000000007200000362900051000000030000090060000587
050000730000000400006700800400000900000910008002054000100063000009000201600020000
000000028900406000008007040070500002600030000801000050000005004000260500500000093
000060000308050402061004009000020080006300700002096100600400000050000010004700000
530006000100040207000003000050400000040085000000200003000030002601000040800010060
020005046000009500080607000800006070000790003050010000010000400000000139009000027
030000620090465300000000005000000000802000069001007000000002083370100000000600050
082100007000003001090070060500000000146000090009864000000090002005306000000021000
000164000000800000500300090800040000024000070001000089008030067000026000070001520
100700050700320080000000026087015000020004000000000060003400500006001003090030002
003000240000020850024600070000000080000296000300000000079005403100700060035060090
000005001005620043700000000078500060000000305003000000090400052600078000020100700
070043080800000000040065000001004900090500300400070000000307000630010000000002070
000000000260185000700090400000450001000079000053000008010004006520000000300010500
000002800705000000063000510000400050000007003308500209000000000009000120504080730
600004007350700600010005040030070014000900000000086020500010070700049105000000080
000000000005000010620350000010000000007531002304200008500000006700096000030400900
801076500000000301006500002000090200500000007040000006350802004060000000002360000
200000001900340050040000000002000037000001804000537009350000096000608200000000000
000000508000300060900050700500740000180000006000010009000006000213800000000009010
000200090900000400050003207000000049307000000100000600000030008090064705006100900
000706009000400180000800304200003408310000000046000000060000000007000650902000073
000000000010000038380900000902007100001240000067000000400001700000700945000030002
000086007591000000000000000000630040900200801004050000060500094200000100405100008
002007000904080200670030000500002001010009530090750000000090820000003004000000000
000005000210034000007090001000400280000009010040000730905010048180000000030008005
000800600000130002900005001002000000701000905400000086030680500000007408000000010
040020000060301009000000000000000930000248000106900008038400000050000310004506020
420000560007100000060005000800000002009030700030900046100268009290000000000000005
000000061050003200020000080007900420300700050908000370000090000000302040200851000
000001940650000800800040000230400080009803000080020005006000502000030000900000600
900050002050000030000729050000040080600092000005000200703000009000108000280000006
000000000003000050090346200000204600000010090007000004310802700008000009000700420
904053060060080002100000000410200000000000509090004000000000600503400700040030000
004603000300700009010090000400109000000070008607400503086950000000000050030000070
000027000000000054602000000900000680100208300003006040850300060010000000009500030
370002000050004000080000007000070500100000400000001209500040003000309100009026004
200600000050800100000000020400050902001000500006009080008402003000010000070005001
060480000027000600000603000008000061100000400079000020000030009003076000040001050
029000300000005000038000001400100000000420700000070039060000020900006008050802100
029000010001800400500000200700008020000630000100490805207000001040050370000000000
409370000000000000003900007000060070005003001320840000068030450000050000700400080
020009000400030000000020510008704000700200000000000350007100000530007098090000100
000000009000004002070010050006509007000020015908000030601090504030000000085000000
753040000000050000000001607009100200380000000510700060020083000000000008100005040
800002000100050000090080203380000500400079000000510400000120000006000050020000106
000081000000000806005000401400003000020706030000200008000000700670900000089300604
001807000300000084502003000000090020000100005905070430079020100010009000000000300
000000010080240900370009402700020000095070000000000500050400000100003009904100003
000009000712000000000370005900047600008260407007000030000004200601000003000000860
008000700000805000204000910000060009900200006005000420040000000000100085006039000
800004069040003000000010802500100004000020090000600008009300005204908007000000000
050000009000405600602070041000006030009000860008009105080000000100034000020087300
010009020000010000300007400000750000074600830000034009050060008093100072008000000
580000000000430000070620800000261000000900010300000600090010000006000340100800092
006000005580000960940005001001009076000003008090100030000000000000072089724000000
000000030000685740020014000061000800070050000000700000000000073002800009000273108
000210080800007204006000700000705000002008000059040000005000000000000852700900603
000000400005000001019040007000601802602000900900052600000300048000710000230000000
500007008800000400906500000002000005600010300010950260103000000000000007080369000
093000006000540070000000090302004000050002000008070001000000500206408000000600120
000007000027900530600000900001000090480000000035070008000000201350029070000000060
008250103000008020000700000714000000000000090095300600200010000500639002003000005
100000005000600009000003610000009007805040000069030000008400000000008590400002703
800500042007030000090007100000060580000914000040002000000048030009000000005020060
510007020000020503026000000900500008050000000008060700060000130840002900002300000
046051000000046200000000300005820600060900000002000000200000009058090000690000074
020000507009008000070000006800001030000000040043070000002804000300000000100029060
200006010000013900060000400005001007004050080600000002800604000000008070003070009
000903000000000480080005097640000008109006003800000070010000030000360040000004002
734000060006000900000200000073006092200000000000800107600004000007000008050712000
830002000020900684000001000200000540910000700060000091000037406000000007000290050
000005170000090030025008009040000001100007040008000000800130020010020650900000300
000000097008060000205000001030000000009000208060700510000040080000328400000007006
000750009308006050050000010000020006800000070276001800007108060000040000500000004
006040010000200000070816000090000007000980002000001405780500060040000201060007000
007004000300000000000000709000200006082300000070090500840600090000800600603007102
060005000000900304830004020500040000070590000001000082013000090200000000709050030
600000004209070000000015800430000000000100000010940603000000001700050400000039025
900000000600070008005200009000001000034007020000380000006500493000000000020069570
000900000037540080820000000050000042000600700000092030000005009108000600000700300
000090000065000038008000000009004020040030000100080570030400060000002007082010090
007080500600000000910004000000005000091600800050030900000000002008071003300040070
000000000093080010050041270700090000002000109004806007000500001000000020009007080
200081000090000041008006500030810000000000000000067005300000000084900700001000904
060002004210050000000000068608000100001000050070900080050700600000240000000005700
000004000000300600006200003040003007000501009709000300410902000005000020090100080
500360008030000002000400000200030600008029070000700000000001060809004000702080500
302000706045600300060200000000010000000076005090400001450003000009000000107950200
050010000100300004090040065030905000040000002009000710010200030200000006000008200
007180420000007035000000000200000000000691040000020683023000050800705000069000000
800600000600790004000051000000000040302000790904030020000004908060000001000026000
000900640000150002400000000030000209000070300090003480800000070010090008020006000
000080700006007000090400000087000905060000000402076800009010608000094000078000050
000050000802010000060000048010000060070001800005700020024560000000000400030008190
700906000100000002002400003097000540500098000300060800000600017006000000000002050
000000009508000140030174008005060000040030000002907006000050080000000300600009002
100000067006305009000700200000003094000060000048000000300004070090500010050090800
010000000605000009000000203008005000001320000400010500000050090700208001030040026
000240030007003500003000098004800100000050070891000000000900000465000000009560001
000000908080001005009075600000034000200160000340000200000050000000600010070000406
170000000000004000400007810300000029907000100006005000000206000000500092050000604
000000039098000000000700060020900006080005400059370010000000082007001300300000000
200000009405000038300500700000000800000950103100002900003080000040009071021007000
000000301430700006800205000500600430000074000000500008005400000700001004080000070
080000032600009700050060009001450000200318000060000000000020004810000900000600200
700320009000000203008510000802900000060000005050004090070200000030470000000000600
000010004070000090008900200023000058001200030000051402000060007400000000090708005
130400000907000300000000006000000000005007400000509007400090050018030600000705010
000000080000060004000030050450003900800000007006501030008600013090000200001054000
000500047310060009000000000000806000704029080050007020600000100000000000200185004
010000000000209010073014200000006004500000000300800601850040009000000480920000003
000000001000400900600005470800106050009807000720000010100000004060050000008901002
046013000250006000010800400000000067000000002007080100600090020000200010905007300
604000000000004500000927001000050270720000600350000010000215000010030000500009003
000001400700450013018600090003000076070030951000000030095000000000000000060780002
000007000020040065080500002040800071708000090000000000006008020030005010010069000
000008000007006503000590080008000700000009640260000000070000000000685400003000190
000501463030200000000000000008000000900006004042089500304000007006304182010000000
000002036042060000007004000030000009006300070000090650000070060000080902693100000
100000900600008000028006000080000007009000340200980000903050600000403000000000020
601005300030000400500000006000000000000902060000080020013407000206050090009030000
200000000050310040060070000000903004570001023002007000000004050800060002004800600
080000900530004020004006500000019300600000000070008000000090005090300007800001006
009000003506000008020301005000070021000000000304500090800000000040700000000054876
000000068200004970700600050000038000000207001080000030003000000120400000540093006
003000120200970006608001700000205008000000000070080042030008000109003000000190000
600187000000000000000009408903500600000004015000200000080003170360000020000000040
000000400308005070000003000020000000805304026040080000790006004600000008004000017
000000150020910006000400000040800009530060082070005000100007000000640200002000005
008040000100060007000000890000000500900016004200000001030400205080020000610350000
000009300108000060470005002005072006001300800000060000809000037007000001000008900
300004000940002005008000020090000703000000000003960200060040100002007030700500600
800700039000000206030050000700012040050000003000000008400200000005609002070000690
090010040010870000000006009030000002908000000060300790804920006000060800000700000
000000800000006054500480030006007008079000001000032000251360900000900010003000000
060500000500000000090178005003807900900000001100620003000050600000000052200030409
086000000004900070230100000002007010008500004400080205007000400000004030300800000
000000004020970000003000180000004000090506830600320000000400015300002000000051900
000006020708000000040000700070000930006050072100004000000009401000260000050010000
000006902080000030302040010000001600006000081700090000900310004800005000000000029
005004003803070020000006080000837609400050000000009000009000700270000065000000902
097000004080000001306007050000920000200001000010000008000506007970000040000080300
307018090000302000600004000000200040750000100016800000001060400200000700000000050
009047000000029086000301000340000608700000000690008020500400000017000000200070065
500600103100502000040000760010000000800003002000010900000090650020030007007000000
000006230900040070000050000310200006062700500800000000020090300580300600600010900
501000030003702050800000107000070000000000800980034000002050000090040000040109600
001304000020000000860712300000000005010600900300800002700000090090006080502000000
007000506240000000000013800010080065500000030008002004820000000700100900000809000
003001400000000100005704020809006300000290800076500000040000010300000600000305090
300004020000100000507000031150008000068705000090000000000900800000600200621400500
000260000080057000000000024800000007030400201940030000200000005010003000074800002
000000908090010000560308000200000870009450001401700500073000000040000260800000000
060070000000000046900503102000000000278400000096007010000005000002090460019006050
700000043900170000000002000014506000006000100090000004350000080000050001000820039
050100000040306120000052000623000000700000340000000200000070090800600001314000070
408903000030000050002010700000060105000308607000000830080004001000005060000720000
000620030780000000026000450000900000300007040070850002008200000000005020040000300
008050020015200030000008000940000000020100004000004090063400200000730000002000071
002010000000400907070060400007000080050006000203080000090207104000000259000100000
900700005007000001203001070006000700001000528000058003600000049034000000000203000
000000410000080006021940005300500100200000060008090030602000000000050091000473000
900870060005000020800000007002506010000002009000030080053090040006050000700040002
000000600007105802035007004080600000300710000006084201700000016008000000093000000
057000301000708500160005000000080020002000008800204013700600000004007090000090640
065003002009000780070900510200100050000000008000050030500706000700000040090000601
400000800087500090000701000670000003300109200000000000500000000230918500000340609
004000009060000180900100005070209000100700020000030054050802000008004000002500000
405300000670005000800704100004003016007021000000800009300000094090000780000000500
007200003008090050400000060000008490000003000000654000700060240390000186000000000
900003800600009010503800000300200950070540100001000700100620000020090607000000000
006010020800005000000430010000000700000706103700003000005000000403800007200000089
400800750603002010000001000000000500090010034000700001000024007800000090104600000
200800004006000050800002076300080060007000020480000000060000900090400003140037000
900020000000700300003006200006050004000010807072000005060000001400005000000000950
089000000500900000020001080003010002000503000600008070000800600940000000051090300
000000000008003000003079684002000000340000900900000412000040700006205090100036000
000000023400015800095000000000020080000000130008403070802001000000097000010300002
800050040070100000603072008000000000004007206090000400029006000007000153030000000
000001300380700000067030200008000100000059080090000027000096400005000090600040010
400000801200000000000001060000000070008300106096400003007095000300010408900000000
000530007020000600500200000000069001080000000900002005709100000030000004006005108
280005060705003900000002010140000200008900004000070300807000000090600000030000008
200000005590807000000600000008020060300040007000100580000000908050004020904000000
004000090090000000802670000400000600008900034009002870903008040000004005005001902
000610000050400000003000800000076500300005020700840001004500000906030004020000030
008500600100004000020000300703000018000107000005006009090008500607002000080605020
000000806074029000000570000000001085957000060000300004000010040008004000600000307
000307004000001806700640020400000903600700080500000000003020040805000009000009100
900600200000104000010000000000047000000030058702000300000019080000200000050000147
080106000500230000060049002035000006607900000100000040000000094003000800400615000
002003600000070005961000003087030000030200970100400000006015007000700000003000040
048002000000009060010600087000080094003000002100000006231070000500000000000405001
039000050004000601500040090000004800307260500090007000000050000600400930050006200
800060000000000010030715009079604050000009030040000002500187300300900700000020001
000000026300700001170098000064007500000000300030024000200000008050000037009002000
000005209010000300040000010026000000009030160000074900003000007265000008000062000
706000002203000000009040070000610000000700300007080090030000050020001800000860103
090200046400701002010000000068030000200007010007100000000400000000900473600020000
000000050003080004100006000210400000000000048004030109000010300070590000001600570
000000009002060801000400675070013400059004007300008000000000900180030000000006000
400001080096200000500390000040067000000080000001900000100000032805000906030000500
900040010000008000500120080400080070000000002063070900009006007000401000050000026
904000000050610700800000000000900051001700800000400090008004600240080100700000000
000051000040800006070006290800017000005003000100080020706000002400300000000000108
000010000000007080400060570006000030700005004900600002005803600020090000030000900
080905002000000000405870000000300150037060000000000060004000000060007085073620000
600000000400027000013006000502003074000460000000700000300000500004050300709080010
900000800508301002030400600050000090320004500001005080000708300702000000090200000
020006800800720060003040000706000000340100000001000409050290030000000005000400020
700000000000010020030800400020050003400008000078300000107020009000400701060500000
000020030002100005100040080700610040300790000960008001240000300000300804030060007
006000820042350009090400000000030050200008006000010408007500000030000000000000037
006000002000920430003800001050009040040000000000180007000003080000000026601048300
580120000000030004000000270000090000100000600906000107600000000000058002020703008
000003060020084007090000000700006800002370045005200600000000008000010000067500023
000700000040000001020300007600001090000060002503900010090008050001000036000400000
000904720500070000000210000000000050600008170000006000009800503001000002042300000
070084900000000020000000106100000000300908000809103054004000502000069080508000010
000400206030000000900000050053008000478600000000030100500001009060000507000003000
206010000030000000800409000000300058000005401000800000600040080109060030000080079
000000750470500001000900080600000000000290000000070043006710009038000004090400100
000806250000000068003007000000084000700000010140000030500002700000090400800740000
005000000000901000060207015002610000053000060000095800006000000000000309037480500
000046009020100600003000100000491070096020000000600010000700042804030000500000000
005006000700491005104070000602000000000000806070009000030000687000002030007030900
206010000030000700004020010500000028600200040007085003000000090000340000000006254
000301900010000205000000800500730000000050000029000600006004002200005100400000078
000000080000400009007285004001007030000604000000300005608001040000800006970060008
100060905000780000500020000000500200000008007006000004902000010010000703700140060
080000010030060020052100008001000002600000000948200056000600000000300401305001700
800090004000000005051800000200000070009020000436000020900008100600002040048006700
001403200300000804020009000000305100090620503000000000089000002050096710000050000
100000074000002000000900208926800000003007050504003000000000010000050000008300605
300040000200900610000105207004000000560002700000009000003000080050000100040370500
000000100007300002500900068000002006090050070800400000000200004010007350006005000
000250000080090520050300000004000700900003000701000063009000280000500340010040006
008041000040000830003007090092003000000050000360000020400819060050000001000004000
070000000800700000056001079090020010000000004005060000060000050001208400700100003
900060400032000060000040350000000005067809000000000000370021000000095700509030040
070438060650700000080009070400070100000000080800600009500000600000000043000020508
036059020200000003100000098000000009000000600020070010000017084004000000063002000
080000000000000090004090506007030920000802071000000000023601007405000100000009240
309200007800007000000006350040000005200000010960030040000021000000070008700040001
010009200000070609008000045500300020000000006400700800845030000300680400906010000
078042000000001200004070090060000370000000050230708600006400000700083000300000020
061809000000000000800010000008004012000008000093250000009001030000045070002006051
008100006050400010000000000005070000089000000401238000000000008200504100060000309
600800000700900405090060000000080100000000500009703002030400080007500003000002700
800905700030000058000001904080000000000000000000214507960050100200000000050807060
001000000050000000040600030230090050005000700000040006760009310000280940080030000
300004000000090060000360050080043005000502000070000000500000098037006000002007400
008900040000500010002000908000000409065830000000100030000070000804000300009028100
900200476000304000080000090006709083030000002000000004002630001008000000500000200
005100040040060000912000600000402805008010009000000000007009000000005010800040020
005008001000000009000710040002050004049170003000000000060000000000905768000080300
000300009053010000600409087000000006002001070400008000005000023000000004800900065
009002000007000000000004508800020006360850000000900004600000009070080010000641002
030070086000003200010080500140008000065000000002500640000050020007031005000004030
050400200700005003006003000900000620000900000170080000200010370000300059000006800
070209006280001070300000000703100050900060100000000094000014000004000000000072049
020070001000056907090000000400005100200084090000200003000710380080500010004000000
076801000001006000000700000900000015700060000040000800200007004003280009000040080
000000000009000007040027965070000400003000000000083096005090010064010508001400000
000000061500460900000000700010900070800030400000002010000006000009058300200090540
400600000080002193000030400900040610003500000000010038561000002009000060020000900
000000003000036200000000040090001000600000308000900704008400070504702609100000002
100700400030000000940050080000900000000006000450300079090100700705040308006000090
040807000030900400000000867080000005000008100000300009900000070500764000001005000
480000007030400200000007306000200019900071800000080070000900000005030021800006000
700400001000700000008003000240000360000300009100040807400280900600090010000000500
070030800500002004000070300006000010100900000208010940019004600080051030600003000
009080000400100300000000060600900030140000000002000086050832000060057100000000020
000005000160000902000300061300000000000006270805009000031040500004000100000508300
040200010800000600000107005031000040600000020000069070000008000003070050000050360
000010030051000029000940000230500000048003500060470000006800004000000080904000210
001090002340000000800702004600000049020605070008000000000000001000503800004008050
023000000700401060004500200000200000000035001400000036000070000010600007080902000
600000907015080040000400002200700000570009800080005004030000009008004000002000100
602010900000006003003500004320040010000801400000002300900005087004000009007000000
000043000080906030200000000700600010940000005000190200095000040000370020000000806
000300001070290004040000020000120003000060000108009070300070040009000600000400308
020031080070520013000907000000009001000640500400000070390005000002000000000700806
000600000002000100000092070050000820680070001900001060000130002007040900009000080
009070546000000700010080200300200000900408000000000600037050009000710000000000405
072090008000040005001500600300004000050000080407000050690010003000006000000203006
300100540000000800000200000070000380000009020065010000016700030009060004007000008
090000406000500000206009700050000900003001000070600020042090300000087009067000008
020040500300090407000000030000200085890007010000000700000100000014000020700080006
000200000102040098009060004000037000076500000000004805800400500004000206000028000
000720300000000040000460500000000010050003200621000700860030000000507000207006001
506000180070000000000109004700300000100620940000008200900504800000003000600000000
000000000040810006007400230000034007506000000000700900208000005003209700000500008
602310090000200000005000700000000001000000980000709020020850010100002000407900030
042000000700900000000630140030040900004350000520078004060000058000000000000500070
100050406900020000050400001000003004000089130005060080300000040081000603090002000
070300000608000901000050000000960408700000009900200760309000502012000000060001000
003020107000000200700400003010003008970068400000050000000090500500000091801000004
200000000560090003007203006495000700001050200006300000004000100000500000030020007
000180002207005030900070008000200307000000000001048000409020706700000000032050000
000000000300000605006042000045000070000060901000800006502004007000000508080930100
000000800400000000700180005087300900501007600000008030000006007009500180003090000
500600010000009050000000307000540000000030090205090706130065000000100070900003000
010020047090760500000000020030049080100600000006500400005007000000810004000200830
005308001000000000600000700400100067800900000100700020006004005094015000000000602
000798040006100000700025000097000000360900000002000850010000005000070030000089060
700069000208470000000000010002840130090102080000000000400000000005000700809200503
004000090600010000003009020000030080007008104060071000200800300000006070010004002
000058720004000000307000500090061200800000000400002090000106008040000000000000945
040080000008403000006200400071000500500000207300950604003000000050000020100700009
400190007000500000081060300070000000000006070500710800003020006015000290004000500
406000010578400000020006000000070000000040201010320900790000000000080700080065030
000000000700100300090060500000050000007800001300000046900002170480390060000580000
900300000000075403004100000300400800780000050000009010400000002000803000000001060
070080051004002000900006702000800000800300960005060000000020800720500003000000090
010760009000005000068000005000974080900630000031000000000006001050009304000000290
510004090800000004000000007060931000000070000280000301003400500720500000000002000
506080070007600001000007030000010000061270000000500000000040009805900000490306800
009010080004590002560004000020000600003009800080006073000001000030040090006207000
000000006000475000170000000900300040000000030000200800006820073032040080580060100
600009000400080230020010000000000040000060700208003050070100000006000007100940020
290503000000201060006400000010037000400000009000000086980300000000000100000000072
080601900000074050000203000400002000000706040002000065060000084000300070710000502
006070005000000000000000940240063500300200000000800090605000301020605000007001800
000604000805009002010058004006000000020000960000840000000000001008700045300002000
495003000000809650800200000070600000500070000010900740760000100000000005000008009
000000306000000000006000970100008020400000600862000097740260000009400030000003005
020003016003008040000000300000300027000040800060000000700000068610900002008105000
000600029000700000200005403004000100980000260165000090000560000008001700070200000
049000005006012070001900400020040000010700006080030500007003100000000000000051009
260007501400900008000204000000090600000030000180006000050000109700000006008040072
000000000090030600000856093005100074000580000001067300000000209000004000007600050
800200009000000400300650000020000000009000156700009004050008002600000080001005060
900000010200830007008000390070003000100490000000010905004008270005001043700040000
009100000300000105001000760400605003000004000802000600003000000000009058000020090
000000500001020090078000340000005078000936400004000600090000007800000000040073050
009086400000903208000740000090600000040300005632000000823000000000001500001000802
003090002094058000000000080260004800049000000000036005400600070080000000001500200
000590000020008000400060750010020093600030010005000000080002000300409080006003200
050000000000036100700500830000000070004000003030800940300020064040000500500017002
000507009308400007200001000504009010020750000000000000000016300080000000940000006
007000005002000080003204070000400000400098300020030008000001800039080000600040001
000008600070030000000970840000800021045007060030000000007009085060000090003000000
008005000300600005002000091000000300000020000007163208006008507000500009100300000
007290008009000020600007004000680000700020300012030000000075000500800097000000060
000190070058300900700000000036000050000502800000007309100020600092000000540001000
001007080040500000600000040000300000094050000007000630200000005030900000005106907
000000060009100000001060375000800700000003006460000103000900200020000000700540030
005000708308000000006000150090070000500060080004010900800000090000006400017900020
000210400000000302004060190500400001000080003000900080040600000000005000019037000
500009000400070002000100050000000007008203600060800000010000004370020000600301908
001006070090400000800090000037080250000003000500001090000900020063000000000008304
010000007300040159000000080906000010000067004503000000480102000000030900000004001
000000000006700008009060040030000805000041000190002300000076503000520009200900000
000030020000000530260500740040000000076090800010000002800300000005078006001009000
000034080020006903480000000009040000740000600000027500000950032000000800000008460
010530000006040020000601400000306890000000300502008000000000075801000000000070040
020000900650007000000064000070000025000700103043001007000012008500006030900050000
000080006004500000030602000040805009000061085070000000000000001007903500503000020
009000802005040000031207000000050170007000000090000030000601020050400067003000090
090001007000040000500600024003500091000000005480060030037000100000002000650007000
010086002000200060000407005009000401040009000070060000000000700050020300480300006
400008000001500000700000081900700000008030040070086300500600017000000090000105064
000600000700020001400000953030000000000083010009710000007005800090000000080000742
005000000004700100300000029258407600600590000000200000046000030007003800100000004
400300970560000000000080003740000300000070680000200400800020004000038000031050890
040060091000900000200008030000300000080000200100704000705042800001000007900000006
009020700000905008003700150800070000000500000000800267000600800400100000016050090
075000020000020007003900050500000801080039005047006000000080930004000000890200000
000001000704000290100900000007003100000600907801000024930007500000029000008000000
000040092004005800000000060900600507000000020020407000006050008080010070700020001
097006050000000709000200380508040207009010000030720000000800000014000000000070928
900003000007840000003010076000160005000007080090000100000300060000000200120605304
900071600640200090000000007000023080400190006003080000000908004256000000000000000
200700054000500300083000002070010000009007000105300800052609000300000900000005027
000009800408010030000020600020500060003000507700900023100000000092400000070105000
800000005000900610050420080002063000400500000060010000370040200000000007100009064
020607040000050000600800000300040620060000000000020580070000830010002004094000100
059020000080000000300001008000000053000079000000600410090406000010050007000310020
000009007075000910800000200000702000000004890009600700310000054560300000000000000
200030810001902700000000500000000000900016000706000003050090200070063000020805090
000000240002000930008050000700098000000020000100605800090300000610000000047001020
403600128105090400020000000000060500012900007008201000800040009040000000007000080
008000217200300000105000900060090000700040060000801020000900800013008004000000000
060031700003007000040900000400000512501008000030000000000000300007420960050070040
240600008803200500000800000300070000070908000009000004002095030050000002600004070
905000060038000000000084005000350600020000900000000207760000040000701390000045000
370000000008490020000206000406000700000000290007003010100000000090604000000052800
000000074290000050006001300040000000028007000300008500400086003030200000007000001
006900000050000003390180007000070000800002000037000105900200060500840302000530000
061085007000000003000060010010006402400070060002500700700000029248000500030000000
980000000170506000306800490003600120000700300040308050000000000810000009000000540
060070000008040500705000002000000043800093207000000100000000000096002305050080904
000100000000070600705209480000002000601000090050016030006000000030700500198030004
000380040001007000300006000000050079010040005005000006076000090800005600004000810
030006870000002060008090000001000003009000000000030580010020000600004007480003150
009000200730080010000036005000003009010070003000000640008500002020000560100200000
000900020830040607000500004007000300000098000190030076009070000600800040200000005
000800530001347090000001000007000045940000000008010070200050007000090280400000300
000600020002080600060090814000748003040030000009000000000000000058014009001250000
031400000600031004004890000829000700400300000000000001050000903000005600000020080
000000080005080031009405000070800304004002000800000700300000007500201000900040012
013000004970003006840070000000206007000010028160000300000000000080000150390081000
000029004702016000000050100000000430006003090005000002100080200080700500609000000
700098000901270008003100002040609000000000800000705200570010000024900000100000730
070032456000008020090005080400000600309140000007000005002800000500001003900000000
004620000000905008200070900780000005000000020000001680100000009060000703090030000
050700008000000000087090045030000000001806000700402090140000900009600000008500001
501000000000200730000008401010400002000000340035000000000020100369500020000970000
000000000250001000010600307020050900530008004007403200080005060009000008000700000
700000390000000000100067000040030081601800050020006030900080000000003008002190000
300005070870020060002080000000007020000200180900050000000000001108600030000043800
004000000600080000003060042000000754007090000800010060005001008060000307001007020
000064005080000031002800000000070308601205000000040060008000000900600020400100900
005200904000000130800000000054800006000560000007300009060000008900008000703900010
000003010040000000020500006400092050003000007000000460000650020296070000050104000
200000005500000800000000610000060097004703500008290000310600900000002000005007006
300004000000132000002075060203000700100000080800000006000450008000007000071003500
080094600000070500900280000000006000009000105062000070020000003605100000030000400
010400020080001070002003510026070000300090006001008000000000000048002090070510000
060000001041008090000200050300060074000020000000510600007030000930005000600000089
000506000080009040204100009002005004490007000100000020000092080030000600000700030
600904000000030080008700400504000300000000045300600800019300000000509700030070010
000600070097300008000001009040000910030460080700009040400000200009708000050000000
000200019000000705001000200300800900010000058080019000804170000005000000027040500
000001000009300050010098003008700000500904720001200400430000500006000031000000007
809700050000450000260010900070090000000100602306500000900204010002000000100000300
040000800800900000050700920000000010400000703030204000000009000000050001100068300
000080007010002000204765000002090300900006400000300005009607000050040080000000791
000000003168000005350810000000900060200000000000020704010004800000730042000002000
080000000000402073000100009007900080010000020090060004005070030000096000208000600
060309008010050300005000040004080005000940030000000000001008027000200080007000094
085000200000000040290600001000002600006785004900004807030910000007000000000250700
702000001800102000090005000000009050000000804407200090600000013001870000000000620
000205904100800000500900130080001500000400002000006000001000400320000070000190005
000000000290503001060008203000070008000010049300002600000000090147600000002000700
000030500600000102000002860405307010008020009070000250500000300000900070017500000
010000000000003007850960000004000039020000600005020400901038000000600000040001050
020800000500000084409030000050000010000200300710000405000040000000901002300050100
025006007060000000100000002310607000007030000600420001009000080800700000000109004
000000060050000003093180500030010957000000000040050080009300200210504000000000001
000008040000001250000000009001030874080500120020004000400000008009070510307000000
080201000027050000000080400000000700000503006100000900670008500003045008000010020
050000102020060000004103006109300700000000820200004000506400000000000000000915304
030001090600900080000300050090006000801000060000084003510000800000000049040700500
870030002020000905901000000000368009000005000013000500000090000050780000008102400
609013000000407000500020090007000604030000000080000001000000003001034900005600100
000000000007806050510000003000005020002010490000060100705040300081900060000030000
080090703500003019000000000060010040800300000005847000001070400000002000000900521
007009000004003560500060001009010008000200600000400009010600900000000034030905000
070001039002800007000060002140000003050400070900006001000500080001008000030020000
000009200500710890006080000007030000080900000300500009270190003000000400034060002
046008005000002000501400003000040020000051080800070500700003000900020010000900050
050014009020000005801000000000000983030000000706040000000070020000600400940800010
100090000020080470400730600300007900700000000060050000900003002000100005007040030
460018050000500003080000010800020064170000000006800000000043506009600000030000009
000020870003070200020050000509400000000700010040030060600009302008000004200600000
038700490000000703060950100000000040006892300020040000000080000003000900001000065
000350800084900006000000009103000600000007004400800900000600200000480000006570030
000056089300000000100000200094080000000005060800012000000000021000269000950700000
008090007000000008010000590000007130350620000006000000000000200265070000079001400
009086000410000800006405000000100400000000003003809000092000017300050040500000900
300000008000004001000020006140000000708003000005906000000540070070092400090001005
000300002008090000003000046060000005000006730700501609500800000000052003300900001
000004300400309000000070290000900000102000700030000060005400006020803010901007030
049002000030000004200800530000509008000300740000020000008090300001000000064013000
005090007004006002000400065000060041090700000003000600030005900700030080800000500
000000040070030600045060007100070090000103000306020500003900000890000004000600050
003000002000050986000001003000002105006040000017300040090007500000010009074090000
029003070500000000010090030074000320000060000160000004000037000000004005000650410
800000000400000005000002178000403090000201006350007200000000460702060000000704003
060800002024609003000001000030085000700000000090370006000038504003006200400000000
080000094000030000106005000000389000000040006000670820061000002270000000040000970
009600700270051000000000003002040100000007930094060002006000000130006080400030010
050097000000502060010000070000603000730420000002000500005006302023009800009000006
004800050090007200020500000109000040002000067040006010000050093007104006000078000
040000000005006020080900001070039008900107004100000000000000032500300700000015000
160005000000306700002000009019060070000000000000200108047000301000000000900510802
007500400000060735002800000840020006000003000000000182005704600000300094900000000
002796840000084030000000002800012090030900520090000000000500000100040000406000058
001690078006000000800004009600005000400000902009020000000002000090000104200380600
200507000060900070870006400350000000006040230000700000010000002500002000003400700
003000000000000070600020013002034008090070032046000000000000009900005001005140800
073000000100007000000020800006090004200050980080000200007005040000900306001380000
067000000000082000004053620000204007000000403705000009100030000080000000906000500
090400007000000300007830040810350000003000768000004000050003000008160200930000010
003000000000007061840000309000000000080100002000730400206000908000056100018000007
138000000060030024200070000007002030000900100000010005000000007040000650003000409
030605070810000006000000302000160000940008000000009008000000000300010290089704105
002000001800025000070001000008000005005006017000800360007080000040900030900010050
004008002070010506000500090097040000060000200001300070000000300000035680000409000
030060000000000070040000630020005000701400050005009401060900000072004800804210000
038060090007008010004000300106039000000000680000000209000000070501703000000520000
910000006800002030030000900040500700000000060001080450100790008508300000000020300
000000706800705040020060000108000060000019000000370401000034000000500000064090300
070090000802007005000006240003100850140000090090080000000070030010030000009001008
304008000900000000800000640000310005000000003630900008000050200400030000206040081
600000150000304000000000087350900008060000000208006375000000034700200060040600009
000002000009380042010040080000000030780500000000720000190000700050036800200000090
001000700070050302002018000040600005000001000005070080000002003900000104010030600
002003000000000050300796004500980000003400098600000000400100000000007500008500047
080024000000600200003009040000180007000000000594002000030000070000008000700401605
020000070000089010040700300570100002000004060068000000700642905980000000000000100
000003500000210903000000000008020400503070200001490080000000614300650000720000000
005000008000700000000600054400317000050009000009060700180400002090106540000000300
000030000090000064506000800000059100000200000008040002005063020000900073007085000
000000000820005179003002000000009005230008000005000400050020038000090004006003050
090000200200010080000000000007002100008070003002509800300001700000830500549000000
300065470000000800091800060724003050500000600000000000900501000000000907000007085
000700004010060780090003001000000200008100005109026000056004008000002000084000600
000200000000000060000587000004960000100000009020000800000090500070040010086100790
000040500043090000600008079002000050060020000800004090020000300409000007001603000
003082006000000000080090003006030050007409020308007900062000000000070040000003672
030290000009000600005601000200008006000010007100009084300000000010736005000005020
034006000000000020065907400000805000501009078070000609000000000007060910000780200
000000080000009700000030004002080001059000003001027058005700000040000592020001000
000006008600009200002000040900034050070000002005002090730400900060090070000005000
900700500000020710810030002002000074000000803000003200350060000209540000000000000
400000060007042000300000007000728000006030040000050900030000600028005000000081230
000400890070006400006305002000007000030000500852000000103064000000800019090000000
000805000000020908207090000905700600032000087000030000500000090190600500000900406
000000007500908020003200000100000394040080000020006000700050001010000400000007060
037009020610007035000000000000000001900706000803090060058130000040000073000000000
900000000301807040000050003020000000700010600008723400090000000007000008000039056
700000200003007100060400000005300001100060000000000780000090020470000005009854030
705030000006000040300098760000304008807062000040009006009000000630070010000000300
608004000030020075000000000090000600002010500000700002009070320200900000001040080
008020050000000009704050000200100000605007800000064100000400603320000000000900280
005038009090000080073020000010090000032000900000200750460500070009300005000000000
000000090209600801074080000400002300700140200008000600000001002000000900000097040
001007060620000000800510070080000000904000001076003098400000710093000200000970000
680000200000000309009005080200080000000001600000000015500670004000302090060508000
002534060000000200001020009320000070700003100098000340040080030000200000000005008
000000095007000010003715000078003000000084000000070601005000000000200007306500900
000050100017002008005060094000005409020000050008000000001000630030800000209004080
300100800000023000004009000000030000609000005050000216001000009008010074000904050
300008100002000500400005027047000000800510090000002060000290380000000009070031000
791000800052190004000000000030000000000800200005304060004260003060000900000050000
950301400000700000600000503006905700308040000200800000000000004800002900000060027
201000000090007600040000900004000001002000036003809002000510008080072000060000000
000008012000090007050061000200000403000000000045700000007002000000080300034000100
600070084009600000000900700000092000020807010500000000030080041400001003280000050
040000800509060300130500400000072030005000000000830000020010050800004009070000000
000600010061000300907320000500000007004000200009207100070090640000000001850030000
060510030900000001000070860180000240000000003007050000000300090702400005000700304
000004070200000000900006001000007000610000005030019000070001409006058200000400003
604802000290400000000059000800005000000000070500000301000020010008537006023608000
000600010007048050003250000000907000090000806700030200964000530008000000500400000
008020600000008010260000043604037050000000009009600000000004007591000030020000000
100006000070009100009470350040300000000700280900000000001008092000000006500000700
300040000091500000502000008000180039900600050000900140020008000080091400400700000
008030000012000600360000000000091002050040000007500080000002050000470209090000100
060000420043006009000000008300200050002700900009050000080160042000002000000409006
010200004000690200050000030200000080001050062000000301005420000000009000400700908
059004006018000500000002000030100050000000140000095800084730600000000070060800010
000210050000037800002006400003050000000070528400060100000000200350800000700040080
000075000680000010009000320300000000000800461090710000500090000002300059040000706
083005100040609050000000003000060700230000006000000000000900005000800040900710638
006007008408001000000040000040500013000200009100000060380100070207050640000000000
000800006000000005074300010009620000300000050241000000050760000000104030000080600
000000500910000070000000906080002000071040002000070038024050080007609000009100000
000007800000060005000000030600000010003150000701008400020010007060004523045700600
000000000000030002051208000080500070706002000490000060000007408600900005017005000
002900400007015000000000060501003790030000000000000200400200030060780000000000854
000300017006405000010020000005000070000700024403000080080503002090000100000000040
009050002206004907000000000012000000000017405000080200420008060530100000000300000
100500700009038040480900000500040000302000068000000900006000010010200007200070000
000310078400080060010000000004001620000000309900430800006040900007000012000000030
017304000008010000000000490000000010709032005040075000600500709003000000000006030
025108007000400002000007000000800000087009005300015609604500001509000060000000000
000020108083000020000000004200006530005090000060001800031082000920300700000010000
000003006002560740500002000000850200000300807600000009208600030009020000007004000
510708000900010000080300002040000050007000000200070098005400900000001040020090016
508000000076000053094007000040000000300001082009650004000004100050010090007000006
000023006500080004003000501005809000100030000200000700000104000850000060607000003
009075100000000400000200050300804000000006070180000006700300000090000602030010009
000500809980700060000008000300100000000050070709300002600980010001000030004060000
000000000029000408080003020030007002070480005002050090090001000300090860000000003
462500003103040002000000000000100060050030109001000800000400080690300700000017000
007005680000090000093000510000406000026008045705000000000000000000070304302060070
005100000020060000340000090001300700004000026002008000000209000010007080850001000
000000000280050090016200400007000020000103040000000100800010030004602007000004800
005001600030060104060024000000690730000082050000000040020000389093000000740000000
000070003000000819000008500305002006670040000001000020500200040003001900006000007
050000000039008000080470000070000604000060900100900850000009080006000030800012090
000090620102000000900070001094730000000000000600004700008900005076000908020500040
900000820070001500006200003080000306060000070040005090098000000700500010000470000
003108209005000001020030000000020700300000002060000035080206090001000400000007050
090080000000926400000070020009001030184300000000500790010000000040000087862050000
000050000002604073700003000003702080800000500004000100040200006210500000000009400
009037002007080500600000804010020006005100000800000030300400067070000008000000000
004030000000900070020064090001020700000100006008000000902086100003002500000010030
070009050000630000900201000050000804010000930600840100030000006002000519501008000
005090300290071000700006000000004021006000800410000070000000000000080743009300008
000070000015000004000502000020300060600000710030001000500806000040030100000050308
010080000000400005000007003400209730002160400080000000000020040050006000009500806
030004800060000020208000000809100300014008600000900000007021000900700060000490005
800504000900001026006030000000010700602000100500300800040000003000200000000750010
106090200030108000009000000007900601001700008000040000070052060000000000500800049
030610009020700030700000000000000200000030900000005008008000051209008040063400000
000108000053000000000050008602010030510630000000000700009000200200000804400700650
000200610136500009050000000870106000000000002000000407004000096000804000001009500
020360000500041060004200000049600050060000832000000900000070010090000600008010005
000800009050062000380000000000001300700900004103400000975000206040000700000020100
060070000090060107000002540006000400009130000008790000070000850000009004040000029
200040000081000604007000010000405068004901000000060030700506900000000500090800040
015000030000010897060200500000400000000100008008070900090040000000509200040000360
400003050060000001008060000309000400000301002000040070090000000020085003000270006
000003800030020050106900000005000000002019300700460000000080027800001006000000901
040180000003900400200060009000000020900500000000000105308001200090050004000206070
000020030070500000426003001005010040000000308000000020008009500002700000097236000
000000059048000000700800002000004025100000900320008604060000003200501078000000000
004001020502600009301000000400000000000310056009000700000060800075200300000090060
670000400003010000900530600060900000000602900700380050806000040200007000030200000
000030500001000000050600080000806102400000009700910000800000200006020003003078040
610000200307050000800000070008100090000007002000064000000000100709002400064300007
003000000000924000001300420400070030000050040370008005009600104000090270005000000
085004007000308090900005000000063000004000005610000000309050060000007403000100050
100000300000010950000098000024000003009500800030000070008902000601000500000700000
000080000020035806000046030604000000300000009080000507130002000500007000007000980
900300860000008700800000025201846000060090000000000500508001000070004000040200090
020600000000200309004300010009020860050001007082000000000089000603000000500400100
091000000020000005080390001000704000002060900000080507800000004003400078560800000
000000002906004000003009000100000000000000753000900001005200080730080000800307109
020003000000605000300200005140007000000000072009000600080001060000900000097060028
000408021100007008030000040302500070070090600080000000000000400608920500045000000
000100080601400000039000400013002008005000090400000301900706005000010009000080070
516000700002700400000002600008000200700810000004000090030000026005000001900080000
300205008000000700000030002008500046406000000730080090000400953025001000000009000
000804600001300800000006070074000000800420000900000080500000092302108004000090000
003008605060400000100070000709000020000000000000029107000354000001000080050060002
000009000020000000000050310000000090901004000005300046004007061056000030000008079
580006000060001304017000000600000000000405020900000418000030070853000600100000005
002190000000000430470008000090000040700800006040200380000701020907000000630005000
050000000900560403003100502004000000805000200600308007000030000000000680001049000
008001400000042080007090010700300000000280000000000603030408702095100800000000004
002600004000000630980040200800070005000005000400200300500000090100002500003400870
010002000000090000060800030103200000000000905290006800300600042000003007054000006
090020608080030000034010000700000900043000000006283004000600405000000080000400010
580000000007600309200009050852000400004000000000000080010900504000107030030004200
010023000000070400004100020000060000708005100002000049000300000005008002000000907
060300701000200039009060020005400000080000200000070000000500090053600040607090300
600000920000607030100000000001002460050103000007409050085300790000900000000050004
000000003003600800470800200086000090200000007731004000000003009000020001000008006
002800050010060009503090700000020003000006001641300000090040000004009502025000040
004000019071000000300047080000823004920000800000090000013000907000300600000906400
009000001700306002800900000900000600000009070087054290000000000600402000504001060
050000900103640070008000002000003205002700000080900000801000040000060050000809006
700800000610709000038012000000056300000000020000000940005000012067000080009001700
002000001309002004057000000000000809970400000046080700080060130003540000000200060
080000060000000000019004000000210008000070000570060029201005040000900500090020800
000506000000020080000000300305000006600004930100000000070401600054009700000750009
000308750000000040403590060800070030000002000000680007080100000056000001007000490
700000401000007560010320000200000900060030000581000340140009000020040008007800600
031000000000008096400020310000000000020067009004030705105604000000070000000800007
700003000500000610420700000009307200030002001010060058008000500000840000040000060
300000080900000070000250010000010090001090800800604000207160000000870069000002100
006400000090031082004000010000090000000200050200070001910040805060000000843920000
040001090750024000003000200600010720200070000409000008000300107000000005100600080
060000000040030010800500200300000760007041000009070008900023000020408000001000000
000050040200100058000400301020700000500003079090000800006080000300009004000004602
800000070600400103190020000000005097000680000000000020010000980300004000080700001
010000500000450080000009003000200940500080100100000006490500200300090010700008000
001900004957800000000002600000006740590000060000000800070030000406709030080400000
000760000000400000934005000700080409026300000000000060050800046000003007002007100
100000400070304010080600300000100200200008000030000560400590030000000600050046008
040001000000000300000070006009000030000900100700630805010007000850020001060000509
000090208400708500100000030000070005000000010063000000086420700070000000020000300
372008004000063070000000280017400000020900300000000000009670400800040600000000020
500006000870050090040100000780000900000600438900000106050000800400002300000003002
000000030090380007000000654500000100000090000008000045070603000024000000960700300
003008120016004090700090000000230800807000000000000675080400000000050003004800060
050670000406100097070040001000500000040000800108000200000700500027000004600003000
700052043040800500050003010004201000600000100102470030025000000000900706000000000
000000200500004007000006094008000006410000029000900000007059003080007060940100000
090030452000000070200050000072000500030090600100008000003001000706300000000240001
006004003090000800800930700007402005000000001180005000050009037000100040000306000
890000000000000040050006209003400000000000800009005063000020407014089006000500900
070002500302004091000000000040000700000301609000008000780100020500000080009020007
060080340004030000230400010500067030300040001007020000006000070000800002071000000
000000000000170003705009000000000000400236058008040109800005600030090080270000000
104300000002095070030000001000803010001040007000007982400000000527000000000279000
000000039920408500000209001070000160300007000005040000080000610403000005500060000
001080000205000100700041000540003000000000040000650307900000810000300205010000060
100080000760204050008706200000001007200600001000400020500060000609007000040005080
000003004900100060000005708000060500206000000105089000080000129000001407040000000
400800090000000700807069004005200000700000050009000001600078030001000970000002500
045360700020040000700000030800405100309000000000071000000200600080000010000000479
509203010060000000130006080600000009000030400020700008000060004900380070000500200
006030040400007000010208000800400003060009200000020000302800510005090080000000067
000050000400000780058300600004719008006000001030200000070000010300070504000500000
000009001008100300960052008200000010009080050300040002000000000720600080010000005
954000680000001040200008003380007500000000006000500000060203800090005000073600400
020000300006014700800600200600001000000000620051009080010000000402000000070050009
000020070000708009087105000001000900600900520000000004006240000070030095904000030
090100500000002070000450600002000030007900405840600900000000000700504000501200800
500008001900703002000200800000820050026005000800001040001000380000000000240070900
800000000000005290007009000060700580500000400002081000006200004003000007250930000
600000008100000090230090600000720000046009005000500810007100060000000002300650700
050090000001703000000040620030000840786910000005000000008057030000000001004000506
000000000080100090071003060700405009006000010005016003000000236008004000500027000
100003890030000002000156300000000010000000057260800000680309000000070020020000000
400860500000000007700003069080090000000600000040000210000000002050004070607020053
000206007480000000005000008500600003230704000000001000000009070004035026300100005
600003001485000900000000004007000080300020000000054003038002010700010060009700000
005600100000295070006040030020000000809000000030006500000100006600000020070003940
000307000078590000200010005306000000000080000004000180007100800090000042020600003
087042010000501200000000300001068009000400802006000000000070186010000000900000500
000001000970050000003000005200100900000304000600029100002000070500430200000070361
000010800098060500712090000003000000000048900009000403500004000000000000300700014
000517200000098007090000600600000840007030010050001000400000900020005000903000020
000700009500000004000098031000004000070320000040009000900060105120000780000500002
006400308302080000500000600900105000000204000100090000000907026000300084090000700
900500624000090000000000030000650700513070000200031040030007002000000001028004000
000000100107003002090052000530200001000000070809000000006400010000009400021060007
