Seed: 1640218100
Cooling schedule used: t = 1.440000, alpha = 0.999900, cMax = 500000
609000304703160000080000005000050200000300600900000007030005008200007000005002700
000058007000000900135009000008001540040060000000090082096000070000020004700000008
000000451604080000090010007002040000070000510000009000501070003000002090009000026
000080001800607400200400000681000020000070000700000036504890000000002900100040800
000008600004020000000501040020000000800030070901000025000340000190080003700000006
075002006000090010000000000004700580000100000009030041600057900080000000700908000
400001000000300001000000560060174000000006000000000870800760300209000080010050024
000018050820090100400000000600400900070000082005200040900000000000843000200600003
000000000000100009600400081020000008400090200003705900000000003160040052007080040
390000860600070010500000709002900000000000300918300005000235000000700058000040900
000070000405000100070020800060000000302005008100300409000400020230008600600000001
700000384000000000080005000000050900001000007560300400803009070027008000040060100
050370080204000000007806004000700040500040030000000906032000510000083002000500000
400090700930400000108000600001009052006080340000000070000000000000045000600702401
000600000000400008706810040807000950309000007040000320000096100000002060000000285
080400000601700050000060030500000018006000902130090000000007004060800200700000000
070000000080000003000530079000700000061080000900006302000000247000093010600205000
000702000500000900007600280000003020010500093630001040000900600004007000000300017
700000050009100800630000007000340700000206000000001900310008002000009060800503000
000830400400000900000900170509300000020140090048000002010000080000260003300700000
603000020000400000000250000070000000016000342400000095005180069208060000000500008
002600001006000000090000430000004060010080000570000320000020000000530002700001084
700040000000097430001000800007200003900060120000000007030006040080900205000005000
009040501000800060400000000005000300000900102100006400300008020050037000042000000
000000605045000000237000900060300000004100070910004080090000000000050034000008007
003000400000006010050000806005030608070400000000050029000000294042503000001900000
001000080804000003070140000000000000500806907080030064000000000009003070007029300
050280600000054030000010000020060400400700003087900000009000080060000001010000005
000009000000200064000000100000000070100053002480000903002005000870140000005600007
030000000002000600001003040800010206600040009003500000560000071000080400000401003
009000071000054000023010000000000780080900000601300900010000305050040000000030040
670002000390005078000000000000008100400200300000017004003040000750900000000700031
056040000000000002000360400205000700907013000300006090100000003002400010000500970
009004200000000063000002000000340000200807900730000006070980000090001070068000501
200009003003024000090570004000305001050000009000000600030908020102000000700100040
000000309400080006080100000003001000600074090872000000004060010050047000000000070
000360200600079008090000100010000000500701000000080000070500026906000410100020700
600009003300000007905000800002060040000900100000000026040000030050800060006573000
073100000000905000090004805200000500000003046800500000000000600001309020006002007
009000008070000500005013260002008000006000000400500006020900000003062705000005300
000009134004003050600008002530070009000000000002004800020090700010000000008001300
010000000007003460050090080003006210000000300470000000000600000920700004000050003
006081040900023800007000000040007080180900000205100004000200006000056000000000405
000000080093650007000709000017000060060402000050006070000080190000030005000107800
000500060800091000045000010000064000000100080000007050097600008200030000010020079
090000100000080004704000060000000000900107000850390000000000000100658039206000078
000000608080060540502000300000000983007020000900180000000400700005079000000500024
024030000000000400100500089900010000236000000700900530000040052080000006600000010
000000000030060700701004000007400000020050900005803200004510000000009100000600398
009000006030850702000043000104007600003000080800000501900400000000070008708100460
700900061900003000010005040200807005407000000080602070520000100009000000030000206
000090000207000500510300400700000050000008049000650000001004300300006008050200010
009702060000950000030100800420000650000000000800006012070000000001000400540003071
200000908014007000000500100600100003070052000800004002700000509000300006000910000
006000005900700016700040900000900000000054800000021790000002000600500087005006002
000500000009060001700304050000970800900000703800003000000040200500709004480005000
000047003409003000050809002000030801090004030042000500030008000000070010600200080
020530000406100000000008201000200490080000300050300000000406837009000640000000000
000000040080000900200500700300008007000405000900030208006702500700650100040000306
040000000000478102100060000000010490090003008800000035605000000074052060000090000
070100000000050908100300000000000405200800067306000000038000000000000540050420030
006800010000003000700620980080100050007400000590000002001000675000060200008000000
000006000700002060340900008080000600034100900000283000000000130007000052400000806
070003000000200078100008006380002000906000500000000009090000401000001082007060000
200000400000300000000507963000260030000090000830000000010046080504000001008070640
863000000020000003090080040006000005700009000500600400070000006900008001000500380
090160000503020004620030080900000050004000109000000430700000000040005070300200095
000050300023710050800200061400000006000100905008000030004000000209030000060080410
000092074502000000004730000000040020201650340000900006010000005005078000000000930
020000600050000809090060340000000000005030104800620000000900018004007020000042090
090018000004070300208090000000500400002000000085007021001080000000000090070204103
000617002600000400000000005050070200060020900400095700000000004009508000085000007
020070058080000000000023000405000080300001079000600000050490000600300000000058047
000000079820000000700008350004803906090000000007060400000040060000007000000039520
700300000000000300900400158000000000004059060000140902416000000000000000035087401
860005721000000500100070000708000000300000040050700900400200003030060005000010804
000100800008000014500029000005080002000600400007000501600200000402050007009004006
007081000000700001200003006001205000000000400000000080082040000560002000000000703
000070501820000007000009000005007000617058090000090000002080060590002004000040010
000000000010064005076002340001007800035000400000003000000470580508001000064000100
008040000500810000740003060000005030001000005050096000000409150070000600006000400
000900203709001000000400060043100000000000800000026400000003610001000005460002000
200000970004027000000905060000109020001050000700430809060082000000600003409000000
096203500050001200700050060000000000103400000040029000000800070064000000080105600
000090001008006000300080405007000006000100080906023100000050003093700000000904050
700510006000720000090000800003100400400005300080090050620080005000000900070600000
607090500001008000050300000030007049208009070000400000800030000000001020160070900
190040000604900000002008005030007060008000070009500001000000003800000100050063009
008000607000090080020000030000745000030000000500000290060001900300208001801600000
064000030030850000000009700290006040000970050600010020056000410000005002010003000
000000420010600059074800000000002904040003210200006000000090006000000370038040000
200008007190000602070005109007009300500000200000010000003071000401002706000500000
016200080000030007000590000905000026000000000000162000030000051090000074040080000
600005074001040000005008200000700000060080100000956000400000000307000016508009300
800005400009000000670002100000000018105670020000000000040030072050017004300000000
000650000500000630000700904830000100000020090609000000908270300703006000000040020
000080450000901000003007000100004008200000060000050970008070000002000043047296000
400070008000061000006000105900000200300950804000003500080030000205807009609000000
700002030059000000020053000507080900000039800000000270010000020080007310000800004
006300000084509000300000100002460010010200030009000200800040009000000050005900007
040000058000480100010500000700050009000107005020309000006020400500000080004000003
904700000080300006000082000000604800010050002000008601470000000068001000020000300
000804600000020500000301020004030000050100000130076008080049005020500000000080040
700000483090004700000000060900803074000000300020050008003000810050006000004090000
740000000200016000000307000610900045000030809020000000003000900000700060950800000
000000460060000003010700000002005700630800050000009100200050070700061000800000000
300002009050000001810006740000000010000003004206050003500004800790000000000800002
007340010008000000000000000300004000901005800000000520080060002500900306004020100
000100030800003006010600809002051300750000400000084000901026000600000028000000000
820000700470100000000000000000003080309060000000005401005700000900400060030080010
000006020001080000740020000000300047200000050310000600080030090005002004000071000
007068090200930000530027000093080706700000340000010000900005000060000007050000080
700008600190072000000510008000000000460000000007090400002000504806023001000001003
073480050600300000040007000265000300700000000000102009400005160020001030030008000
300007800000000061000002003500700000000058004049010600735000000004000700206500090
050000060009006000010000070600040000003200100040100005060007009008000200000052040
900000062008300400000027000000540003070000105200008000000804310000030000000009056
016003000000020000040800005600000000008000006000005007024090600031080209000470100
007080405040002800060000000002708100000000300000094050000601040031000280000027000
450200000070000950030501000020710000000805400000000600000108004009000208000070010
000053000709060000000000001006080210005700400003100007460020080200070030000500000
803000000020509700000000560000000002790000080081000090600090000070260100100030200
350090100000000620200000000000100300000570004004030050001056003002008060700001000
000080079000500280308021000002000067600910500000070900267000005000800310000000000
000002509030040200200090070001067008007000010020000400000008000053000090400026000
200008000008020030970000001000000000005600070000009105800046300300000040069002800
000600470080005000020000010000009230600070000700000049050090000001080000000120093
000007000600590008100064050030000000090000600560000931080000206000020100007008000
050000900400010000006000700007009800500006040002100300010000027820400000090050001
008000040037002008900180200000407000000806010000050000200000000000023009005090807
002097100819000007000000002300709500000005908000420000025800403037200000600000000
000002000090034708008960030000000000500107800410003000001070000700000003040009010
894060000302090100070000000000008760020000005007304200000070020005000076000005000
100260704300000205002000000050047002000030008000001600008000000500003090000129000
300000000000650070702100093010060007000400015000270030800000021003009000041000000
409005000003720500000600007080400030000000001640000002908060000050100200000043800
010034000904200000200000501090102800040850000500000900000006007602901400000300100
002000030916000020000000600200039405080100070000050003000604058030005000400800000
100000009000600475000008200400002000090300750023069000004000090607003000002000100
730200000040003009009010700108002005020180090000470002800000003304000000000000540
700190086400000000006020000000008070002400398900000040000016000048003001500000000
301506000090000007000013020100600000080091042000000000030402070009800000000000300
002000090000847001000030007200000800000001046007600900060000000980002060005008003
400007600600109850009300072100030000000000008080005040004000796060200000001000020
003000208000001006000809000004000000000008009030450060041090050092030000006000400
000006050007201000020000009960000003008000005000704060300000500010000008800002341
010000802000790000503060000806000010000600907030080000050000060000800201070030000
270530000500900000000008005000300501600054000008001024007020000900000000103000640
010200000308057000000000040020305000005009062800000007040000630000602001090000000
005000010000000600000710398000002900060500000180009000200060050906204000070000030
069003000100790030000050000005070800800300710000000040601000403700500081200007000
560001000002700004070020500004000000006052080050070140000000820000007050900680000
300000000008200051070000030000402000000810000560030018050080760000009005903060000
900030000082009030050060200000001040400000080000000600860500004025600010040970500
002005001004079002000060000009008300800200005000054029000400000000030086607000050
007080200030700900050230470300021000000000700140000000009070030000809600000600000
800000000024050007000600510080500070072008060006907100350000200000080000060200039
800000500000093020070001060080940000000030107000102000007300049040000000500270000
000000040200080700005040096390000000000208003607000004709000050010304000000005200
406001020000000001003060000080000060000000843100400900960010300000840050000020000
010000285002000006907000010060038500000007040100009000000800070030900000700020609
080020070000100090301000200010000008070001900400080000500400020136000700008090060
001070008400006000060000000010203000980100200700080000007020006600009007003008490
020700590000030028013000000080000462000000000407200000106400900000006080008900050
004001600000000204000800095020060000010003050746080000070000002100000060000054001
000020009064008070070900040500010000000040020000700000801050006000000100700300005
400070009000000800831000400300600050090030104050290000020500001000006005000720080
000907456000300000400000000048000000100020000560004790000410000059006200000000060
000002308084000050000003070000017000046000005100200000000000000507080120060050043
000109005050400026200003071100000090000040000070001002025090004004580060900000000
000000500603804000800100240040067003008009600100200000000000807000090010007000062
050000060602004000084500090000200008000030072008050000000060004400000003203080100
203000000600009003050100000500060000092300000070000001800000024000700008000490075
080060090900700081600000000259000800300295470007000000000002500000900000100037020
004900000001005480080002700300004005000000000005018002543700000010000090006000000
700090020010004000090201800000720000000060270000000901530000090000018400084000000
083000400600000109000000000390008600000001078007023010000070000900080002704305000
000020000008000400000106300000090540080000006130400000940010050506900801000000700
000600419001000000000090000000000800420009700307105000102007003630004900090060020
009050000000204001040008000000000003000040102830600000070910480080500000500000700
090000500800000002002001360020090000301000900000502000089070146010004000060005800
004000030007000400500240000700005090010000060030009120480090200001000000072400016
100902000804100000009040800200000004003500000900634001000005003007300000000009065
000700000001023000700040900004000002900030761050069000000002000500600000002090084
000000070100470000306000001005060000080005010004030905200053007090200500000900000
009007000000010000040309000000680100014902000008054000080000690900000405673000020
000000002001020007007009000000080910000007008350200000030468201000000065200700030
000469000001000004050010080025000000000008700009000840300002015000004000068700000
000000000000200100030900745006000003000002900001380000008720006690005000000840070
008200096030008000000946000050600910000000700000800265975000603020000000000004500
007000004900600080020800000004200000030060500008507060000030002500000000002000018
900000180000530004650000000024000700006200013000600050000100000098000000710050090
006700300700010500000000000008100020209006800000090004020000907004800060901040050
900034000503000060080020000840000000000100700700060080400000201010000056060080403
300000216000000300000070000005002060800000000001064807203508000000000000600019080
030800076000000090040700300001069502004005710000000004009240000085016000000008000
030000907004109500081000000000000360300040000000800059206090030400010000000070201
000307090007009060060000150301700000080290000670040000500000001000000002000980700
027000360560000040040900050070062000900000030000007008000049000400700080001080003
600000700001000900095070000100006004000200005062010000300080000280164009040003060
300400620000078034060000007005030060010000000800060000080091050004005002090000070
030700000906108040000000230307000000000401600000080000500007000080050090009306002
200000030080000460000003800007010000600580004000309100702640001000007000950000000
560100090009000807070090020000760042000000300002930086000401000080200070000000000
509030000307802001000000070000780400006005000008019300040000020000000807010000000
600000020090502070030006900000903751900140006000005000040000185570000009000000000
000709004002603090009020100000000005906200001003000009000036540020004600800000000
600007000000002310001008004004000003030020697200093000060000000109000005000000029
060000090302000005009630000004068100000005800070900000280050000000090701003006200
250090040908400000000120089000900001510060030003007000027000000805000006400380000
000000076002000000006000810000000002008004000030020501807400000060008430300607050
000007890020500000030000000000008049310900060008020500709004001000000000080010003
350000000000017004402058300000030000608200900900000001000100002000002046009480070
090000000701020000060000030000800700500900304000050900026030507400600000005070106
080037100006000000300000520050041700000003000000005900001000609000020004804900010
020019000704060001100030207000406032000080070095000460040001006000000000000000020
160050900709000000000408000002507004030000205000000001010900040000600000805000000
000000002920050300706000050090002080008340000010800000060100020030004001001008006
000052340020000005003109600300908000000000901017000050000000000206031700000600038
000703090608000000000105000000006900006801020000950030800032000009000005072000080
507000000000000130300009085000480000000000010600307050050060800009002000010070523
006000500000900000009080063800002700570800020000040089000030005010000004300250000
008010003000000000904600000000000200007063000090000010060500900080004030003200701
004350070030000800190007040208000000000000704400010006006000000300200000000835900
000005800000300240900402000000000002081700000007041300009003085708020400600000000
000000902500230000800060100020700301300000400061000000106000000400087600000005000
700000000002004093030015008084001500600000004010200080000003760070000052005009000
009800070010003006006907004700000000861004000000000405000050761000000039000200000
000800000000070040000200508200600180040502030006430000065000000000000005090001602
000004509000032000000600020501000800070005004063000000030500007920000000805020403
005000030700806540800010000000100050000000821200035000080000907090400000050008000
007005000503600008000400075000000104060000000080042000040001009070800016008090030
010008000040001060000690004050240006000870002030000050006000020080304090100002080
000200695060050000002030000000000060051020700704900002000400900000007806008000050
010000986900000000007008400380061000000000060105070000004307000200000030800100020
870000030049800010000000000700020605006087400050000000600000207000030000000401009
001003708000000200009600000200008500000290600000030000600007002108500300400000807
009010035000000000080000679000380000005007000600500700548030100006000008020960040
010040536030010200002000700800000900007600008300000020000057000006009000000100457
001009008460035020009600010000080000004700000100020090000000056000000107080001000
003050080047000000000000009010060030084000900006805000000070004038100007000080650
002000003000000405001800000900240000800000301200003000400000017030074500000050600
008509003000000050900000100020700008010020009000003000000005030406081000305004000
001200000090030400000861700004008013300000800000004200078100000020000170500000000
008706900000080005010000030065900007000001000000008109007002600090600008500000700
040800100000000058900130000030000010000006000006200000600000003700008000510479000
000002000000010308500406007041020090000000000309000804020069503705000009000001000
000301000080500070200000000045000900002000001800040203000000809000170004004200300
070050000000000085605090041000060020496000000100004800802400310000800250000000000
620050800000001500000000070000000040007006000000410008890604002000000000200900310
041760009000004000560300002000008006400001000003000010000640705020000008005000600
000120008000700000500003410010000060050040830704005020080009000400012300106000000
000049106005000004300000000020004000000200850050960003030400080046038000801000000
004005000080000000309080700002004071000800020070500400507000000810400900000031000
090060005000904300150800970000003027602007500009010800000120080030000000020000000
000100009000062100790080000400090050038004000006200304000000000200006090000001427
000500000345008000006040013020090000000007200700000094900060807003200000500000009
070100000100950000900000007030500000000002000000084209800400002006003050090810040
008600200030800100700052000100006000000000098000000005060004570000001040000297800
040009800900000000000031600006000270000000000054280000200300001000074060030008000
000800100050002900000090003000018200002040800306000004010000000400520000708400000
007106000000900050400300080010080000602000800004060005903807400000009300000000020
000093000010000500000500070000000003380460100049007000002010060007080401090200000
020800400500000816601000009000540000000623084000000200200060040040005900009030008
970000200000100005003900601738000000000004003000050100000003920000006000049000007
006805000000000009003090027020070000001000000000018050400000000080004706300052004
020000016000098003004700000007036001006080002040000050000320500090000000730800004
500000890000020000408000007910370050076100020020000010000008004000090000000031005
000000030060000407470005000004003000000600058900057200007090000002040006100030004
100057000060080092002006170093000805000010040000000009000005000400060000001000087
810009430000006105003000000756000000240001080000000000490300000000907004002010060
832070000000090047000200100000000601040800500305060080000000056400009000070020000
005006900704030020000000001500000802003601700060400500100004000000205009009007005
701020300000001048600000750000047000000010564030800000000070000087900000300200005
600000000095800002000009530010000000070000009000270304834000000000001000001503970
000010070980000000010060840700006000640020001001900500000030025000800000004200300
000700208000306005000800000104009000000000000807400036200007500090008060016000000
040080020000002005000740010000000500100006040030020070004010039000073001000050600
000000300068590020000603700000010570700958000002000000090000010003000290476000000
000010053070200009002009080205000008006000000030840000007000430050030000060090700
010005000600010904009630080050300400000000010000090830000009000820500070000023060
000050060200000790900004108007502006000070080400000000082300050000080300160900000
409000005000702000007060000000007000301400080000316040000200060004009103030000298
198020000005078000000100900003400090500000000020800547300701004050060001000200300
000000010800040026000207008032090000000304001000800090000030100050000064600100089
500300602090008000000000000810064090900100000045030000002940700000002003008007060
008600400009300007400000590060150040010408000003007000000040032000703650000000000
040006000700010083010080400600007200020004500000000009000705001408091700000020000
000000007208100090900000000000000500000980000003000100602801000070300400104690020
030500070900000100000403009020040001000900800610000034000007005008050600700000200
900005030008340050020060900094000020700020000100000800000076010001000500509004700
002000750000037000006000000040090800000510400080006003007001000090040002108000507
250000600803000057069800000600081025000950000010000000700090006000000000020006038
870030000200050060006800009000403000000091702402000050000000090007000430604200000
700000400050030000004600050000400000002000068890000070520046000300007520007080000
010008007000006000209000100600905000850400020070000030000300450500080079000000001
020040715000008000000100200704005100000000070056089000000300000400000020097014300
000007010000040003400030750060000507030000000907062000602000100000000098050480200
000900400012000006000407005000000020000050307200378040157000002000000610090000000
000000037700000000200008040002500403600074050100009000000000906800006302010002000
000000080370000004421000090200000000005003861000090070000609030000015906030080500
000000500307000006010800907000090004005070109063000700020040030400000000000760001
000000200204700000073000000000064000500002080830010020000040100001500008080200040
624000000000000610000300040009803000200900360800005000006070850500001000040200000
050070100000000003900003070700010054000007900500839200080000020016000000300006800
000530600050209000908000003000400080000051000014003260000800400000000897060040010
000400001000905000008000700380040005900700000104006300000500090790000043001000008
006470020302000000040028000400000005560009100000100000005000004900000361000001080
000075000820000300004002000005000260000807000100040090001039450500000000002000006
000607290000240000073000000008400006000000040600000800000010020007830410025900030
600000032100900400000000001008050000005037806900010000700000000092080040804003060
000062800050000030610000090000904000000000010060003005091000080030000502480005061
800003000700020006900006100000062008070800000005900000000030064300070005190000200
000276000130050000000000008206000800083000060040030005600500040020000000000009013
051090020000000000700038000004000210006000090100000670900002035405807000010000000
006000200807000010040360000005600004010025000000400802508000000300040009000700060
030079802000000070000006009007000000250100008100507000700281004000000000048000900
001057008945003000000000030070360050000000001006020000030000700000600024004001306
007910000060048900004006700000090005000500000301007000070000641490300000000000070
090003706000000000000017000200100000104000508000060000000480070360700090050900800
000000600090700000050340000070503000000000027008200003000407010300002049960000500
001070000009002503050000700020896000000000010080000200000560004090008060000009030
080040006070026809000000100700068000004009000200700050000180503020000000900000008
000006030050004000800020700900003007000040003103008000075960008048000090090000600
060000074700030006001005002000087160000000000400106205903000800000050000080000000
005000002060030000210490003020000000007040001000800096300067000080005700000300000
000200759030070000210000300001000000000045000000900508940003080300620000072090000
000000000890014006006007900032060094000000000050079000000200000060005208000980031
950600000020095004000030006074000000000800500000006040080000761500020003030900000
590000400100000050087609000000008001000000506000010080000007003910000200205030000
006029003094000020000000700060700050407000100000008000010090600000100087040002300
010002640000000300400009000300700010200600005000081000004000500020038900070200006
000000900000150802300072050000061009007000400100003070070000005001000200060008010
700000000013060800000508020001873000090050007060410350100000900050006000000000006
031700000000913000008020000000004001410060000000005086000500100070080003829000060
509000100078001000000003080080030007137080004900000005000407000000000091090006470
250009000000800006000000175560000000000060004709000800080006003000003090002750000
800700600050800000003040001706059020040008000090000500000026085507300009000000340
007000600609000025510308000021000000000000000300150040000090300000600000000201769
300004019000830045000007000060050870000206000400010000647000000003071000000600200
018049000000008000004720608300500060050096007000007000000050009760000003401000000
000000000006208000105000084061000950000000301070002000000050037700000400000809000
000001203004200700000003080048010030350700020201004000000640001000000050000900300
000005400100829000000000010712000500004310009080000070008000004050000200207003008
007900000600027005900030007104000020798002001002800050000009400000064902000000060
000032090120900800005040000000200000060000203870000000000500900700180000080069005
000090087400060000001000200050706000000180500000200003065000040000527090090000830
001005060040001000600400700803050000700020030090000007200000009580290000000708000
004009030003002700000100005008000000060000083007020560050007000000560200070000800
700106350000000000091030400050000039000000102003040700000300000300000216000078000
000090501950008000067000800000205030008000004000800600010000060083401900500700000
000000009100050000080400003007002004020301600400570000600000930003804100000700405
200000300009180000000060102920500000000000407008009006530400200000000000001000003
100000703309100004000000600000009500000800021095000070002750000060040000801900000
090010230300000007080005060000008000045709000200500700000000081031000000009800004
100046080070020006490000000080000002000000754740000090000462000000091205900070000
000000080500000300002090000604000700000006051020008000080047260005300090040200030
008000007005904300402010005300000070000070000009580203000002508000051060000000900
008100000100000300000050042004608009600010007300000060920000000005003800000000000
009008273001006000070005000007013800004700009000000020003000600000084010100000004
090004080000020001000000000947000020500007000000006008201000730080700500000300090
000000001040610005820407000002000030190000000000806007700000064000000000304070200
000041050000063800080009203007000028906010000000904060030000000500600009002000000
900600000000000009100050300040000530700100000080005002000080700009002600008030090
090850207000000008000170305200040070030000020008006000004020000570000900060700100
040100050970060000086000009600090000000200900003014000010640807000000500000070601
000500600820000940069080000007040060140050000006300007003100080008000030000006100
000001000006090080090080700302006000950000100000500000000000007400013509070000863
800006000060300700003790000600001008905070001000020000000080006300052100100000900
009000000030600079800003000082000000003000407000020350000800500000504600040010030
020000100000034807008000402000603090000502000070800001043000000680000370000080000
000069020000008071500074000000000700360000009070095360000000030205000400080020000
000000003020010060070000800000500000000009256800000000090030020380902400500608090
090000000500020000000870020020008900000400000051006007970005600000000840340200000
003675008008000001079000005050000029000040370000006000000900000005004103000730600
001000004000309700008000000070006800120030060000010000050000200002605009009028400
009070004002000630080000070040900000000104008200080010100002056006000000004039800
020406009000070000603091000200604001001000000000800700500000070070040350030580004
050080042020100000038000500700050690300601050000000004200000400000760010040009007
000005100241000000000400290306000005020000009007020040000090032000781000790000000
300800000001630000079000000500000030006000005900004100030009502000020003200700048
582400001001005004040000083000510208600000000000032060890001000000070000000000095
000010400960500700020000005000005800400600002000298060005800136000000000200701000
010007060000000387000000000075000006800019700903008000304806005700105040090070000
005200096090000300700600010000000030002008007900760020308027400500300700000000000
009000005700060000003008000000050704080920000601004300000006500810000009090000610
040079300600000700070621000036080010410200000000007503100000600020400000500000080
000000205000089000100000086074000190000006002030000500000004000360028004507603000
080029000020004570006000000041000006060007980000000000002581400000900300008200000
000006000007002005800000413060008072700000040010200900049601000000000000580000300
048060030000001000200090400723000060000500000060000200005107008000608000000000310
020003460000780003000000000610930000000000506900020800005000049000200000090400608
900020408000000000004005706600100000020000007080000605000001000509730000010290030
500000000132508000040017000000005800007000001000400620006240300080000500000009060
007900630200050000000067001009078060300000025700000000091000000000030000000586000
008040002500900830432000010000000003820597000001000000000000070209460100005008000
000100008030570400900032000052001800047000200001003004000000506000028000000000382
702064103000000004040003750000018000630900000000040000005000200100500070000072060
010008472000009000705040003000006090000070008006000240050001000900830000002000014
000045000308000009000000000002034008400001070600800000740180005000050300903007400
009060000000520040000084007000000001400906003010030080050000000900345800006000400
000800500006000100508000020301400870070005000000090210100903706005700000003006000
600030000009601500000700006005800700048020605000400020350000000090000108060900004
000000007097000048000460000530000094009004070100030500000510000040000000005000920
800010020040080179003090000400000000710003000008400600600070014000800000000000003
006903020002000000050800001000510006080470000000000247000000000015000900700048150
000070500080640300700208000200009000803002060060430002050000730000050000900004000
400000620906000008000000000078203000200900580040060200600007005050106000010004030
520800000000032000760001090100590008000007010045000700084000000000060040300000800
006053000704060000000000051002400000340028000000000100800500090000690000000800235
000008000510000000600050004005630000000547003000080200002000000308405010746200080
100040050085000000600007080943000000000610000000500370008160000029000010706000800
400100700000000009023800000080005410200000000001060030730629000800010000000000500
700001960000800000400000307004003200080000040100500000001278000040150000600000508
000090500600200040400030000000009062200300010089000030004670000020000000950400100
050900403007000001290000050030020800000807000069040000000008230608000000000050070
003060000100200309720050400004600200000004001080910000900000010200100080000000040
078003400000900302000600050069300000000024070450000000000000005030009780980000000
972000000000053000000800000000010002104008003500900008600000070300000000008304050
080046000003000000960005200050060002890000061100000500500301080000500003000008007
000200040050001080100008009060000010040300920002006700000002000600000300034090870
002001000300000902000000730103020000540300000900750004000608000010000896000000050
080010260002000800009040000004307000500900020200000300000670048005002000600000700
500700030000001000060204001207500400008000390000000802005080000704000000080000900
350008012009507000002009500500000070000000290003800600408005130000100000100002060
503002000700409006000000000060950438000604070000200001000840090005000003190000060
519080000000003000203905700008007005100800940400000000020070400040001583005030000
082006073000000000000500281600008040500104000000000102000902360970000000000600000
006005000095030007070008000002670300030020000000080094000000400900000008000043076
604050708000000100300200000020000009007800300501040600070006050090300007000000000
000980047000005609037000501010507006000002000005460000003070000050000018106000300
000840090003950800090001007950300020030060700600402000800000000000006030000500906
600000004008024700030000090000000030000068000001500070300000020180003000902057060
400300600080200000002800070000160000809000006007040300015000003004000500030009010
905070800000000004030006900501000300070480000002000060360010020000508000000000090
000700030008000000900086000000600000029000007807010009083000040100900072600100300
000000000005100900030040000509007040000020010071000003000038002050000000290000704
009701400004230068020040000800000300090100000000000026030000600060007005002005004
236000008070000450100070030000900070003002500009800003000749800000003000000000005
000005600302004009000700002700608005000020000100000200503000400006000010010050300
002000000800306005000010020058000000300009502040700900401053000000000000000080074
050040002200000603000900010700600900380000050000091000005000000000730020002080400
170000000009010060000030001010002006080700043400600070860000090004000800030209000
063090004000400790000071005009384000020010000007000030002005006000000950000030200
000020900079006001000100005201000070700000000060000010690007000005080400000004039
709640000400005208000000000050094600000800907007060050090200080060400002001000009
008030007000200050060090208301500009020000500000100380000000034900002600000070000
100070060004001008600000050000000030000510600010008005006290007807000000020000900
500600730900005000020000008200009000050000072004300600000190200100560090070000004
406000000002000080090017004370000000005040010020309500080500700000000890000072000
070029040004703090100460003020000000600010005005000000000300708200000000903000402
100005030000000005000023000500040009004000026026900001070230000000000060030098070
030080000061300700000000040800109067000000090000630002400807000000020400000050018
060010409000060070702004006001200000000000200300076090000005000803000040007009800
005601000000030400960500000600000000080000017290408000000000050000800302006754000
600070080087001060004000000201000003006100000050080000000210040320700690000503000
070000058009003600010600000000000000001092005080017000040100003020008500068040001
000020006000496700000000080059002800000700000004100000090050003006000015700034060
000010090100004005040502300009080000203096010060300000050000030000000060300020007
000500041008010007300000905097004500000005100064000793700050009000020000000609000
500003070080009000070800000000100000002304600040020085103090000008000009090000104
072100000000420000000008200080000501000000000327000080040003006058096073003010020
002000003800500609009070001301000000000600800058900000000200010000009045020800060
000104300080200000000000900507000002610050074009000000070900060000001039060540010
503200006200000400970030000700000015090000043080600090000019300000000050000008007
407008000803720540100000000000006030000230400000050009000040720700001000900000600
050000700000900046060380000102094000000020000000003000900002001708000600001500020
050400060000093000908001020000006072000300006200100000501000003047509000009008000
003000009000040008000908000004030096100009870700005003090006005056087000000000000
600100008500000060001000402006200090700010800000603040000406080069300000000002007
200000500000800000570000019000000000050003940080010700006305400103090008000000000
000000006600807500050004107509000300000003000002578010075020000098105000000000002
000000000607003000200970000040100002103802907000035014000000200900000300065000409
060000800030000001000045030000000000009004208680200370400097000357000000000600010
080030070602000509013500008000093100040000000306050000000060000000901060008000400
050004010080502000090070000000000060001008002000607009540000000002800000006021040
000000080000003400089014602004060000000005007073900000007500106600042000000100820
045026100009005300300090000000000020000000005800013000058400009000000270200900000
009603020010000000070050004004000000380000000000910500000005100060000000100027093
006000000000000790030042000000008000300024000007000026000000619040000005580076300
009000008000050000050206009067001000300900020800000000400032000170000035000105000
060010400090300100710040003009600020000000609000080017072000000004050082080060000
050030008008100590000009007700050100060020000009400000000000080376000000020007401
006400300091000800803500200000900000670000000010820540000750003000000000004000950
007000005000010004400307000070000950000040301300860400006080000010004000040590608
803100000400000007000009000000000600000080020982600070600950000500200410304000509
000600070090000100620000009008004900200000500360010000800030400000108000506090820
030009000000070005000500019100207000203150800006004200008000100000040000052000780
000000000600109020037050000000005009104072050000000010000300200002000403001004890
600000580402000000000970000000028005105009000209004006000030012000800000500001760
006801000500700004800300000079000000200000340600500000000906000000010080001030205
500070004000400006001003005060005710742060000080000000900000008007020600000030900
060000000000005920007200506028001400003020000600000870830004050400000003002050000
900600000030009000000082006500000207102000003006100400000004009004001875800070040
000020070000090603000308050000000000908003047300060120080007001400030000027000000
000060020002005000008000507046000008100420000090700003901000000000500809600000070
741000005000000809060000120050400060000006000470210000208000007000030010000040500
020050370008096024900000000000030000001080000006000080009400060070000001000327040
000050004409000070300200800057080003000062510000007200000700050108420000003000000
000510420004000005308000000000000000009600010603108950000009000200400307030070001
000050860081000405005060102000002008710000000320108000030000000000007500060000029
003005070900800150050204000012400000300050900090000041020000018000000700007030000
810000020000600000603500000408000060001004200005809400000000300000005070007316095
000014730400500008700000009030200000500000004000060105040800000107006000600300800
005000000000700040809000005006804000000100374050000002001900506602000010000003000
700650000000007006020000900008000005000013070000079040050000001280065009006040000
040006870080000064003000001090000000702000100000040095405209000001870050000500000
046000000010000309000030200060001020000005400400020800900000080003007000000050041
809700006040000097007406500000607020000000078020080000600013000005000000431860000
010007900000300000900400000830002006060009005071600400083250000000000180004000000
000500000390000020500900600406000000010040200000060890000000407007809030000020010
004000000007100800200000067000630000400000050026000140050001200140090500000000003
000000002000003510200690003005080000000019700003400200750000000900807020001000006
900000004400002000056000000007018000000407009000020806060504700000003540030100000
001000000040000809000000102086209700900006003270403008000001060007004000009760020
005430000000000000000001020820000650500003094190000080010072500900010030000080260
100000020502840000890000007000200309070064800000000040008600004200000000060095000
050060000002007010070200000900040000020000000600035908060010490000800000003500200
080006001006509007000000400008000260020300040000100000009002000104000070300790000
004900000900010000020008050200000107040600002001040600087000000060000095000000360
090000000010000062000706008050800001604030500300950040500000000000008000860090400
010000000400600005300079001000950700000000080000040100007400000002800070009017530
060200100501000200000000030003600000000001009000952400904000052812000000000000704
070002000010900083900800700005107000000000000000060049000000060830040000001003274
000000009400030000050402800000070058700203000000000036023600000170009020580004000
805043000004200007009000000760305100900000030000069700000900005000034000302007080
410000093900000050700290010000012000000050040040300008390065020000000000200100000
800003070000680020090070004900002000000000000060010005059000001040000500206400039
005007009000830000000000060308000070007000820000009050809060000653000040040000002
000040000403000056000705000008000000509400007070530009060058000000100805900007002
800700000040008005006000037000510900080200401000009000017000590000000002300046000
500020006009800001060005000004900600000200010001064203000040000890500030042600009
000056000500000039079100000080200700900005020040000000800000090002070403030001060
070003000180000000000140065000405020200900600960020018000000190000000300003009802
000001000030060000700000090400009800001008050000052074023000100000200908850000030
902003000001020063500400000090100000204000705003006000000690070000000540005000030
090070004001005000200490080000002000008900200000701043000080050702000610300000000
089000026060000000000070001050002000300950000000000670800400000000008910000790043
010007020804100006000000500306000800050763000090200000002050090000002000005380000
000300020100000306000060057307400600090072400400000000000015048070000000600900003
060000003100204700023001900070000050000040020000005000790600300000070008040800000
280000000007285000000000010630190080090800070000000403000070030000003507000002060
100000040000091080000500100003000060050082000279040000005008034600000000000063090
500000000097006000008300250001004030039008700000000001400070000600213070000000008
006400005780020000000800006000200030500000000062003904000690000093008000070004008
204700000000010093000000000900000016007020005052080000005300007890006000000000004
005400000260007000000950008007100000400709015000600370090000250600040090001000000
026000300007000000010000080093100460000730800000040010509080000000060070100920040
000000090000073000060000000004060007090210005050000920120000504005300200000008309
050001002049080500000030000000000004005040000000203000007000630100700020900060800
029600000100000006500010300607050009930000071000000000000002040080000000260470050
001005000400000530008000094200010385000006900017090040004820000900007000000600070
900000000000056007002010600000340050000001806810600090026000005070009200000000004
060000000004080562000090008000206030030000050070900000000000040102830007900105200
019000802700802600600000004900100350000034000006008000000000200507320900000005001
900500400060000038080004000010000000400609000006008000000010200003045079075020060
000090200800700003005640000070000002004001080620000100000070008000036470580004300
075008000001700408000090000900107802000000700002060004040903000500000030300010000
590000007008000060246000900005040008009300000000098500000034001000200400063800000
007800200000000430000600001050700309004001000018000060080905000400000020500000700
739000400008000000410060008300701006500308004004006300000000800000005207000004005
300000170005004009000350004000980203200001050000600000020090000704000000050027001
600100050400800009090070034048007000720004090560000080000598070000700200000000000
000006001300007000800040900000200040000001603007000000030829000021000030000050079
508100000092000700010096000080060059900000000000010006609000204000500003001080900
500000000000306000702000100807000003000070564010000000000080020600000900090020700
002000009040001080378950000200090804050710000600000005001004700400000000000006902
000002005007900020600300840000000000030001080001430900019060400000004008005090030
160000800380200000400005000020100007000090105006000000000004020000981000003007004
000070200000218500000006001000000010009020308001809020026003000590000604000050030
023070050000060000907000406000100003000000517000023000006010090000690045008702000
090700830800000906020000000500100000000030047403005008080472000000000000901050000
200047060060005000300008952000009000000580030900000800040000070002000006087003500
000002000007800090200504070030000000900000042080065000100000000005620004704008050
200000703004000090071500006008057100060000000000040009000000200050400000792001000
004100038008400600900003004503000200006000301040600000302000000090017000010000005
040100003000000804010070090030020001200006070609800000026003000305040000000000040
900300070085000004000000060000000602003000410040802000501009000000060003030004200
050023076007500010020100000000908002148006000000000000000090300504800900002004000
100200080000090041056300070000800060901070500000000004008000000040530000009006030
700040090004002630008000000803000140200850300090000200600000020030000800000724000
000000030008030071103000540090500004300000200086000000900400700040092050000816000
005090000000083600000000813000730000001408000050000140000000026000004500020300094
302000950900800400000000360001000000000050030009040500200300000190760084074008000
400009000006000000000007800004000001301000500520080060060095100000043709007000000
091040030003050000070006000805000019007900000000005304009731000080000000000000670
030649000020000000040000019004000800390020060000400000008070000005008032000001007
702010053009000040000305000000780090000000075400059206900200000040000807000001000
100060000000200100920000805060890040000300570800000000000607000005900000018000300
000008000850000704300400960400600000020050007005000320240000000009300600000010200
050720000090010600000640008000001000007000592000200040009008060073400150040000000
149230000020000008070010900080070006000004030000100005000000500000020083000905020
000501030200000005004000010800304102570029000000060000007000050000000000003280900
160000700020003000008510000280000000001052000007906010050607002000000003000000598
301000054004000008000000700500340067160802040000000080700000100008000009000503000
090000000000401000000790050040000306700000002002040710009000020010008690030200804
300070005000000000092010300850020000200800010709000006003090008000060000908730061
400006000108000040200003005001070300000005709000800010050000200000000000007604030
052800070034000800000000009006001905020090300000608002001500006000006000000984000
807502900000000000109007608590000100006001040000090000080400736300000400020000000
200600030700000008096300020000040075000030209075100000000000000304002580000000340
000000600064500002300009000090080700000320000600000001109030070000100503703004000
000003900000000002008100600580600001004020009067004000200000000050000800001090074
000230000300041000000006015100460200030000080020000000060000073400800021000005400
007600030000085000000000105400200800800400013320700000060000050039070000000810002
000400023002000500005600009090000000500060830000014005000005704010200000400070100
100300804800904530000000001080000000900000302000026000000000000040009600502180000
000300100010900070700000002008100050064000009000504007040007005002000008030860000
941000070000000010750000930160004000002930000800000100000002859008700000000609000
470600100008000570000010090000091000000000400059200000100004030603008000200000010
800000000700968000590040260001300070000500002040000000028000510000030000050000004
001802000000700305800040006900035004000000030070100000008060000310000070060001400
060203008000760090050800000030001400076000005000930000008090600001000000000600807
030050009006000010850100000000708002000010000690000008407000605500004800200800700
081900070000060000340005000005409008600000000000000100004020009000003820910600000
001003090003100006400725003800500020009000600050000010000050000040090501600000270
907008320200003010080200004000030001000800640800007000001002080000076200600900000
601002300004000907000000020750000000000005809300200706000000681009001002070000000
000139008060205009007080100900000000000306000005000710080000064040008200201000000
100008020070601000003009000009007310000002004040000007090800500007000008206004000
030608070040010060800000020001053000000249008500000000010000430000000005605002000
090201000600080203000000080009060000017048000000003500070000004803000069050000100
003000690002000000040070000000028000090004300060000040054907003930000870000050000
074000060000094007503000100010800500050000030400006002006900000000000804000007050
074200003500400000060005900200100030300070000000038005010000000009600700002000050
000360089000705000500001004000000620003000007006590100390100000008000000005200300
870030020204000000003400600020100000009007301000693005001000000060008109000900040
070900820000005007804072000008000010000400003203000049000080006900600000307000900
000400700000000050026173000903002007070080006008006000040000019000001002807000000
000900000050001200080300100000005307900040000003200001720000014040080600000000070
004003900000200000002005001000000207500760000400030608300050790000001800900400030
000030000960210070037008005054000008000040030200800000309120060000009001002000080
500060000200000480000000076070000900000000540006091700300600000700049010042800000
637904010001000000200100380002070100000000000904000003000400260706300900400010008
408027000000004009700080000000190005000002700010000003039000000576000204204000050
109500020070000300082030004008400010760000050000300009200000500000170600016000000
002090300000003010003760000800100006730004000010006009000010400504307900000000083
004000068100085002050400000000008000706301040000070009000000020561003000380000000
000600150000300008000004320000060400060100080208070005000000000009001870706200004
000100643000034910000006008406005000000020000000900007014500000980070000000000350
000006000190070000000040820000050000006000480503008000250460000300010009900003000
000630029000000000000010700260000045010060800305000000400908502600054000000000000
000042670060500092000000000070080920000000001000000080007904000001075860002008005
090000000060500200120900080000358000008000000006040000010702860004000003000100090
000050000700800246090010300201000070079400600000003050006005032000000400000120000
230100060680500004000060203000007000128000700000000009010903500090200010004000000
005900002001003000000040070508470600000005040307000000080302090700050000000800020
040003000030090020000750080800200100410000200065001040000010005600009004700000800
000196008301000090080000000000680003010000024460300000000400000200000075900850040
000000109000301504007004062020503900000006000500407000078600000006040000009005016
004000375020080009000000080096010000500002000800000040050030001600050098007001000
200006009000010000007450000409830600070009000300004000025300100100000006030090087
006000053080200060500800000000005084009001000001460000100000070000003406000502000
050000040060500100000000009006000020070003000500091000000400703001050900000702080
096000405000075000008020000003000750001300000900740100009001080200900003000060000
500030002004010068000080000820090040400300000306007900000000620010000000000046800
090000040804000501000209000001000000000907008060001300200000800400020000030800209
420008070005200006600000300060400003000300005800701600090000001000070920050100000
000050849900000000108000060000001350680400002000000076801230005004000200000090000
500900000006857000090000000000006300680125000001000000029000700000504001300002904
000009100070000096000345000200003480000020000096000000009008000000710000004000005
034609000500000200090040000050093800200410093000500010000000000900780000170050008
500800400470000006010490007000205000300000100200000600000010500040070380700050001
007000600800100040006000100700800000010050009002000007098605000020000800000002001
032000901010000840604020070080000030903000010000500007060200400040050080000009000
906000850000760002100004000000500140000000000205900006038470900000030000502000300
390000700005003080082600000500010003000860400000000000050200190000000032106090050
005010007003400028060003005000001000450008300000900002100009000000060000084705000
300900020000005000201003070009000030800030001000204700004000602503006400900000800
000000400006020800001600005470000300100805000020071000790000600000030000000006739
050807009000300080270000600000009700090005010000140503000000000000018000901060400
200004090000608400500000020000500800807000509900080010006090207005010000020003000
027003000000840020890100040000017005030090000000000800710600304009000000006300000
670800000803000900040320007007531000009000000002000300000000030000006071010040600
003008050060000300007100080200070000000040805700800040100520007600010400000007003
090008072200000000008500000519000000004310000000800600140605800900040000000000750
400003000100000057030190000900070000000009000005000046000600104080050090006000073
050002030060800000003090004000000050007068400000420900070000000095007200004000608
000000000038000090090300640000015000000700001000030274080000759300290000700600003
001300000400008000603000000000900103000600050002003049000700020064002308900801005
094206000005100290800000030600094080040080000003005000006000800050000000300050601
000000008702000000405100060001004950000030400040970000000000000500200300073008000
000030040060009130013000000090056000005020780008090000000000306200600000070005904
050008700700020030028304000000000007000000910405100800680000090002900070003006400
000000000604009002000004507000012004000600000050900310465000000030400008001020090
905000860006080200140000070000700102000092005060000000007000030014820000000001000
070000810509000000000002370000063501000850600300010200750300100004007000000020000
000008000190037008000000020080000050003026000600040239040070001000002700000910000
000001300000005072001090000064500001050600000103000500900003004026000700000069010
005060090090003000400000200000400000007030600140056007300000014704805060800000005
020009000530000000000300049010600450900010070007050002050000060700006130000080000
020708003000600000150003700700030190000000365000800040400000000008900600009000030
000200090080500000129007000001820030000000700000005029005300007070000008260071050
920000856030005000006000000058900000000000003010026000080507020200094500000600100
008300501000100043390000600000009000600020000000000012560702000804000005032650080
008090640003007900000060301000008007716000405050000000009500000000403000000080020
010086005687030000000000010000000000070400020400170000031000006860000140005009003
000706008150000000040000000000000002900304500200009700000000200020930100800170000
002009000800000507130000000010380000050970008000600130000000805000700020200100076
050803000000050000100090060005370200062400370040002050000060008004007610000000007
000000062060000400030040700500090000040080000080007530600500200200100908100000000
800000905900307001045000000070020080010000000508030010050000024000074050700090000
050080006040000005100030000007408050030100200004950080700000020000005000200096000
040030070000500040700000361300060009600009405000200000000001000050700800080090600
080000900900500006010800035100040300004000000000728000040000000079604108000079000
005304060000000009300092001000009400007800000030000200206180000100000800040005600
500900008000000200009730000600400050900057600020000400050800040000002100108070000
006500100002006030050004000040002050007000000003700418000000305604070000010060800
000000090050980200040520000008001000400000003613000000970000004000060020802074050
000200008100080050005030062000000001000000030037020000002790016050003090900560700
000600300000091006070000000400300200500060000060000047052003000900840003004070020
040950600090000000000076040000007000006390072021080093900000050500000006100023000
030400210006100700028000000000960004040200000000000000000351000083000025000002090
006300810000004050000060904010009070025030600400200000000000002052000080103000500
400763009000000070000000053000902000000007012008100040000804100210000000800306007
021000080008004010000060007000000000700005809000490000010000036050000004906320000
000000000000960400060003002080030047601800900700600058200300000040009006000007014
080000004305400010004603008041005030000940050500000600000000005000092000067501000
045800903009000006703006005007020501520030000038040000000002800006000000000080009
010000008003796000700000000200000009000508000005000601000000007100604300064080100
002000000500790000070023800004000020090800003000500180030000709006000000020030000
008009050700030090200800000100000402045200000000000060000050700073000980010400005
002019000000008170907000400038000040500100090000000600005030000300901020040005300
000200015100000000007006000600040200790020000020600984080500006005009040430000000
000307010090000300030900002370000050006100080100645900402000000000060000000500801
000160800004008000058000000000000002000016040307854000400920000000000003903000070
005100608730090100000070000010006080007300020009008500083000000050060009000000002
000040000090000400074020590009007063000010000200500170000003906005608020003000000
000001063602000000010507000000208000003900540000050000070080301006012050000035007
004003500600008000005600009000500000008000050000200086709000004000006002000014900
000390000750006403900000080008000600005010002103065000000000000000001900800200107
004025063600000090091030075300000000040380500009050006076200008000500000000000700
100800002049000801000000050503009000000080000007603920004700000700500690002000004
500000000000030801010209000102000080000070000009300600230700015000410700000008003
350000000000400906000003000109070600400000010027000003040050000005162080080007002
070004030000260000601005090700000502103020009500800070000000000308100057050600800
009300800000004003700000016000000020200600000980002071125007000030000200000006000
060003050009000400000900070000058130002300000040000700000600240080009000450100000
006000401407000020000000006780304610200078090000050000090006740130080000000005000
700053000040070036500008000005060009000030100000100060090200640002004090000000080
005060001000400680100000020000081009000307002000029300700000000000008573832000000
500080200000027019800000004000074000700100003086000700040001008010000050009005000
050000000200000009008603002001000260003750001000008900095800000040009650000070300
000000810000050004063800000000310000008090400070020195716000000040030009000000050
007002000200470005500000000300004750000000409010080002002003080080007961100000000
800200600002008091900001080008009304030000009004700000000000000200030800070605400
040000037006004200900001058000050000004008001000070092050067000090013000600000900
004050000109700000050400000085000700000002100960800000000504038020000009500100000
000005300070100009003920400900060000000008026000000800037450001008002060500000040
090004003000000000050000200000001080003207050102009007001708030030900000400050900
000509700006020001090007060005000400009300002000048100508000040070104003000000008
700090600009000015250000089004052800000000000000769000590073008801000030000200000
020050600070001000300000000001207006000010700004300080400000109507000000008043000
702000000000500000001790006200000017008006050005000602000200500640003080000080900
000800000063000470080000950017060000002091004006000790000074000000030006300050800
000324800600800003000000000007400006000000541020001030000530000008090700090008000
004000000060030102000900500970000800002004006005090007200800000013060000000302605
403120000002000800090800003304500070900000150600000002700000910000040000801000060
000000607502601000807040000000067050000002019100050200010000003020010870000800000
090000070100000005006080000739200000800010600001000040000540008500600090072000400
073040008000060024050908000000000000104700009000000752009070041210000000800020003
300495000040003000700060800006000000000350016007100050000000500000920043090000001
070908003002000800800000000003007610001200300006500090050070006000095720610000000
600400700070820000000060308000750040065200000012009000000530209000080050001000000
000000070000001094400086205500000006006050400300008100000300000001749000095000000
000004000500008000600050010000060090050000701002080040047000003010090086300500100
002000003409000068007000010100048000046120000000050001070205000000030702800010036
009100600000800004000053091027000000690005040010300700006090070002010000000000008
009027000705000601004300000300000010000940037000000000000200060001070904640000080
050010000240009000900307402000060040091000000000005000008700009000000380709002000
583006010000000000020080300000009051000000900450000260000607000600800407307000002
003001400000080020000053008870000000600700802010040600060809200000000001004520000
200080503310400000000007000007000000800000042009050100001030000040700300080042005
900000000020100070001000043000300604000408005000002980710930006403800000009005000
104000070007100060090000000071600090020080700003001050000002004500000908000006010
000000800000069040004000051020000100105800060000705000802500004060000007907000008
000500000040030908905000041000007030020005000403000000000600090860700400000008072
900000180600289000003007000050000930009000701020000000006001503000503070000098600
001700000509301700000080004800000009007000000000250470006020300708090000020003095
000002095000690100200001600080000000600013008700006002050407000090020300000000051
080070000140020008069000500000780002010032000006000003004900000200400900000007060
000000590000430020200010300009006007827040000000003000004020000006000031700000060
000000957940008000000000002030200086090005000105080000060000000001300000000001729
785200000000000000102004700060100005000090106001085000020000490000340200600009008
000007030081000000300000040000000200830090001045003060018006000059080007000000090
000806000308000900700900010100200000060008100000070024410000007020734000000000000
009000004000010060604005070500763400000000023400000000002090000000800701000040086
098000000300800000000203007000067010040009300076000090000000400004080200030100000
940080000301000072000003000560000007009015400004000020000050000000702009050801000
300400708001000040000000932000020004000300000008570300850000000000600000602104005
200074603000000010000200000410002005906001240003000000007050004000300000005000308
007000000300090060000230005000500804003940002500008100060000943038000700009000006
400050270701400000003000006008002500090003007210040038000004000160200700000105000
000300000670000030010000009080000210005200063001008090000000506500602000207010000
057600200000700000000050900000017003100406090000000060009004006024080000300000801
000008000000000000004750010070045080300000001008200070603090208040020103900000060
000000302300020008005009001050600080100903000002000014004000000006080029020054000
000086073000070200034000085100900000020000009006001007000020000670090000045800006
100003000087906000000070400043087200205000000000000300008000020020030008400018905
300040012006102700500000300403800000000600050009010000000080060900000008130000900
308090052060000030400010000670008009000127000000400800004083000000004003000000090
000080000400057200002000070030000100008000650697000300300700000040025000050018030
000300006216000004800104000009205000000900038000000070000001780307500000004002000
080000350000001800609000070001005980500004000030000001820700000005000000000410060
000400000380005071700000000000008006009020140604003800000000603400000000056070000
901006000800000200000023000000000370004102050080000091000001530095007000000040600
042683000000020000000007500001000020096000005780009040170400000060000900000006400
050100000070006009020570006804000700000058000130200000900000462000720001010000000
284000706030000400000000082012007800000306000000000061090080000300050000875903000
000010600003900048000060070002090000100780060008400300070000050245009000000000080
009010400008050000010080590006005327300400000000000005600000002000021809001900000
607002300000000000001350020420000007800900040005023800000000000000031000089007100
007009200200000000309080400040900080000001000005400000008000002700000610064800037
030950200000071045005030007500003800008006001009002060000000006100000009000000400
730000002102000670000900030000090300000060500400000080006510000503000008004270000
097000006000400007000302010000908320000020000000003001800000570041000060002045000
000000800020750000080000031051030000400020900200004000005006300040500700670090080
400508020010020000280000405009005000600800000140009800000000000030000500000210083
200050634800000000050030800008640500001000408002000010300400700000008000090720005
002000090400000805000090000010009036020010008009005001000600200080050060030107050
000000000720009800001000904180030000003400080000205060000000600060100570090506000
005700009800040007060000001000005900008003400900002070000200300080000010124000080
000000310850000000043090050000040000020010048004059073002030900300000000007100604
070900258040020700009000000000301025030400900000000000420008093800600040000005010
000000321003006700050040006000035070600008900000000080031004000000097400098060000
008000006000040903040620085000053090020008300000460008200300000780000000635000000
000040007800912000000000030010800000450000000008000216000030094900000000506780000
120000080000000950000070000038040060700582000504006000000908710600000804300700000
002000860700900100805000704000000301450090000200000070009070020000500000000038040
009300000000200030804090070080940000700000050000000800200080500401006003060010000
902008400060000080000009007000591000693700010800000000708030000500020004000000002
800020600000000270400009000050000308060307010008015062090000001600000000083002090
008601000102007090060900000007000030001070400200000500000509600400010000050000008
500020001000070904001906050068002000000000403090040600000200500000001000000450819
306890001000500900090102400800001004014058000000000006007000000620000098000026000
070005020000000800008760100000100407001030080069000000800000500000056002000000030
001230007000000000400800350080000900000013070090500203806020000000000006004105000
002000000000900050504001003706240000000309000000010790008000005370504000060000300
300090004010006050000400600000010200670008009000000030000009800000083060080054907
400700005053902700090300000000800950000034060000060002800000200070000040906080000
000000000200000650003490708400000000800005304000600000090070200600900071300500000
000238000060007040300004107000003001010000500007900600450100000008040006270000000
000000630600900580150000200002500800000702060010000000000000020860009300090167000
000000369369000000000000507580020900400001000010530000000002000003000600698000051
100000000009047508004009007020000000800020600601000030290076040003008000700000009
005000403100000607000000090003701000000003980200006075000007026030009000060105000
000000070001300000708620090087010200602000004000900000009000731300290600000006500
902080054540000600700000098100700000604210000000045000000000012070320009030000000
060700090000863000000402300904600200000040100001000038005006004700900000020030000
063000002500000079000005080000000700050680001019004200000900000070010056800000400
003290000004000007000004003060400500000000081200519000005000700012370904700000060
000309200000640000090000300580904000403000010100500070000405000604100007800000900
070080000200000900001053200840000100005200000300801000100000406020630000004070000
100300800000002040020080105006070030340900000205000000000600002600509400008000003
300000008000003400008650102970004300000000000065031000600002070800090020009000000
006490020408000100000001500000063940000280000004000010607000000102000083000005000
000050006470000002002060809000500100803040000000701020090000040005100000000634000
010000050008009070000000006405080600020460000860201000080602031032007004000010700
700100090804000200500049060030070000000003900009000450080607000000210000010000070
000630004004008003100000002500000000010280000300007005050000920038000007900400600
000000370708010000000260010000000904070000080053080000032508000060030005005400000
000000005000100879007809100700500900904080060800000023003260000000005080090004000
400530006000006200003008000030000057000380000064000003000075810000090000001000020
200000086003007090050100000000034000000080160086000070002070000500000200310005000
000000000600007502000005180910702003300000040500600000000204000040000710180009005
005680002001000008000240003000020030072010050500700060218500000006000700000000000
000000042107040065300001000200905800070004000000002003001030000900000506020000004
000000000006050740504008002000000200800040007001080300010600900602000000705003081
000000200400300010709005030291400083030000006008000000800012600000890002000040000
020000030000000904000302500209560000086400000005810000407600058000000067008000400
000001000000000174079003800405700000001000000000608003000400000800000009000062510
000000040070052108902040005680700400003008000000000050000073012015000003006000000
001009000609008120000200000064050000000006000300000014000000700906000048540900003
200040091000000070010000600900002000000000002600500000000800004325006008089730000
080000000600005700300009080000040079000000000020390100802000031000056000007000250
005000000380000020260003000608501030000000600000000204004350000000002900010090068
070000360000059020000700000800005107020900000603800002006207000000506000100030000
000000600070000210000007005204010000300090800001002790002300400400600007000009000
106007400000042007000800602000060001000000200400305008540000090070003000602000070
074000050060002100005000000300704002050001000002006003500000086008090320100300000
005007200060005000308000040030000106020000970700000000000600000409872000000400008
010000050700035900060000800600004029900000000587002000090280000000060000000070032
008100006106002000000030870040000002000000000000278900000000020871900000002005400
300470090200105000870002000000900500002000019107000000500000000000080300060001942
000700004000300610002009503080600000290070060040030008003090020020004000004000905
006800009000000038030000764009000100000021007280030000003005092000006000457000000
800090001000700600001000080003050002600004530940000000508010020000002900000430000
000009108090000000800005000080040000300000512000200000900000360050000049072600000
580000060000000140600009002300008201000490830000510000005300000000100786007000010
000000000527000003800710900490030015001980006000400000200000090000100030005804000
067000000400200000000617300204000009800000050000000700051042000600900480000003501
050100000000008096200900003000003050091004000002010000000320004700080900360040800
980002000000809004701000060006400001100000900000000030057000010803100040000560000
048600071000070000700100060300008040050960030000000000430000005800031000000400096
007960200000080000800000046002016094500009100009000000000750020930001800020000600
080030000010000600307000000050700030800400006000381020600240000020009540900000008
030000002400000500000020100105070000090000074600030000708200000000816040006000090
806000001000000000900380450040020390000040675000000000000706000600090004730002000
006300000700000050100020900000009006630000040080200090005001700000940018000000005
005000000000009000742005600007000054083070000000000000070000040100860002020300097
024007000306000002000030000013072008800900000000803060090000200000006054007004000
002080001001200007940000200500600400000040053090800000026004010059060000000308000
010409060008000390003070000000000000024700000681000004900300840000560009000907006
070000300200405000000000190090004000000006049800020006400760800000000000030051070
002007010600400300400000080000000940000210000903006002050001000007608003000000260
009005370000800010700610040004000800000040000213000000050260090030007400002900000
000500100100060480000002560005004607900000040008000000800625700000700028000900000
310000006705190000009000070000000000054003708008020040090010000000080005030004800
000030029080060000304000060070000000000042050006900003038005001000010008090007200
000005478000089000070030610005006002800200000900000050304000006000310024000000300
000080006046000002850000001109020000300810204007003010970000800000000005000408000
600002900000405020070090406000000100500000708000083050000630004800700003060000200
012000600600007100900500000309000500004200000000405000400100800080002030000380054
000000080090502401000060209000000030020400900003000000000010073048650000006000500
908000700000500000020000610002600000319050000060300080000039800005002000000100009
000004010590001600800070204030200708900008050005000000406000020050080000000400500
080050640040007050005060807000000071097006000000000000200500009900000018603400000
000000000800136500057000030502008000000600100000900056000005009071340000400000007
020600308000005000000000924006548100910000000500700030100000003000057800390000000
300000500500408000040010070000091000080000400015000009006900005000047080090250000
030000850004501300007000091900800070000000208050000003008005000040300600002070000
000000000000710806000602700002370000800005100007040503010000007200060091900000300
060300010200000604001000000530040000006280900000003400090060000003800050408900000
002004760030900040018000000005006008000700000000000594397010000000000050000000083
000290003000810070000300021013080040406000100080000097000400700030007085000030004
000008300030900005600000040800002090700180000500000007007006000000540600009020010
005000640000080000000006200000000000410030058060000720026100000000870000500400310
039070000000300240000000900500830020600000109010604000700003050004000600360080000
030800009805001000000040005000590000347000000006000700500000800100208506000000024
020600000000050040007200300030000507000040031090700020160090002970800000053000004
010950000705000010006100900030000008600090400000080050000060000809007020500001040
030700208002000060000005039060008000000140000910002500007060053045000000600080000
000490300007800000020500000780100536300000010000006007210000050005700901000000400
000000791400030000008000000604090000000400002003001800020073006000150070300200000
600430000000000098000000230006090004030028700700000005048500000000310000000000051
580007001000400900907000500000080000003009000200700600000803010026000080090000460
000006003080520001000000940093080750000090010000075002000050000034000000070400800
090000300540030002700040001105000000000800907000005000000700000200000600600413709
000300208005000003700005000974000000200094100000600000107000000000960700000850006
030100000008534100000060050192000000300007002070050300907840000405000806000000000
019000002000410030600080000000030580098006000025000700070003010000000205000100009
009034100008090005102000000060050000900007006000000480000000071200003600503019000
000009050860050007047030000000210000025090000000000400450000768001400000600003000
000080000000300006098001700700002403050100800000069000500000000004007200000906000
006000150020400000300060409709010000000030600005000080800500007000300000000700208
000009306090000008000300020070080200001203000000006530058004003400070000000001090
006000200009300100008010650040009003000000000021078000060904000000700008070100500
065900002000700913000000000000003108080000500700005000600302040000570009004080000
400002007089000000000050049000800200070030100926001000001370058000000000837000000
500400009090080030100000800000000100040000000073000052000509000000020715002640080
300000070200368005005004908003040000000200046000000520000000000867000300100870000
009400080000280104001009000060090010080003050007820000006004300000000000710038000
080000004000900080009072300010760000000008000004200500000480000007000006502003001
000080000907001405000007910500000300702008001000005704000000042800050103406710000
300020001400000050000050000000001004006070000900060503130200800000500046007000300
034500000005038000060000004010000400008002000000080620000064090072000000006010780
002000060900100074300006002600003507708000600000005000000504003009700025000000800
005020060000805002000090070030940000000308001900007000350084000060000000090670018
000410060000200904005003200009007000000091000030000000007600890200004700600100030
079000000080003700005280000002000000100000094040000200000002803020501007006900105
070000000300070000005048690000609002540000000800700059000200004000000106006000080
000200800009016030700090050490002000105700000030005089001500000600001002020000500
230000007010206004000091000005060000000000000700000691004002008850000020000109070
000000087000010463764005000000700008040009001000580020005020090600000000039000000
502060000000004080000700100000000010971000602260000500054008000000003000030090200
040100005000200900008076000000500700901400000007080020400030090000000000000900374
400150000070060008010003096007001000000500800005938002000800000020000370000006000
073000029000070600009000030908000500000016300060004000000000001080502006005001070
000000060100000000000700019509000030004300000000042006800430000670008004050010200
000065007009000100602000080000400000081200009000810000805000930000030000420900015
060207030700060085080009000000394006000000007006000240000000000805400600000002490
000008207000013006000906008040600009800700000001090000084000100002000400365000080
030000001200050047000100090000007000040006800106000000807400005004030006090001000
000000590504630028100000000000000153000890600070000000000000030081009000207000900
070300400019007300300000000002040000700000082500820000001000809006000070040106000
000090000860000705500000040005800009300704050720000000000531080070900000000007030
000000004000900070782000000300060000009103200001240060600001020000596000010004900
003009050000320090050780000060004000309806000000002900100050004000000672004000000
530000009060350100090006000001000870208004060006005400000000700020670000000500300
000003065026000000490205700000000007072010900900000000600520001100300009000700040
030802004000000070002105600000000021000301000590006000100000030000643200007900000
000000060030020000025800000810000540000003600000000078080074010002050000000260950
050300000000004070040000009008096002405001000002000000009500280000020090100400000
000060014000000050301000000004800020200070405680000000800400000010520800063009500
170000062000025000000000800000306000064000005019070200057068001000030000090507008
000005000901004060000000842100908007020000089005000200009602000000009300500000700
600000000500360400031024000000000060700530002004007003000010000072000001106008007
000039005010700600080060400050028000000900000002007091000005306040000800700000000
730009000059060230000000700000007000010400052600000000408900001300000000065208040
000704000030000000070238050400006010090050000000800005020910370500000020900003000
700000000080400009000005600076009030300004050000012000007200003008050070450030090
040600000000009027500042000905000000003000085800700002400200000000057000200010963
160400703005001090000000000608005000000070050000600301000000020203800006000107800
000100007009200005030000020200400060005008000000730090000000080821050030000090100
000400020607003000000000368000140000060080000900000870021800047000000009030001000
070005010600009004080410070700008053006030001000000900014900000030060000500000000
000040500070001000200987000700000390004010005000000001003009000060430100000000780
800000027037940010000000000900760000200000000361000009500004930000020008700001002
000200006500006800003500094002000060000010000000004053009005100006000070081047000
000026004001000200069308000300000080000500020005900400000000570107000003000000060
320000086008004000000700320000010400000907201000008000001000000702005010050200800
009080010080130000000070004006000000000097000450800600604000270025003000700060000
060100000800030200002800005140006090950000000008000700000000042010009600005002900
020010000000540038500008000052800007107000000380170200000000600095000003830460000
054008900001403000700000400005070200000039070060001000143000700000000000002500008
003400500000000100400000390000820010701096000300000908025068000900000000600310000
000480093500067000000000100000006010804000006001900302000004001009030000075600000
000060030000470800000850002009000680456000020700000005080900001300500060600000007
007004600010005000000800305003600100106000092080450000001000000800002976000000020
860000000005600700900001620000000003100900004000008060000000000084070002023400905
030107050000260030008000706000000005500000827701000000004900000000306010060710300
502300000700016000006008030807000060020000000000025010000901006068000900050070004
000350008002094003040000100000020000025900004108000002700006200004070500300000087
300081009000004500600900410060000045000000870100050000704500090000000658000090000
000000000509002400070600030000100904020050000000009060740903800002001300000504100
080500904000430060045200000001020300000600000008700010000006490103005007000000003
052070090309200000060503000000050910000008003800000000007002000180040070000010050
002340900708001000000005000040500306109030280000009004000002561080000000000000070
590000000001000030000010492200060071007000000040309080000000300700000000010830027
051040200080002000000006530000007080093000000170400009600003901500000003000070060
000300004000000900203901006030100000008000070504080600700005098002704000000003000
100203000500000600046010002000904000704000000090000020900002130060040090082000000
000520306600000090200300000070010005050007900300000100100098050080060040700005600
900040030004070060000009200520000000006000010780000003050004000000050008300008079
000005900000020000290080040050310800046000000020000090060800000010003050004006730
200000000006500089080003200005600007709040100000000000403700000000809020000000090
350800000069010030000000900205300009000020054400000000006000100830906000502400800
080000040065080000090200010000020970009000000000050600400908001312000008000000000
900600005020000006700080429007001040409000003030000000000460052008000630002070090
000900000500200006690070028900005000708002000450000900000008037070000004030006080
159000700000000100000760003006820009000500000704000008060200000008090001000010940
500000041000300090060001007045800000006000029130000000000500000000030700802040600
040000007387006020000900003000590000000408005504020300260800000000000798000000000
000310068000070000004006200070004050081000000000000120630000070097060000040000003
020600800106002050300870000040900007800030000005000392000408600908000000000009000
070009002800300060030400059000200593200060040004070200010000900000000035096000000
090700001000000070006000290004000025060008700102600804050090400000400000200300000
000300005410070000008100940000006000007000681021040070000002090004650800000000000
100070604006000000304059002000040030008000200453000000870000100000000083000260000
004801000060000805000000020510020300000009500002008000047600000200070003090010064
000010064008000100507000200009071040050000000000005872003008006000090000040026700
000500000300020040087000501006049000020000900740600000010050200003000019000007030
090010070000000040030048015000860000000503090082000000000000921708000000520000000
300042000507000290000010080000501000000030800005028060409070000006200100030000500
070000001501270300000000020105300400003020010600000000048090570307000900000000008
040000006510000700200038000600300015001060400007100002030000000000254009900000800
300600800026590000050000019400010380000000000570030060000000100000452090200008000
000020071007000300008090050015900000000800600800000034000070003026009000900003010
900706000000008000070000502300000700000050600400180000701090050020000080000802030
203000800080070600600000075060000000002400000010030047805040000000000950030020700
019000084002500000050400030000000003200050000043009001000120068004000000500804002
009506007000004000000090053205040100000050040060200000076100000510000700902080006
047000030000000906000200800005100003900700050000009070070012080009000000004008200
