Seed: 1640218143
Cooling schedule used: t = 1.440000, alpha = 0.999900, cMax = 500000
007209010014080005000000060001360704200000000000701030040000001000850900000006000
000070000700000052805061000307000000002080900980005630053604000000000000090300400
000300600005000000910700000500800030000005004040030760070008003002001057000000200
600000004000100020300005100087090000000000590000204600700000000130680000000010740
308070000010080200400000900000050000001000000000902853090006400020008010007090002
100000007005001090300076000080005000003027800000900000069003004000000023000748600
600200010000017000008050040093082004000070000050000089060000035034000800109000000
140800600000020000708490002000000001800040730000010280300082000400700910000900000
090200100300008000000490000039107000700006004000040905082000060600500000000000031
030000000402000300005000016087000009500600070040030001000010040620300000009502008
018000004900070002000030000100000800040009003009010000502008300000060020300790605
000060500030050007070000130080204000000001900010700008050000702008400001700005000
000000200001070000580100600000020900000001003603090700050910000060500000700060530
000900000000000270600078045740305080500704001001000000000500600006000004070803000
000050100600004020010000050070306010000000000260408007002000000009100080000007009
000500090730204000048300000097000000000060000003000005009400080010030040000008603
000014070064009000000000360400002080000067030009100000000050007005000020076300800
070000580893000000000700006200000000030095802400026030002600100000000000001070290
900004020018060070000900360070020000009000030006000040100006000020000004300041650
021700803004200000000010609030000004080000000070000501900080300000097060000123008
000008140034000000009001000350007000000500701080000002000005006020109500690040000
000080306075009010000000070030240900000000000901030400006027000003000640008000001
060020000800900765500000900000017090006002410400009030090300600000050000043000000
056000007800040030090080100000007090540000000020000001002090006070002000001006008
006050000208000390000000012020300400000000080080216030400000070090830020000000004
020050000600100030000006902000040005801000090900000700000005003060009000040700010
001040070500000000003080100406230090008000000000700460710093000000560000000000240
600007400000000900000900030086004000570080096290000000900026800003100075000700000
307690010000307000090100050200030904400800070701000005140906000050000000000000020
000309080052000060000000400000040000380200000064800052009010605000000040000930100
000000000900006000002005904003000209000030000050804007000680100070020038009000040
009000800000050340004000052080009000040803007000070010010007000008020105900508000
000160000400080000020000010200000500000700060090800001000007206070050090000901308
005290000000000000703400050069000205000000003820100400000010000000600047480003000
010000000000900504005023080034008020006000800070000300000100000083076090000800106
000700800048060020030004000000075300000000900007200000501000090020600000000003501
080017000002000190000240000000090608300000079709000000900000020000150006003000000
020000000807000015000070800900040020300500000008009071004800190060004300000050004
700000080000006000840530100017000506000090400000200000080000000056970000000063001
039004067000327050000000000007100000010000030050789000002000000690540008005000003
400000507000800600710000000020050000370020095000043080190300000000000021000460300
003020060008900000050006000000005300010080000780040006000009007060030201002004030
200070050000900014009062003000000001700040000050001080004003005106000000037000000
900860000000004260004210000103000007060000004249000301000150000000008000002009040
400003701106040000800006000000100205000280047000000000020000900700000803050600000
010308000370026000000000200000040509507080000040600001008000904000000305060400100
005000008780350000600007400000800000004936000000000902500010046023000010000002000
000000070000528060000001508003007600940000200000010085000046050100350000007000000
700300000000000062000201500005000076000003900600000351007080000100000608200090430
700500200308000000040070006000907000034005000002008000000094031003000007020000065
000006007400002100007000002200748000000000090003510024030020005000800000850000046
000493850006500000000000070000000035304200700870000010160000008003004000090000020
000200090070000000100498000700002600000000004601030008003004001000003000005809006
002100900060007002900203000000080000310000670006000043130000200000008064000000100
000010020850960000000000406009830600010000003000000070000700000002650004670390005
600040000004010002020000000006070080000005209500009000001307900002900610700026300
001003500000600030940000006200009003010050000006300001004200000070000480000076000
003902064100000000000070501000047000050000900200809007036000000009003005000200790
400000060006000140008000003005030902230809000000007400000970000000000200020350008
003005001600000400000000000001060007040870020800020510090040750020000004006000080
000000060006007045180006029200900000000500003700004000001060000890002000000000952
070200500000500800580090003600150000403006005007904001000000000060700004000000029
004000060800209000730058002000000000000031940000002350400076000900005000060000130
000010080000095700200004500060007010005000304010000072000070100040003090807900000
800400030000300590300002070002090004045000000030001200900000010000030020001007900
006000000000070400005000020001507300500000000240006050000084600900602000000001873
000000200002410900008006007700500004050000000010903600000030000000067150600000700
900600000000010005000704030000000004070109002520000000800500706000090803100047000
015002800009005000000600000030520000000310700000009401004000079000000040050080060
690000000040009087005002000008600009000030108500090200800000900070800503053020000
700400005000010930430006000000070000200050409086000150000000000002007080050260300
503400060000009085040000000000010000060070090009004200250100070100003000004600810
071000005000090040304000080000070200009830001000010300000006002850000000060080004
900000003003002001007300090004000600000258400700000030000020000000704006280690000
000000030000709560080001000610002000400060003007000100000000092009685000078000000
100007000400000000090300081007050000200060000016000037000940700008006000000008060
036009500900051067001002000000010040008000073003200000000000605000830000009046008
560000040032500000010600307080000009609030005000006070800000000000010032001008006
007058003000001640300040050700003000000065000296000000009000001100004008003086000
000000002207008006005200074000106000700002050004800000500010300083500040040600000
000094000710600340406000000000806107000200065000000003058000090600040000200900010
000390000002070450000000067070050000006100000000024701800500000030000692000000030
050204000060000000840360000230000000000000193000000068086009700007085010000000400
010800003020000500000104002970560020400080160000000007093000004200007090000400000
049000300100000000000800050053040001900000000000001820000600290200000007070005060
040000065280000000001900400000001090000000008000205000500020043030080010860000500
000000000000806034008000060030060080000090500090020016301000040500000002080109000
000009000000310000528000000003020008000008730090070061000000820006004050040900000
000020009000000080106057002023000900610005004000000700005062000000000060400800100
000500020013008060400000100530040700201000000070601000005100000026307000000060009
200000904070000000501000700009300020007005000400002805000017002010040300008003040
007020000050106000140050900700000000000007002000030006980000200200009003300005701
003006000091500000000107050000001000086000019305700080940000062000200900000070400
037000002600000007000040910500004003000015080000023100004002000700090501108000004
000080050000300004800079006600000000908450200000092007005001000380040060000000300
000002000920805000507040000008000160006009002012080097000000009800090040000006028
300000004400000980059080006903100000000708000706504008001000047000010020000200001
400709008002300000000060500040050032000000400950003000000980060090200300010006000
005000039300000670000000504509400080020000001087000000040902300006001000200000048
073200500000473000000000600000000010020000308000300456916000000000000200004039007
900200004005000102000000003008061000051940200000530000080070001000600030096000000
000708004300000000009300680070000000100807020000030450080500301910004000600000000
004060807000040010500080090080003000703000001000120000000015020375002000200000080
270000380400528600000010000000280000103007040000006009020000030000094000604000010
003806002060130000080074000000000200076000508800000040000019400700000035001008000
490000020000000000017480009359000000000100002004007030078000006000000005000051040
000072000006001500920060000017000003000100060602800090005000000000008205340000080
003940680080000004000000000000060090060500000720001030000710000600000703009000468
001000000490000000006005070805900040347000900009000608000040806700026401000109007
000060002009000048040009003700000600100080500590006000060042000075000300200900000
040980073090007000020500009700001305000000600000000080000000004500008020000430096
000000003080040000305000009100000502004085000000020601000400000040006900752003000
000371002000800015000006380700000000100602900000000250068000091200058000010000000
000070890200005000603400001300800900500630004000000607000009000105000000000063200
500800700800360020000010060006000200004005003307000900900080100000400000000000072
700002040300100800682007000570003000090086004000209003020000508001000079000000000
009000180040600930060000000000470000000350200050012004200530060900000020075009400
070350000600000002030200016000005000004071009060400000001602900708000061090010000
000051000490060700071000060005093006000800090004610080009200000050000000003070240
000000000807401000012000830000900028000075000060002000001300040600104290050090100
001300060008020000090500700050100032000009070000800004030006000005080000069070000
041075000000000000600000500012004300000007009080000402800060050109020007000850000
730020000002000000000008705007004100090105803000000500000000600503001000001263000
000100040000003050400608900500000600000080400741000300020970500800020030690000000
007000400000080201580064003000000005043007900050800000020910560000000004000058000
000270003070090405000603000906030000002006090000400001004000000007020089080001000
600000090009640000000700080000200007001000000048000600000004001506000400200001869
002010090659000000040000800000030604007800002000060000100096070000000300000300208
900000003000020009000300210000900708402506000010700000000005670000200080650100900
002000060600050409005008000400000083003500706070020000200000004009067000700001000
000900004005080000019000800100000000400031000000020050080000047300090200090002501
500004007000300000041780000000030200000801603082000700400608300006900000005010000
600010090070500200000800000207609000100700003000000000460050002502900017001000004
070054000300200000000000340950003000000000007000006010010000000460080700802001096
000090008001000596000000000100000004007830002560100000030010400009087200000240003
000001000000068050040003900480100000010004030000020490700602300000000500600070009
000803000000060980009750000056401000004020000080000070100000000070000509002600003
020008009080005000400003105000030006600080021200470000900000000018000500000001048
800300060000007402000916000780142003039000000000000007000803025020000090900000600
400000100070000030000170600008004000700009003030507042603000009000081270020000000
000007000204300076600000900008000060000089001000001050300400002007090000000700300
008060071001000800450000006000010900004300080076200000040530010005070020000080007
900008050000060700000219008805900100013050000000000030002000801040000500030086000
710000000004709023000006500090030068081000000002000307008000205000040009000200010
200000400041000009060203500400078050005000007820500006000000000000304102190020000
000080040060902000002000100005008000700040006091760000080000051050630800000000600
700300000000090006600000702007006130005048000000900005000000080340000010580100023
650410000004700200000005000000009400900060308000000910000000030003904000809002006
705000000800005401401070080000890000300006000020000100000000005970400020600000007
100000460060100000708000000009000041000004007000286090200800700001600003000700216
009000016781003000040070080064090002010360000000000104000710040000000900000038500
040050900000106007090004301010007000800000060350000000000240008200600009008500003
850000201602000003000047000000510420000003000090000005060400000410900080000008070
105093000008040700060000000070000096900830047000006000009000000000004028382000000
090000000000500810000601049804027000000000670000000000400360000708902003300000100
029300070030080090001050000000400060000000420090002500000070000004806000005009730
700000040840020600000009030010000000009056023500200007000003000000060008670400090
090000075003000002020700060000019000000560800080003000009400000130000507500008400
040050200030000000007600000000005604002003009700400001000030090080700012301004070
000981000600500000900000020000400060070008032000020005004009070050600400061000000
000000050080200000004091002000050080400719000061008000000000061100003000832000540
028000000300820000000354080001090007070005003240000800000000100007086500000001000
090000000003008040600700320406000000070060050000300082000000406009000000002049001
709040000000509800082000000006005300900006000000000210005000040023000095100800020
000000500009036170106000030080710000300005000001083060015402000000500000090000200
002500000040300009090100200010000000003080040405020700069010030000700900008030000
074010002020700000960080045010000300000900010209000006006300000700400009048000000
098703010000100009302900007030250000500300000004069000000000100080000506040010200
000009030304050807000040001050203600000000000030600050600080002023004000081000000
750000000030900070008000200570600020004000030600040708000010900007080003040002010
000000005000038004090127000000004010500000090300610000070003000900000040830701050
000000300017042009009070000021090050700000800000003400350600002062000000000051000
060002900094050007000083050006300200050000010009014008002006000000000060085000000
090000000200087600003000090000400560405670008060005070021009080500020000000804000
006070000100039007000200600000080001004102000007500003000300000200000036098007000
600050090053600800070010005000045000000000100000980000000006080084000002910002003
000000000060040000500206900300070090008005000010000340006900001030028000800300560
803002400000040008090000050000900300700008020009603005070005040100004200940200000
003090080002016070000000069000060000400300500007000090500901000009000207106004000
800600000000040005010007200060079000000005100700260000000083060008500010903000040
200700000000100030076809000900200087400010050500900000610000028004000000020300000
800004350004508000600000020009000700060100000010000806005020000000905007100300580
000750098000902000000004500000500070480090000030000100500020010020609030007300600
200040609090000000003026000060701200040009008050000003000060800800305040724000000
280350000005000000010000040960012700000500409002080000001804900000000071090001000
700040390005000004200000105000900060060000000009100400010769000020008700003000080
000180940000009803800000000405200000000010065007500490040007020900000000302890000
000730016090000037030000000003005008108040500270000100000800020004200700700950000
800200060600080200000030005000000603001000000020009007000050010740100000039070800
000020106060000580003000009084000000070900000100600700000015030730004002000007000
800000100000002080600709000070460000000000000009003040050800720300006001704000500
097053000060900080050604000000000401015008073703000090208400000030025040000000000
000000430070000005300908000800005071040800090906000000480700100000000002007000050
006000300400000000080049100000002004000670010500010070720580001000090500060200000
000401070950008006000000830003064000270080300010000052000006000700000005300090000
060000020075000038200090074028364000040000000300000000650008009000400002000903001
069030008010280070040005300006040000700000080000520900000008030090000050080000002
700020008020000005006738009090800000000900050040000061007003400001450003000200000
280000001001000050030001000008000103007950420000700090040002000060090040309800000
050920800000005009000087003030009028006000047000700900007048002000000000084500300
500100090000040000000000045700000030040290080001400000000003108005000900060508003
000400001085000000062003000650080000010700840000002000340201060800000015020000400
000405001000000000061090300000004070080060000052003900200000006690008000034900000
000080000900003001026000908070000204030200000000405700001049000700506800540000006
001700000900400000070006000006040920090000050105000380009600001000300200850001070
000002006000900700000800020800005970400000002109307060000003004010000390006080001
007060000900074000001300260000000000000041800700620400502700009010000000000930020
026000701090000600000190004210000000008000009000402003000000057530000800800017000
600100950000049006300080200070901000014000000000800020526000004000000080000075000
005020000000000010800010405900000000280900137007000504300097001000460070000200300
082003000000020000000580460050041000000000004007050300240900005000000097060030200
000078050028130000300000000000060000000702049209040080603000900070000020010600800
037010000000096080001000000040060709000804100000030020000000004209070050450000000
010000030000090000300200904800050790000800206040030005000000000050300002009080010
040038000600420005000600010010000560069500070007000001008250000000000000700080039
905060000000045007030702000003500700710004000004006000050000300200000486000029005
800010000003087002070604000400008005006400900000000070000032406050000020002890000
000290000070000060900400032010006200092000000500000700001900070730000650000008000
000050000213000000600300002002008504007000300960700000000000869009001000450000010
007400203000007000064000070700000125003000000000805000200060000500090830600080040
041000003603800000090000080500003400000075008082400009000012000050000290006009000
000007102063005070000098000076300001800000020010000600008043000901000800000020000
009060007000070100000800340064180000008600000003200700800000020070000503090040000
090418000300050408010000050905000040000000806030000000000070029007080000000006003
000130000041200300300000500000000000004000052002956070020000003900008000158700090
095062010000100090000050000040005020120080000059600078000000600008910700010000003
000002003020060080000000096013005000000004002009381000000000007600008305001007800
060000200050000380847000000000300100900000040170090000406000001000004039020100006
003700000002000005500000006006090040000502061000001200090040000050076004007200608
200000000500000094100050307900002650000000010000903000471090060000005470060000000
900000000846000510000090000108000700000000030002400050700600900010004000060201080
380005000609000078000000000060002809900680203000030100001069000000000000000703405
000000010000010900100062040200007001900084005700290000000970008030000670060000000
007642900005090000240000000000010068100007005000060000400200800000000030030800042
000006200000530100001940007030000060290000700000205000900000003008000020400017080
600034097000007030003500000000000000802106070090040200005090302010000000000010065
000800704000079810000000000000900100006050009007034000010300098000010620070500030
010803090500400002970100080450000000090000031000006009000004073000008500040900000
003000008020430000010005037280600400106020000000090000090750080040000670000000001
040250086005006001090000030001000000800000790700000200600708000900100004000005000
063040108100090200000600000000407000700080000041000009900000306008070000302000500
000002005050008090000100470002065100070000060001000003405900300017000000030800009
000009700190460000003000000709020600000080904000000000908500040040700010006000803
000500048000010050200000730004000300000009000702000010097040000500800000300160002
701004060004000000020301004005036000006090007000000500090070048000400090000008700
006058000430706200000004000003000000000000512670020000060090004000500809200600001
900007850028005100000000003000400000804509007030000009000000020006920008200300006
050492000600000500028001000090130005300000000000005000010000830400900650002000700
380001400005000007060080103000040820000607090000000004000005600002000000100004900
081000090005009800700020600008000010610000200000900070097000000000002004030570000
200700090000000705109530004401000000600400003020070000008090020000040039064000001
090074000500000090706530000030000061805006000900008040000000100000005002603020570
700000000300008540001050090607040105000000087090200060000430002010000000000060001
000020301610500700009003400500008007040006000000740000000100009200000050060002000
000640008149300000000100000700000000265008300000510006003070120000000009070054000
900000730054010809006000000200004005000078010019305002400000000000000003002900500
000046001098030000000000003001800004700000500054200000070900000005008020030060080
020000007306200000000005004090012050100000009748009000000390000504000600000006040
000023000100800400000007089030010060006000800400052900007400501000009300800000000
060000070000400091030600000800007006002900100000032800080020000009000043700004000
020060008900000000000002070060400520001500000450000306000000100608004000172609050
400006050080310700050000008870000060000200000030000010009040370000670940000002000
100000840700002000000010390001000600008290035000000000300009020000860070090400008
009010000007002090000056002800100000000003400165070000000000000700040815010030004
590100003000000019000800402038005000400000000006040895000031500360500000900070000
006700109800905006000001040050020070000000008030017690200050387000000500005008000
000000003020003408050000000901000050000002004830060070000508047600030000000040010
000500400000038020000140600047000090050400130006000000001000960900050000603090050
006800002002006005870250090905060000030070000000000003000020008008000039053400070
000102000000600500860000100006000240020507060100000000003090602040010003009000780
000001800230009070005002000054070090900000200007080000001040620000000000000600304
009020007801053060000600003000000008005004201000005640504086000130000000006000180
000064000370000510000100200000027050250900003000000904083000001140630000500000000
000014600000690000800000030001020700037000204000009060005008102100000040002007003
600000028250700000000000000030000050000600301570403600025306040000900000000500180
070086000230000708001000000005400009000010040900300000000100000800000205400062000
270800000003010005048002607007000000001300806390001000050060012002043000000000000
030000010007380060000051800400600030000007400780010000240000100000060070000820306
007030000000020810005008000300900000069002000000070201006004080002600140000000730
005081900000340006200070830069000300800000070000000000600100780000090100002430000
805000040004209008600800007006000030000702400370140000000090000000300090009007005
400800900000000500000701600600039700000006000350080001520903400980000000007000006
000000012029400050000008000005014000700060000031070020060500080500000004090600003
090000200085000006100508007001000000740006500000740030009300000060015000000060090
000040905000500000060000000100600400009004008000080209018000000500390000097000853
000200005000000903000907000000000007200160040019000000600503004300040028002790000
000100650800026000000590000609004003070000000000002084900400000065009030003001020
070001000308050000900008046207135000680200000003006020060000000000000850001400000
000004000000730000009010380040306800000200009000009600001600050070050010004000000
009700006000069020400001007670800300002000090080600001040000500750000000200007060
001054309000090050400300700000700400000000600080043005706008090000000080090000200
040003089900002037000640000004700000800300010500000800030200560050000028208005000
600000080000900010000010000001030260008000350005027000000503000089000600002008500
040005800007080050900000200090600020000050000806204000000000300004700068002006004
580000000002650304001900000600300090000002700008000060050004020700000600010000009
050830000006000049001000000000000030000009714280000000003700006000090080420001007
009000000541000000073000005000006700090200400600470058000004010000067503400500002
607305000000000502000010070900000080005046720000001600540002000000900058000700900
090000010000020036710000008600800100005400209000305460007046000200003600000000000
041090206520801000906400010000000000009070003010008700000500040207900500050000020
050004000002030050030600009600080570000000001000059008014900060900000200007060005
000000000104007008090052100500040000200060800007000201000008900700000000005300670
094000000500000100700400802000906000003800604400000000370600000000080000900030051
000000020109000000300800105070005000060720004000300280850060000000500006000002408
000800906003050040000090500000000073170032600090000000730208000025000704008000000
300800106000030000050040002600750000900000030700104000010025040000000000000000721
081709000700200005000000209070000180805000006000320000000000000090046300004070000
016000004030000500000304080009208700170000000000009003000900060500070008900020070
600040000000800047809002500007000004090085030000000070008006003750010000002000000
020059084000860000000002000580000070002700019700000000050020003309100020000903400
040000000067004005200100086700090000600002043800406900310608004000700000000000001
107680000600000000040300007005000300708200004310000002800020100204018500000400008
005000030030208500080000002002003900700000000300091000520609008000000400006400070
004083009000200680500006000060000001000709000908040020000007500050000040030005100
401208007000000000006400030850090000090007003000000040960000204000302800000000060
000037010806040000003100500400805600000070059000004000500300080020000070900000000
005008007000006000070004106700000030100007008500900000000000200834705000000309400
009601000087000002000005400000800175000000300000009000100940006060013000400006200
600030000008020030030108000080009500020000709000006000004907005060000800000500060
090080300300700054000000000700000210000000090150620000600400075042008000003005000
000073500000100000030058060804009012390020000000000000080030600000000104610000705
000460008070002000090307005002000050007050020630000489003000100004020000000504000
058020000004500900000040010000006300000000090400080002030008000900001500002630000
000008200080930060064012000200601080000020000040000006000000000000506048005000391
030040005000800700208000900610000090000150000000286000050060002004007100000400036
021008030709003010030001000408200000605000200000700609000007000050040020000300905
621040005004017000000000000580000000000006031030020060010000742008904000000070080
950003000000000090000080004609030000010400000004091020100000603730012800008000005
102000000000000000900573000003008014740205800000700060007000020008640070000080003
600000020002900000105000070006000057000008400000304006097060001003280000000500000
003050100000700002000060900640820005090000008700000064008000020000507000000009080
009040030200050040000000001020030000906000800083007064600003000000020700004000009
005070000000002000000409002000310000908005300601000008026500040040096200300000100
000000060000009830031060050510002000003700080008003007900008002100500000000690040
000008709400605001002300000840001000500000030006280000000000040005090007060002080
000000000904207000068000000400700009009004058080009600030605020040080107006000500
590000000100005900000097001000060000480100069050700003004002800003004700000010000
000320050006000102004160700000900473000010290000003080000005010025000000890030000
000002905000180400000000000007500000030000048010006073070004200002300010000008306
604000070007034000000060020008010004000000090900000067009020000040950008280006000
940000600200300005108020000000010087000005000005260000007100000010084060002000708
059000000600890000017000040001000039300000080000057000700009000000400060540780003
000300600030000010000059000090060008013400070740000000300000702009047000005806009
023000097000008000000500020100205004000030900030100008685040000000089000301000000
024100030000403870300060009000004001006000007400005600000948000830200000600000700
000000104006300020002070000000048000000000007500090800020006005430000000109054080
090000004006200000005637010638010070000000000029000040000800000003050006470001080
104000000050800000000000051000000308708009000026070100000507940309000000000042000
000060000400500008035000001043600000200040000806090100680005300020010470000000082
000780000002003000400506000208900060700050000000000043000000209690000130001409006
000052030000000000000107504080070016000009000000030420100200950250008000607500002
000310800039000007000080650000604000700000310002050709900000000000068000007200080
070400000006050000300007080805090300600020100900000000000009060200000030054700009
000096070010020003006000009000049000000010908009037000205000000000000800103060240
001300000003000061086020005004500003008900007690004000000000030000840000700205000
900020400004000070000003000000100000400000600306208009000050020079001000500400080
000760081300800520000000000000907000500010032000020000005040900020000870060005000
000801004100000000090400075007004068260000090010020000600000350003908006000103000
400000700025000001008274000000000000000500047040109200000952680009700000500060004
090008000140000000023600801000010008000000200300000056210300490760040000000000000
050000009000004200410600000000060900061730000740000108020000500000200006000940070
000007094000930000570000080850300000060090051000100470200000000000065000340000060
029006080800107000100000000000900001560800009004010050002300900000009706070000020
004090500080610000000400097500081040020000000008065730000000009102000300007000280
003006100020400700005007840000000000000090500800004902002001607010020490340069000
017520040530006001200000900000391000800040090001000000000000600000080007040100082
902010000000200000005400700050000004764000300010007620800009000000083000000000501
010000000500160000402070050200030870000007000040800001003095000098006005600000200
907100000000000803050000072006048100000000350000300000000000000704600009085270000
050360002300000400200000900080000000000090061060200000543007009900030000007000104
002000050601390700007010000003900000020007030050800009000100005400083200000072080
090007301006009027000603000000046000005300046000000090900000000403025000002700500
065300210007000000008000705600000000000002040024900030800405007000086000030000004
003000789008004000002030005100000340000040200800000070000062000070008050035000000
000000000000107300340900050000074506000000000590000108810300000004002000035001000
401200050000000000000005062010403000000067300030052680000004007004010000780300000
000000000800406072300010604000000000900000040401007008000538009605004080000700000
020040050100000009030512060000400000047038900000025300003070000069000000000200004
013209000800500030000000400007000080008306005000900006004000000700030020530002640
600104000080000500504000900000010006020800100050000037000407002000600080070005010
006000030000050000030068007000000503504000090800000001009100020200003000071800060
180032000000090000040007800430000100000003050007000420270040000000008000003105080
203009408000050907000000000009100000380000100001670002040031000000000000090200640
034100090000000200001020000003900042060070000500000630050004009000008000080030050
960002000000000020805107009090300050050009402400200300000630010041000000008000000
500009300082057100000000040090516070005000000060098002009004200400020930000000000
000200400003060000628004070009500000000002740005001200000800014010000590006000003
000781000010030000200000000400050081009060000006800407000000700050004100860000005
000000045040000260000005809006052004007008900050000000001063007080000306500800020
050000700600320009003005000000037000800090000090001406100000000902100008006000300
004600020000020035050490000600040000070000000085009060007010050001300209520006000
060090080280000000000026000006053100500600070091000000870900600000000210000470000
010000000040000820069100500200000000000976100000380006070050400400000000008090300
870300200001700090000000000000000005063100000052006170205400309000805002000000001
300200006002001000004080030000008000700000080008160290000000000506300700070905000
010700008040000100900100000000006001024008900009400032705002090390050200000000000
500000000001002040760100020100007080000010070090000003000038006080700004000025900
000006100001000400908102600030000000400000709107064002072080050000500060000030000
100000040000007060000000200020000180360080000040005030230050074000024600008090003
070000006304000050150000900020800001040900070906030040000000105600701400000690000
800900075209000080300060000000002400406000000000090030000170620000004000080500001
002000000170836000030000000005000083028040070700001490004063000080090000000000600
080000000603579800000000709000050003000708000001302400050000060007810000000007002
009060508700030009050800120060007000000340000005600002004500070020000065008000000
030980000400000013010000050002614500009000060700090000000000030050060208000507000
002400007070030600000600104800000010001800300940000056080090000000305000000070003
010005002004060050000090300080020900400070008000003040720900060000000000600540070
704000050020500000008260070000000000560002009000900013000030892000095100100004000
900007032000520780000000000030800500000001309000056000890000000105000240002070010
008200000006000080000500602001004900090000010000021003850000009004050008200460000
000003100400008690000070082006080000009000000023054001098200004000030050031000008
000000070410090600005002300048000000000801400000000031060103900080000000000040052
004102970700000000000000218096000420003050100000006000060340090200067000008000000
000000600000000735000900000008000007020500809500010000140009050305078040600000000
400002800001039024000001009060000930000000080200000001005067100070390042000000500
902070400000000098030040500000408003040201000000000001006305900180000000007000000
701000020000000541050000700000400805000000000920050160080001090004020056003009000
001090003520400000040000108200068000100002300006100400000006800000900060800000071
020008500400007600000536000005090001000600730009000080004109000007084000810000000
001000400030900006004070300003800600200000050017050030040021865000090004000005000
000000000600001204134900850960000000005003000000204096000002040800000900300500600
500000029010740803000100000000003008020090000000010450000301600204000000070000000
002186000006000008500200003760000080000000046000002071000045010408071000095000000
500000004000000001603207005020360040000000070104002000010005900080000300700800000
050200400407000006000500700000000800710000000063000091670040000805030060000900005
370090060000030500085000000040500000012800070007240006000000025708000090060001300
000900678810004009000630050000800000308070500020000000100000000000009002072340900
200740500400000600000580000000190006050000002061000003106800040080000200007450000
000000000040170000309000048000067000501020000000090050000000269020800035400000070
000000003680070000900000540008609000000050000206041300000020007120700030000098051
900005180070000500000083600007200001008700000100090000030000000006009805005002004
000002050460000000200005007000003040093000006500000100030000709070090060000801000
020800100000000840406090007002085030004000700000060018060003900000000070100279003
060070000900008006400016730100080007000200050000000098590020000000003470200000000
000005000648000000000002901400000000017000006006010009900450700001090800730600000
500100700200000000080567901006405000001000090000730006020081000005000030000300100
720004060060000190000030007809000300050090000004500000070003510000000000502080900
700010500030090000000200060300100206000500400000073080400000620006050009000029000
500020000106000090000910560000108000960200000000000003080090001420005000009000304
030000070000210000090007001600000209019874005000000000000000010050096000008750003
030000000002008001890000032306900000010800000050104000000006094000020070583400100
050300070000004009082000450003615080000209001007000020200080000030090500800000000
790000006000090015020008000600000100005000003000802569000030000900010000006005030
000760000008200140020000008290007003000010000170400260030000000000000401000340900
050030000020000060003057020007000000900018070002900800000006140000380000300000706
200060000004900308600004010000070490000000003010050270050000001730600000006000009
030702401000160005005000080096200800000000000007610009000905300003001007940000000
010000000003000000070409000000028090800700005000100670006800100092005004004012007
500000000001000002490000806002700003000520000030080000000090080080060704004250060
000706000002000700080090002059000008000035040400001000007010600524080000000002070
320060009000090007410008003000706002000049305800000000200000008050000700703050094
420070080050004006000506000001040070070305000009001020305800900000000700000003000
000080020000004300000500006807002900063000000200709000005000807040060002000000045
000000800000074250007090040036008000000007090000600002900000500500020013070005020
005024000400000200070000060000060004030090000000002108200005000080003000000100705
856000002007000060000000390300008100080000000001260004008100000200700980400032000
900400030002805000000007801000030000096000700000602100040000058080000000130070006
000700600080050900094600000000090800401000000008001003005004001000000702073908000
900000000700900062000080000030700850000014000002000003620000400000060509000045700
060079000020030000904002000000010300037045029090006700002090000180000004000000006
000000020800000090901006000010008000403205006000010250040300900600800002050009710
060004081001000706400000000000280000037900200800003500000010000040509060010000409
090060031040000060600100980014080000900600000500000090030001200000038700002090050
970000800050860000020070000090050000301000006000210400008907203000005010000020007
000000014000400850610000000000008600050904708000050000900000007300600500207510009
400020000005608700200905000000000078012080050600000009300002090000050360000800007
000080000329400508540000000007300240400000070050000000834006000900004800000059060
000000000740500000901672003060000050000000300500100206000009080400000000006038001
709600000000200008600019000806000005300006200024100000000000306007003084030000520
078000000230000000000800019502017400000090020900000005000600300047000600000040000
006009013070000000000140000000000002003610740000003500361900005508000069009000000
000040307703200100400009000000000030300800200050070800007000000968000050000490020
000000072000000500050720000309500006080200000004009000500300008017400390002000004
020050800040600500700030000004300081000000600080070090060590400000000020000400916
000000400006908000203000000430500008800400000059000702000003905600004801000002000
965200300000007090000100000072800405603000000080050000000000010201040003000020040
010000000004800703900060000240000800006009000009700650007000400008003100020001007
900800100000170000074600000806000900007000080000260070000000040029003056580040000
000001053000480290060500000709003000600050300300070020078200000000100006400000000
600030020500000000730002000000000082004067031008201640006300000090000004000006700
000200005002000700006008010000014060000070048690000000075040001000000920400900000
000030040749001000000060020000000008872000100000000260130970000900002380000040600
800000401001600079000500800007013000030000200000800700003000000090048000510000003
006000128001000060000008095000000001004003007070410000000090300907052000460300000
000000003210080000080750006000000490870000060000000138001830009600500000004200000
000008200200000000009607040300200900000000000050090080407100020500700008008902014
000003800203000600050000007400000000030700050976340000000904006000000002020070910
300200000008050040074300000120903000000007000000040001500700008000001900006000050
000090000020073006080000020160040080000050400007000000700900160600100003400005000
000007098020000700000081000000803000910000060000050000067300100000060240800100005
000900050500010000019204000700000004090000681050003009900600000004029008070000000
000007080000500007080100452090070600004000100602000074200080040000000010060053000
300080700901060800000000060826004050007002000500000008000600100000008309200100046
008097002000008004700006010032040007907000000000000300600010000000300028000062000
780000006594000000000004001000001005000092000600000080163040900005620000000000400
120030400000000060000570000800001000370008140000003090400029010000000500030000076
000009004006000920000080070300200000600104080500000607100967000043000060000000018
050000007001005306700800040010000000200060051070320004030640020680000030000000000
309010080008400000070030000000700032000004060000200000007901040601000009080057000
080007000009401000100300000800903060021000090007060200000000000070206040040000078
003014007740000010000900000010000056006003879080400000000209003008070090060000000
005000302000056080017000000800207003000860000970000860400010000000002019000905000
030047500400000802005601000000000010900000000021004380160908027000000000090070000
006380007002900000000062001000640032000000070097030000100804009300000800000050000
008300205500000000010040300000090402900068000000200080130604800000000903620000000
000205003000670000000100070500001000090040008000003047013000084405000090900006500
290050700807209005000001000000060000000800009050100320008004000026700004000300900
005089204209000000000600100400090007801006002000700050000010000524007609030000000
030015002060800000900070004000300001000008009040200803700104000029000000300000200
920007040001820000003050090070000002000473510000000930400360009000000000006095000
060001000900008072000000000003200500200700960000000008017090080600120000000040009
000070300002006000400009080009003060060040005500100008070800500000091000080702900
004097030006805004000100020000000609070063005018400000040008000067000000000000008
800009000019700000670030040060000070000908400038260000000100000000000504091070000
000000000000070506700841000200003100600014030070006900500000000090020040024030010
000100057000060000500094000000000780000905400002000000084006021600780003020000000
702900000000000000000305412090040005200008030105002000000000790503100020000000080
063029000590007300000001060081000402000004000000000791740000005000052906000070000
600000900008105000300700400000080006900002870030070000000301000280090007000000010
000040037100200400500001000030090700040080090050400008000000016006910000000004300
030000009040800002500000763000309017000001026000040080900100000008900000002060004
070200580030000006600040000000104000900000740023000050060081000500030094000000002
000040020002001600604200038001096000500000196200000700070005300000000000900000080
040000590030080000000706100000000800060034020000170960720600310009000600800020000
503002007142080000000300000000009021600000500001000740000040000000810090407006100
000890020700000006000500000050180700000000082100309000043000000000007200600000058
900004000050008700000030960060800010000000020708650090600100000095740000014000000
000108020900300000804900100500000860000000000001070409000000000008520694090010003
097008000004000005000630009600400030010009000000013600030070082002040500000090003
527000000010030050009800006704001000900502000002060000000090802008070000100400700
410000070000005380002000650000001000000000940000367000038006000690050000100400500
007800000000010602240000001059700000000100900430000080000503000100420000000000003
080200090005097020000050008148020500000003004060508200450010000602000000000000000
000090000064000800050000340720900006003002087000000400000053090000040000408019200
069000000180000000050008104005026000002180900800300000600000000000090750000410200
100700000800000000006000509003008007600900805000060040007004908540010000000000420
000403090000000001700006503900205470000040006005000000321800000000190002000300000
000004000400007689600000000000000000000358000780600302005000218020130005000000004
006000300030002049900000000000150076000020900800000003040095000090000014085200000
000000062082600000000000010010200003065004807000800090200500630000400009906002040
405000001600142000000000030030090100204000570000560000050010803002000000090800000
800079060000040007000000400065000000000000070004827090070104009003060001090000004
000009046000500000000470005600005327040007000009080600000000000007150002813002000
004002000060007000000000048040670390090100200070030001900000100100500700020010000
010700000020000004000400607040000930000080401106030002060002075300000000007890000
090084000000000200061309005000001050000030600000006009003045800802000000700000002
900670000302000900860200007000000002090050803500803000005004200010000409000700000
800705200040000610000000078600000109080901040950000000000830700005000002010000000
600000009800004000000000762000000400700020050004058090026070500470000000000300008
000200100000004700020000080000700060060000020400005301030900070080630009500000000
000000050000508030200170800000704600900000043008000005876420000020030070409000000
006024800000301000000000060030070000007600002002008019000000090074100306980000007
402000000080020000560700004000000806030200000000093500000100702006400001079000000
007800060300000009010000000006100000000500006000023017408000020000000070020049500
004000730000100000109003004000000008000029057006830010800005000602000009000001060
000800030700002690000014000080009050005000004020007003002000000501030000003090008
000370000089010000000005306010000007600041000078600500900804700007000030000000604
600010050020000008010060230008000000000870015000400003186000000003000000900387000
020610000900300060140508003090800500070032000000000008000209050300106004000040000
700230608600080040000000025009165000000000000400090000002000004001003290300050006
000260050000300000070005901000000809040002000000010060720000600600070400015900000
609801020000005000830000400720004080000027003000100000107500000000900000005008009
080097006600008001000400250003000000000000304024005900060074020100006000000020000
003600095070000000000040000010003070304070600007900102000000058800007200020506000
050000070009000046700620000900006008080100430000000000002000005004217090030900000
060070000400013050009040000000000041006300005870000300003097000040000280007200000
120000950000000100009670000060700000030102000500090002600008209002360008000200700
006078203370600018000000009002040070000000000090010002203006080000005000600024000
040051000000030060609000000000008009001500780450000010010800003274000000000007000
000010020507000609200300001700408003000005000000000705980100200000200000603070080
000706040148090000007001000001000730000100806000200000000005080083009000059070020
000900270006001000009000803500080100001000004800702300100000000080035009000070600
300041600000030470020000009093020060007806500000000700010082050000410000000300000
040020800000000030080509004509000000000002001007600045010300000098005006300000108
000000300607000050050006810715200030090000600000050000004900000000030107300400900
800000000070900060603580000000000600007040090052001000134000009000800100000050304
000090000040000700075001000060050090000000500000002030900005060207003000008000029
140000080023010050000000000010000900000300000059007010080000006007000003005920007
400023000009000300000154000900000004006008090000200038000035070502807000010000000
013000000509200030000006810000000185007000200004030000025000608030060000000090002
000904000408003000000705408006007000005800300000020600120000037034000002000000060
000007280091000403000010009000090000060050100100200908000130000025000000409600800
000000000400302000016000003000007000040000916600010500090004080005000037030080105
007059081000007590000010020070600004008400000500002070000000056100020000030700000
080000000700045080000000309007000600200038900000007150069000005000080000410900000
000824000004000800005000009001000948070000000860500007020006000006003050000005290
501000002062580001000007000050000000280040000000008030900700800103000000000030940
000067000020050080830000000000600008090002003060010000000028050003070010041003000
020300000000000400350010070030000040100960000090208006600020007008000000040000903
000250000509060008007000041010829000350000000600100400900000100000080003000004060
706030000020100009000000010000003400000076093080040200000009020040307000061050000
004700090031040608009050120000900501900000400008024000080007000607000000040000200
000000600860000000030900000000200000087005006400097300090380100300750000006000004
870500000609074000200008600400600015000010007008000006001800200000000000000109500
001020009000030070000500032028040700000000060096700000009000401364000000070000080
090040052001090000050200000807000090005806030030000007080054000610000000009000600
000000039080200070000590000009000020100006000000030860000050600008970013300001007
000000000010040900070003004200700008740360000000200503000000810836000090005900000
865000001030600000009000080500001900316000000902004005000805004000000003070092010
900007030004020706000000094000286000600090000002100500000400800007003000000901307
350004000000200000020007030030002085000900000000700910000610200001009006600000009
250090007068130000000000200800003054500700020000040000001000300080000000020506900
500000000200904087000300040000000009003409018006000000670000500000002000900005804
000007100000000600012980000000070002405010806080000030001400000703056000500000090
000600000010003400040000080370000000000900010000200809204050000500001903730060002
009000260000300000380070900006010000040560370701900000000100009100003000090005008
000980000600075000000006070000000000005090040029003060480000300501000026900318000
300010098000000007052000000000908200027005000800004006600000801000040000004000603
007000600000001950010600000030507009058009042000040030060300004000805010800000000
000602701032040000000980020006091507800000900010000000060400000058000000300000800
201000000009034070070100600052000908700300050000010000004862009000050000000001000
200008006000510000030060480820703900010080000004001000006009050090000804003000090
000009670008030000950070803400006050060000900000000204002760008010002000500900000
300001005008000060500300000020709000060012400074600001000000247000000800200090000
095061004060205000000000580000002009002470100010000000000800040000540000600000023
010008062000000000900520070000709080000061740000400000036000000095006018004200000
090570000000060070000002309000900002005100000008000560000020047010308200020000000
000040500500070030603002000300000000010003020097500060052000701089015003000000080
000600003000000048609000500000000070100000006000403205504008000038000000007302400
400030805000100907005200000080701000004000700100620000010080009700000030003000080
000300000006000087070040001000100090004007100009400502580000000000000750047890300
000007503005908020060004900000205090309000006500000010000000000001000000000382700
000000000050014063204000800010030020042000090000800000023000600400100007000050910
007000000500020000000800095020050000000048030005016084970000000000700900600001400
000601020500400008903000000008120000190004700340000000050060049000300000000000205
500037800009000000003400060090008007007000006020005010000001609000200054000506080
200700046010000509700000008090060000000085390000000000050410600060503002073000000
004000026300076000000040007805069200006008090900304800009000401000000750000800000
071480900000007000040001050403000000050000016106000090000205800300000000000090142
009020500000350000056000702090030000075000000820010960000000091008006007100000000
002000000007040000000601000000000100004007900380409670050000403108300290090000701
490786302000900008050030000000007000300050204700000000002000906080000700043002800
000400008070080039000100506000004000250000000008000620700206900509300402010009300
950000007060050000100600900000900500380001420020307060000000002000702005004000000
009007100000000008000015600007060095050000001008000472500600004024830000000050000
100500000600000340007048010010000000000206000000300509006020000000000650305070400
008070090010030470030000008760500304000407610002006000003002000070000000900600800
000030070001000050980600000009000000200040301010270046002100000000000500300004800
016003008800500000000007004009000603080000002500000070000100900104000020000420080
000802000400005010100000760023500090000021000800009600060000500300080040009300000
040000000500063009000410030000000000001040008206805300008500200007000004100000603
800002760970500001000000300738000000000701004009800000400008603000006007000007040
000000009070200600002780300000000205080001093009000080000936000000000004300025907
000000000020395080010070006075060000386027000000900000208000400000050300700210000
000002030001000005009004600000090007000003060080045200600800000003070029050000080
020000006000504013000908200000000190000083007000000050900050070008010069510000000
050000000003709100020004070300900000002000840080020305890100000000000000060003950
004050007009067000800000000740030200050040008000890300000089032000300000000006010
004000500609000000000340081000000000500900840000008007900000205001420670050003000
050007000000000000002038601400060090103400050000000000200010300017004000080200070
900028600105090700003007002000000001000200000200043000470000053000000010090060008
000000070050000106906000080700036000005200008300074005061000800009050001000000602
600002030003000080070380000200090608000007090050201000400000500000006000010000460
004506000008070000200000765010020400023000070090003100006000940000001080000049006
007000300084100060000000901600800007009003000200005030000009050005030008070060200
008069050000078090030400000080003000020000587000095002006000100300000009095030008
000001080400000900039070050760090004080003000000025003500010000000000600004000178
607000201000030600900000070000150860420900005000003090000004030000600000275009000
800690000400002600030000001000084010379010000000000070601800500000070000000460900
000860400003000600009000000908300000005070010020008007090006001004003056200400090
007000400000080351030004090000000040040009806706300900080010000000002000912005070
410900030067000200000030000000005009000006480000102000050000370080040961000000000
070002000035000600609030007060007034010000000700800500290000050000100000001450002
090000200200000001000803000009208400000056070004000600002739060000040080310000000
609070500008000004030000090007300000005010300000600012000005040403000028080006007
050064000730050400006000000000070001000320597000080000170900305800000000500000700
040200097006000084001000000008040516600080000004300008000000750905006000000003000
710240000320007800000000000070009050400000080002160000000500403000400001006072000
600000830030700000002810500000009040403100980000000000000000400960032005010080006
200007100005064000786000000007003020010000009000400080000070008008100500054000006
094000010007013004060000080500000060009007000601000509000270100000905000403001000
410093050506002000090060004003009007000010002000300000000020000050000030070005890
001086054009003000000209007040300090008000000503010060005000020000020600020000301
050000970400700020000800001030000000580000390004007000000000010000150200370208006
500720090030000040069000000600200000010000860200400703070000009000050000400006100
090006130018000000000000200940700000006500070700080000000209300200301006000000050
050030000001002003006405900060000000100600578400000009000870090000900004000504700
007000008340080000050000019070060945000400000000000007060040001020500300003100600
401000000003000200050000080500001320000000000070040000006570003040060950000380100
900100800080009050700040001007000060060017084000003007310000000000060500094020000
067000000008097460000020003050008201010950036000000050002169000040000080003000000
001000000040200000800003652300070000000900475010004000000386021000000008003000009
000200000401800500000090030630008047940006003000005600020010000004300000850002000
005000804806000070000200500000090020008060001000020607409006000300510400080070000
704002306900500000800000000006490030000080700008005004000000508000079061140000070
060005703000040060921060000003000000196020000000001000500006290000100030000752400
708000000000801702200030008000060050964000800000200030005070049000010000096500300
000001000001640050070803400507000082060000007000302900000000630006900801012000000
040609000000004005009008007260000030703010000000700000000000900100930000400000520
000004018000000500009302000030000040000008003150009000400005001705900080006800070
002008070070000106080005200900600010005000000630900008050000000004030060001004030
000000046604500090800000002380050000001900300070040080005408007000002000200030004
000900326300050090040000000018006000000007080030000400001009870080400900060000000
629000008000002000100000400850009306000000000060410700700000030001005009030040800
650970000007060000000012003010200700508000290000005000080020000006003047000000901
051080020000000000904316000408003007000007090000600000000004351600050000000001800
070000300900008002806000009010900080004010000009000057250800000000036000000450230
120060000000002400000005010908500040030000000701030082009000020400050830803000709
410003000096000000200000590004765000000080750000000040500000009000094860002370000
000000070009000000300200906208000000061005800000070103002004500590000301800600000
000001000800604000270080600000478000360000040000005002006097080005000000009200300
000000403000002000350918000060054890200009000030020000000006504040000000602001000
100000040006000300005020000040200030000750000090000001000400000007003190010008025
920000008080000000000608031070120000000803004850000070000031900000000050700040003
060500390080000000020004500000400060630009052200000000109000080000800006000047010
036004000004500200000012006060070000700000090090050080500300700300000050000800309
000205030080400000300089100005720000006300085410000200009068010000900002000000006
500000206300407051007060004050000000003049000780300000900000830000000500070010000
200503007100900400700006093000000700910000060080100005000005000002000080600300209
800041200200700010000300008700003800098000300000000027030002970004000000600007400
620830000000007000070900040005700018000061000000000050040000090082040001001000027
003070000000900600500040090000003000019000400002000905100600000007009150800700046
000000001000704090040500003080000009000820000090070046009000100006090024520000060
000006800020070609090104500001020000000007000640503007004000008000000010572000000
305000080009000002200010009000080000400102000000903005000005001006300020007008490
000000006000356007310804000700200013100007060000000000800000000004520380009400050
090000000487005006060720000000000740003800100040003602020504300000900000008017000
080960000000008001590000000000506020000000008063020007000200300002479800900001000
501002000000061007030008000006309020000010000840000500000000400900600050020000930
300080070610059000000020004006000002800000063900000000000040820000006000580003010
070890000009001820000200000300005000062000003000030705000000901001604000805900000
000051000407630080800000000705900000006000900000400000000078024000000010504310600
530002007000006120860400050007000000010008030605090200700000000000500701003000006
070100940900000000000350010000800000160070004009030760006005030020000090500020000
054000000900036100602000007008000273000048000100000000000004060000010400060950021
000000607030100000050060090400750000009000050700000006300007100090301800000002060
020010008001000090030000600400051080002008500006000000000530000100080206000070930
041500078700020065000800000104200000980610020005007000000000010456000200000000056
040709050850000900002060000064800000300406010080000200000070020000000670403090000
000300006000725000015000030108004200000070000402001970034000000800400100900080000
030080000700200001080460200090000000004005000001096003000020300000000095000703006
200605040003090610000000000400002706002003080060750030000000000300500800006408105
900007605050100000004080000060400800820000370039000000040020100000800496007000000
001008000090000307200000604000001805400007000010400093800036000009500000003200000
000630000000000401047020905000040600000206007050009000700053096200000000304000000
000730009090000306070000054010000040004806000008050001500090000041020000300064000
002480000007100056060070090000000080810630070030007000000004000005000109700090060
290041008000060073040700000000900100000008000005010000001050830420003060500000000
600700051901006000000400000130000040046000007000000035003602070000030006000008009
030910004000000076000060050040000000820000000507800021009000000000003060164720009
000306590500270000010095080045700900200000001000000003380000000000000060000062010
100000805000004000650030090800300000093700000070098000004006000000200008960000310
092050010006000000000000070037120040609300000000046000800000001001582009000007500
060300000108000900050000000025000104000600000000004608507090000000401790009070403
040027000308900007509000000050490200000083000000000070000001000100070038400002005
380060900040200000200170003000300001700050000600900004000020010102600008009000070
000003206009068000800500009000100000780000051000200000900306002176000400000040900
001000089000060040500000006009003007070000401003001060805007200300080000007400000
269000104000000000004706309500029600016050080900600050020040008030000000000005000
080300014000000000390000002700000600206150008040002900500204306000800000000000000
000004130065001900000000000020700800506400000300008005900056000003010020070900500
000250080000103900080060403420000890500900200000000004800000341046000028000000000
900040008000208040050000201000000000000890105071003000020000006000420000014600050
600049080000000600000005024015000000000000000003260805100406297300800000070090000
100023000004081300000000000000000002000900017035400600008000004407000809050000000
002007000000080502907001480004000105680000000010300000000000203000000000300926040
040090003108700000000000001007080000032017006004000205003060000000000154200000000
800000000003000600000230900000402300004007009520900060306000025000310800001005090
000009040400002300030008050008300000004700900500000006090000500300004670000080002
000003000980004700007000000030000010005000070201700068500600300000009000006801900
000000006600040800289060000400005083000000200000080467007026500052730040000500070
006000400590000000000300652009100000070290013000000007004510030060700000010000704
000602008000000020040009100010000340000900001006500900600000050009080000487001000
010040000002500007500000690080003000600081000005000013009000400804009000001000086
020004005000031000600070010006003000500060020000000108280407000050000900700305800
800004000304508070000010090000003010000871040000000007080906030100005080090000006
000070000000006300400291076750000084000080001020300000000050800015600000000100000
019800003080010900600000200000006501000040089070000000040380005000000002790002100
000086300820003700503000000002000000004310008000250007000041000300000800098000160
000002400500000018004008000010000004003901700407000020000000080070020009000590030
200056000030000120006000900400200650000000000790400000000907080005010207000000000
534200700001000302000000000040010000920000000800003045002100068000020090070506000
000000069000000030001026700602001000000000500809007000370008000400030001000409075
300006008000030460000005100027000006604009002030000000003050010001004000900002670
000001200007080000503007040002009000784010000160200800600000070000000502400700030
000091006000000400104600800200000000060800003000000107000010970400306000000008005
010000064040009000700800020800000046020100003003000890000600470005000000001204000
000000500060409000000000879006700005700804900200530100050100000130040700070000002
079800000040500030000009061000007000700600058050003900690070000000000310200000000
003000007000809030908040001050000000002180000000700000260070000070950108080000020
600000010409001000000400700000006020001080000730025000000637500000000380270000000
000040000800000750064000000009100008000300010000200400007009081040000560052003000
000800000100000000000094032500401003020000700960003800080200006600000941000000000
078010400450000700009070003007002009030008120000900000206040007000000006000180000
100030400040200000000008079004000800000072001090000000301000058000600000700050300
091006800080000004045071600910060000050000408000000020100080000000205000000304900
000307002003005010590010030001700096900000000740100008000020000160000300000000825
030007001000920006000054700069000074500000009000000080305000900000810400400000208
070620004031000000402000008000394050800065700000800000280000030300000605900000200
807000001340000076506000000204600000000000100000735000000960700000000064090002008
000002780004070310500000200120030009000000800705040020070005000810600000000020400
000006000005002078003000009001200650480000010007010000000000080900000006500080140
200400090087010500001000000070098003300201008050060000000600000000000089000730024
000018206070000000010240035800100000002406000040003000000000001000060002300802069
057000020000000000084060091060084100000000003040510000000020710005000000000138405
003020008040600000010000050000070602000000000507030000400580060000906807300000000
009000100002000000050000089000010300430005002900300700387100000000084003000900007
020000070000000009073104005600900000000000200000600017100409006002000000804007050
000000000902708000100000409060003005400000700200000600049000010300002078000059000
080059003003060000006040087000000000500200400200004709008005000000090000007130060
000600050040380002130000000000090804304000000020050070900010400475000060002000003
401800002060000000900300000508900000000200730020040800000060010800000004670008000
004000810000004009900108004000040020020030581000600000500000040002000030003971000
004000013009600200207001600098000100600500804000090050706280000000000700001000060
000017400008000002090080006069000000000090205000504003100030900000100800200600050
700001005000090010000463090807000000200070003030080001050004000000009020340000700
050010600040800100000060029020400000090000050006030090360080500000000000008026900
000060005008703200056009001090600000000007504003001000021000000070004003000300092
000008003063000054080001900807000135300000706000000000602007000000003000000600400
000650290020009000000007005009428000000000070030000080090000348000040507003500029
100000000030057000080400000009040085020100030003802700000219070090070000000600028
070004030000060100000000000000000001001006790008270040027050006030402500540000020
800000070490000000000010028050100000006079540000020000700300000205000067080000050
000502001005609027700000000000000019370100000082004030000090400200015000850000000
301058400000700050000090000800003005060400070075000028000000000500000080748000000
000000160071200030000090200040020009000003008000000006097000400020706000800005000
400037002000080090002095080103000000000570000009008005000000000040000107035002004
000000060000060050053800010724080005000006070080300002090000307810009020000500100
402000000300008400001000200000300028800006000700050010170000000056047900000020000
400000001010090020000400500080300064000500208000021007003100090000050000067000810
007008000030640207000200045000060800964000002000000700008150000590030000010800000
000300020009040000540090700000000108000480000300700050060000003002006009003025000
000420010030760080200001000000004001000130060007000200000003006005800007080040500
701000000500002040000500602002000060600008700000004310005700008060300400040005000
020001000500000006701040000000003000009028005407509300000030190010700008000100203
000000500809000063000570920070010008400700000100600000740100006000850010030000000
300000041007600200009000700000810050160300000000020000000900302420035060000000000
000050700000006009490070000010008600002000010500000008100090000000610070007540020
020008300050100704000050060000406000000000600304200009000005070005000016010003080
408090000070000902000000403000000007390460000000010300030002005120009000000006700
300000000700350004000000150080200090000080000005000000470008200000070031096003007
000000003200085010070006080100000469000002000000000200030800000090061004000900035
000900300000000405431700900003000070090002000002050100070023050000087040050100000
094060500100090600006800040000003004080006010000050002005042000000000900000508000
007000021000040030900000400100009003800500702700600000002100007600205000005000000
090140020030000000500068090000030001009000000083091600004000000010080302000470109
600200007003050000170060080000000000502040309000900410006007000020610030010000000
007000000050030000160000087800002090005060000270004005010005006000100000090800010
200000001060000003000860500005020000907100020008000100000379000000000406010200080
000700060003006000000400015050000021080000000000803400007320000032001000100009700
000009000050080000000350270000600004000000520800075030008706091009000000014000007
000000000047205300103006050006008000000090004700000085600010090000030000004000836
000037000000000053005602107003080000790000200081000079002805000900070004000004001
630800010007004006020007000000940008000500200302000000005000040760000000004609030
005107043000000000203400500900500008004000760000080000300008000010050002020000019
074305001900040003006001700005000800030000000807093000080600070000000600602054000
309060200400095860006700003800000000020070000060009700000040000700001002003507090
003000020040700000807650000008040090400000003600300100001900070020507030060200000
009000087060000040305760000700020001000000405054000790000400002003000904000090000
020104060000000004009850000000020080004000006900008750701000000600080500043000620
200000003007000090010070026700490000084003070000060004001640000000050902068002010
020004060000180000405003070080000007002060900070400506301705002000000000200000100
000001000006500007507000120010080000000000006600034000900008000000070093804005600
007004000600000500090000037050020000400001706020068403070006008900000002002000060
020090000000201703607000000032000000006008201900004050000000000000007408040103600
000000002000405000000021060130094000050030670807000010000003120200000900400007000
000070600000690000703540000000010003002000000900058000050100400030000950691000307
470900208800020005900000000008000600060008017100300040000003020600800000005000400
000042060360000080000300005000000000008090701500430000006007058000800200700014000
400020700006000100002709000000000000548002000000085201034007502200010800090000300
059000008010000790000800040700000000006084007420930000370000000000006500000500010
040100000060000052730200000000000608003010020050004001070029000000400000000080175
300800600900001804000004000172009000000740100005080090400210008000000340008003006
005190600800000040006005700000008000100009530300070010002000900900000006008004020
420000000000009000009703800060000000300187900007000500005000040000825300600000009
009540000000000080000013096300100050040300270002000000087000001200000005100700064
000809007000006000004703500020080700000000801000000093037004006010000030906308000
018000204000005709000000006006900000087000000400327005370800040004630000000001300
004090700910000000800307005000040009000700100040000302000860030400000250030500087
037000040000502010080600070200080000000000050000903800400021003000000005006800000
000006000000007200105034600000800970060020080508009000010008000000700040300560000
000902000060000080503000704008000000036420001400050300097000050040500600000007000
080009000560070100040005090057800600000000008000000049000010035100050006600907000
005000036000000000070008900003000700500000600000107009000500400890400300000610020
000500006076024000050038009700010800160000000000000500000000004003005097090400050
003090008000840090000006300140500800000010500057000009200000007008400200006900050
040000507200000030007430010000940000400001790000003600700309040000500028052000000
007000010000000965420000300009060870040100000000080030700600050001008000000052001
901000300004000050650040900560920000000400008000706000210600700400000809080002000
609000017500071003003000000000000000018007060000013052000000001000900500007056090
080000006007050030000000800000009103030107000008000007003700000006003400002980060
050008600600020070400000000010005900000000000700060021000030060002100509301004000
005700040000000070000004390009000000057861000040005108260000000000400956001000000
000000006400003000007089001000004009050000200000570060970400308010000600300900050
300000604080005000690007003000000402001020060037000900000054000500900178000000000
000000004090006070080050000000020350002140000607005200971200000000090000000000038
004010000080000450050000090300000006000000700000009800640308900095160000000040071
000300090340081000000020000008000000052600004700000003005900810060500002000070009
002078010400000600030000000007002000600100000080400007001020094800010260500300000
009700000000000004002906080070008006610300500005000008000001000000207050030050710
005900000000000879000020300010203005070049200090070014400800000000000020009006030
000200000500000001000005040009000760087001034004700020091006003200083000860000000
001900005090400027700020000000000050000002140009580002800035900000000060007004000
800600910000050000010340000040120067520000000000030000060000020391000006200406003
704000001000000820060004000070008493000010000905000007020506900090200050000000000
000008209008020010000009700700300500625800000030006800240500000057000900000100000
700310280040700093019200000000090630000020070974000000003501000601000000000060800
000904080100000050700500600840000020006002700009060100000897062400030000000600000
060009804002000300000500091908360000000000700000207030000006000100800006084005000
042000000000050008300100067425008009800015300000006000600001005000300000030000706
005740030090010400000500001000400300900005000280000010000301904027000000400000700
600340002000075000030000000709400500000000003000900006050000600400050080100020007
001050400030008000008160530149080000002000700700005010500000309000000060000043800
008400000000007600007190000009080070006002000100030002300020980000000000401000000
600000370000020050005007100109000000700040001036000008004130080008450060500800000
060040079000800000005016000650004008200000003800000050300100020001008500000900030
396050000000630000082001400000000000001800092030700000000000810008009600024000300
001008005045000036000000000100070082007004500032806000008043007200000001050000000
001900007706000000000840000900036070004000100050000008005400062000010900000200003
300006000000000560609500043200003070010000000000052009030060908000070001000940000
000000501000482003000090800050000007000000934203004050000000000900640078400908010
287000000000006000006010850004270001000000500000000003300005070800301000650820010
470013009820000000003040700000050403000000028000306010060900001709000000000500200
000000000070654090500010000040007500790080040000000310003000004080020600209003008
500074800264009000100000000000000020002008000870040605000130000000900300700060051
000019003051000000300000040000600052000005008900082700020100300000500900000000067
030000400009000000024005003600000900005076304000030100002000009080100000040003720
050094010078020900000080030300002056400710800020003000010000040502000000080000500
005200000460700002002040508034000060000008793000000000007002056058000000310800000
680075000020090000000040900300000001802000603105060009006001000500700060000000302
000000063000100500540837000051709040800000020700008001030500002002301000070000000
506000020000800000102000908060000209007000000940010000000508064005070000000402500
700005000003008029080070100800007430000690071600000000000000600090051000008400003
001900704700800209860000000000500000050000000000034100020000000310070400004200075
000900000000000060010000702063070001002000600000014090000000300524009000000521007
650003007700400300004000900010000609000040080070060402930000860000000000800006270
530020000040060002000000050108000205060900041007300080000105000009030000080600000
700008100032000000090020007040000000000410009000030070106390002000150600300200050
308000006006078000000020500000003002093007000000200001001050200400002300050400700
007005040100003659600000003006000000900004000000860900000200000025000004700030160
100407300000000002070800100006900010004320007500000009009000408050003600000600000
003840000090007100000000060900012000000006000027000000100600005500073000046901720
090801002070000000480000970050009720000100305004200000900000401000000083000340000
045000096001008503000000020000370200100600800000104000083040000400007000970000040
000000300803000050015006720009004500000230100070100030020900800001600000958000000
000000000390400000000090308005070400100006080008020000700060040910030000802007010
000010950000900400620000003100500000000007561082006000000000014007000000000874200
320009800090070000007000000000041300802060050060000409200004900000510002000300040
000019020090030500058400003306000000000006072000054000400000800003090701000700000
000912000000000300800000006007004200300170000000800040000009805040500000096008100
000000059001000000003000240040000003200600004300900700608320500920100070000006000
000090020200000000050460000000000104048300006300009805062010000030004500590000000
780004000003000007000200068905100006000600000800000104000000000134070200000302080
001005080032760004600003000000000601300000040000010892020034000750200000800000000
000701400540900000920000800300100007009400080080000002000206010400000050006050200
001600080058000000000790000003006040040009060000100700004000003000451000900000250
000040039005600000800235001300400800007300000000000010000000190090020050684000000
560200000009000001100906000300054010040000003002000000000002000070480320090073000
000826007000000840000034000894000200060010000001500000000600000005080100018090320
040300001000070900030090000000900080059060000060005030100000002080000300005016047
040000070090070010830250004000004050002600400700800200008340000009008000600000000
072600030900004070800005000000000700600000094081090003000300052050010000000000480
061030800800260370900480000170500000003000000000000006356000008000000060000000042
070021004040500030001004070200900600700000050035000200090870000000010500000000000
008093000000000107100070060090080602200000801000000090920065000050000000000200080
700500800100200000040000690005000073000130200020000080000010060070304000403000007
800100000000000000007582000006010092020000000780000003092300750000090020001400680
000400508920000100000030000006547200000006000035000009000009000010070000050000604
000003609000400000063501070007300800009002030200000904800000003000700000000004052
032058004080000006060104000000040020300000000400509010000000090900400601007005300
839000170000300000000020600004080950267010000000000000500009310000600800080001000
300000000405000020000003090000764002000900700000052000000600250050040039109008060
000004100008000025000000060205009080000010040009080000002900010580062090070000003
460005000300000020701800000000096001007104090000200084900000000620070800000000903
037000010810000005060403000000500000000260849080100000000000090200700100006000002
600030059034209000000000000000040000007000005500080062048001000050007020120000800
600080500000609080004050270020000000010000640006730051500060000000900000200001300
300000006001003000200050004020709000000034600908000000003187050005320400000040008
300000040006820000058000000500090080040000970090300205000001060060780003900003000
600008000000960003009070210005091002000300050000200804000010700000700500106000008
080301060000080000005000000000050900020004600063200700009006003740000801000000070
000200004730000010050000090080030000000048560000509000900700800100000250000053000
023600800000000040106700200000370000004000581050000706000000000708900000000800450
009008030020093604000000020000009003000152900040080000000000012180020000670801000
403000000000000590000200604000621000970000000100400000509000002000000089002806700
806000000000200805300070290000020010050000009000154008000000040260408007700000106
010030002000004003508000010052800000060502400900040000609000030000600007001000080
000070000060000010000908460900830000600000300073001800048750600100000000000300002
020000600000085900390000000010000040000408050800600000001060020280301070000009004
900080300000000000030000500670200000000005780001600004500916070200004050004007000
000500000010076000090000040000000018080000000206100075001068002007900001950000600
000000030080020090000001008700003000031050007040007059000060071150400000000300040
000007800001008005003060000089200300000040020010000000600070054070009000305004007
060900020090078000007400009001000230400300508500000000003800000900007100040000350
400010906300050070008030005071000820800000000036001090005000004200000080000800600
500000000009301020000800004603209007090000000010060403060900000080000050000020370
050600790000080002900100050090000038000906004000073065010000000860400000043000000
905400016200060900060000040000004000300602401009370080030001000000020050500900004
700000000800004000600000910009080000030701080000005200000800047140000009000600003
000000900000507008069010500000000030000608090610000004000001000090340080021080403
400000000006000720080240000200000009000070018050900300862000500300407900000006000
009038070000050020300000006000007012410090000870000300003070080000401000080000400
000300000205090010000000700000004000400030950970200600060000104700800000001500002
000000034070030000306005000100000073500004010090050048004008000050700060080900005
208006001060305002000010300903008050700400006010000000400500000000000000070600904
902000000000010003040305080400000500208090060000400010000008730019000000000002409
027000104090000000050001700000300608030900000500010902070006001300098500000000080
600500001900100400000000200087000100203007000000000008042080006070603050000000003
000000058040702000010000000900020030003050091008000005400087000000005602007006000
000070000008000060100004500003087002010000000005600408050000830630200007000005001
000500000600020008200407010001009005000070490020000800740900003000800004068003100
000009340050300001307000000000000000106035008000461095000018000010000062200040000
025008003060000040800060200000700090000003700000900006300005000080002950040080020
003009400060010005000000870900005000007000002601000730000701980080500000000890003
008520001400800003003006000000070000019000850000000670000005000600100025004060000
005000400000004638040100700050800300930000100001000260023615000000000000007320000
003108000510040000000600001009000108200000300057030004000006070900005800630000090
080700203030200001700008005600100007000040100003000450065300000007002000420000000
380000100009050006000010200000804030000000000060970400006001000090000700057020041
002600041010030000000007030500040000030500000100000078720400005004000003863700002
004208090095007080000600000010800300300000009400000002083450070007000000200060500
020030001000900040000000030200000700038600090040008000070300600504800007019007000
000031009203806000096000000000060200005003000800024001004000000100000047039017000
000062000280100300030000290700000920100007004000000005040020000063050000000000850
000060000000320864000000030010000900500700000000050487003106000008500000024000310
050040000320008090008000000000081200500400000006093008600700000000030712900000060
036085040100000070020000000500000001008007200002006000080450013000308060043000000
000007061570041000004000009000000000000203100438000070002304005091005007000000020
000830570600009000048000001007063000850900000000700460002050040000300090000002007
081000000200000000006000528010300000000002480040095000103708004070003605000500000
500010000000000000610590004860007000000600700920030060000000080401000390050280001
000007900006050000000603005007000000500140302020700800008000004304092000000000501
048000100130009000070063000000030000700980000000000590050000008910400007000000462
000020004805006000076000092003910700000000100052080000001009000080000003000005600
600001000000800020018740000020000003700090000006500098000080219009060030070000006
000003004060705010000000005003000000007000483080000090004032000902050008000100060
000065001741900000530400900060070000000040500100000608400020800000600700050700090
050000010300000000040806000400080090000045800000270003090000240008500907060007000
020007400670930000000060000400000308080000007001090004010300000209000701800012006
403000006020000700100000039000002903300076020000809001050600000980007500004008000
046700001700030000000040005060000030007000002020300040000029000915000087000000504
600000000070000904000008300040500072050090010802010000900000007000401000000800040
039860000500700006072000000000075900000900080000300025005008000090006504106000000
000000006020007080001600090800040000009000601400009007000350000000070003000260705
040080030901070000300210090060300000407000800000100000200000051003000200009030007
000031800000000406002600010000400000780000000003500927050000700004703000008000061
002050000400000007000010598000000100000803070063005004004000000920008000570002600
700400500600000090015080000053070008008300060100200700020000000007000080009047010
000000000500030940600400000208600000000002003001009500030080150006000030702000008
610050008000090302050000007005046030000000900007300000800020009004007600020000000
000071000004000320100520000036005000000700003051008690020807500000090086000000000
000570012070360004000000009812000000900010008000047000060000090005000007080020050
004005000518002000000001600302000986900400010600800700030010002000904300000000000
000000020005900008300080400800009200107030009034010000090005076003020000000000000
840000030000050007060701400070400000200907006000100903903000000000000000014000350
001030000004001900062005007000084590030000080000507003070050000008000405900000800
900000003380000002002000059006580040100006800000001000830000000009702000200400006
081020400200500600000003100010000000300000000029080007040010700008000050000090008
000060000104008002000000807000200003700006029006039005500300000809041000000000090
030050000000000000508003079000076400020400761000000002307000500012000040000019037
000000207002400030063100000000750460040216005000000000000900040200080150005000300
015000070087400000096270051000030820000000007060004000009010006040060002000005000
580020031040509000000000000806000100300080070001007400700000902000000008100900060
