Seed: 1640218180
Cooling schedule used: t = 1.440000, alpha = 0.999900, cMax = 500000
000052007000470900800000000300005001079000240100006078018500000002008000000000050
307000000600008300000150080000400000230007064060025700000000040503600000000089000
001200003600000950080000410000006000040003200203090006000000100000608005470001000
500080200004000085070100060050030000901060000020009000013004000600700000040000619
340080000020000700007203008030000000000005906600007010000904075800600293000000000
500000000090000400007608050000700000020030500000000913304200000600000082000310604
370402000001800000000005090100000600020670008090000700000020050089000070000008006
090100740004000010000020506010093005030000000500700180000572000000030060000000002
070030006000008000020005900001007009004080300000060500010000062000001700709300004
000400007080020491000008203000700009200030700170090020000001008000640000001007060
000200008300080090805003010000734001000000750000006400002600000030040005057000900
060003804000000000000849020470000092100030400009000180003070000000080050004500010
700450010040000000150070089000107900000080304380000002000500000009200000000000001
010000060009000384600000500580073000000050200000060003300100000001020907070600001
800090020020000000109000406007039100000002005000070300078000000000204800230060000
050604000000008074060700390000051000002000007000400000004300260800000030500800000
000107200120000049504000007006093000009000008000000050080005600900308000200960000
030000006000070000006000580001500400600009005400360700000900000720000109000048000
500000004000040800003002060087090001100000000000003002000800650050026090960000000
027006000060000200000403600001000094300001000050004000080030070000007059002000800
000090007014605000002001800400069000530000900000370504080000000000006008003000006
051403000400007900000000000002000005000060708009030002900001600600700400010006030
008200005040170060500600009000050008460000000010000290000004000090007100000000406
082001900006300005000800067015000000009000008000003000008075230900000000000140080
800600904000400070003100000000018000007040005350000060000000000000700243400030601
020070000000000160000002008200100370001500080490000001700000009060800400054290000
000020000040000000102009300003005104000030900057040000000690401680004003009003500
900007000000680000000051068000069075005000000000040610006000093091008200000000700
078000900040010008200009000680300000004200100000070005000080503700006200020000010
000040000003000406000750009704000000030000081080013090200000005009005802100004900
046805020008600000700000300500203009000061050004009003800004000009300000060010007
040851000090000000000000520403000200700009010000270008009402007200060040500010800
100050890000007000800160003000000000008009350003080007070000020032000506600520000
008000079027003000000260000805000006030400080000000004050090060400001300700008050
700080000080000005000142009091057008000203000000008004050700040600000000000000120
010003590200800003007500060000700000794008000000010000000100400043009020050000001
000860030010007040020041006236000050000600000000008007090700400002100000400052008
080000750000760000060000003000350900704006010008000000000032080000000062490000000
020070000000800050970600030200006007600147095000580006000400000038010000010000009
000095018000300500000200030680050900300004000009000300100400060930000080050020700
000900000840002700000050603004060200703400001000075000380000004007000000001009000
200003000040000071610000002068900007000000080000041000070002050900100800000009006
802940000000005600450800000501000009300400000000020516000000127000000000103000908
000000040000007009900600302200400607000309100000010080040000020000050006008073000
100200000020080060000000005090000080340009000005060000500892100710000900060103500
600000005450370000030001098300080060570006001000000054090000043000020000000507010
000000008600981000003006700000600975005000030000308020000003000010070000068000042
009000040080900015000070600000008000053000000002510000010000090400065800600390100
037004600080002000500000000005300002000090740290600010900006000800000300000005408
010007609000000100900300004790400000564002091000000080400090000000000300100264000
140000000000601000027053000005000070000308009700100800000000020063000950080007600
000000300070009056600008070003065000060000205008014003000000800307000020052000400
050000090807003002200000500001050000940000070700806000500900706003080000000040000
700040003050706084000010000000000060000300507509000108023650000000030001060009000
000000007000102000600050080040005062000030004700000310300000805960000100100007900
000090021090200500063105000020007000000000130700000040032570004000000005900301000
040002807006009000000700020050000200100004068200100950805000000000030100007090004
000000200000060050800703000609070020024000601080000900000500300000390042500002000
004000003060300100100000060020040070008605041000000002007080020090000004005060930
075000000802005300013008024900700010000800000261000900000001060000502000000030050
702080100006010070000000392201960007004001000009700500000000008048000006000024000
005460081080009603002000040008730000020006000060240000010000900279080000050000008
030000000200030604860004020702800050009060000000700200000500403010076005000000000
400000050006100000290056008000007005080010090030008700060090000002300010000705006
005000006008031002900200005347800050000060000000000800080070000000009430000003000
020507003500008400000009002805000000100703900302040000000060000000004010007000050
005000000300017008070006300000005460000000000897000000050000029000190000460000701
000800007200403080040500001523700090000002000700100003000000000100260400076008000
000002000901000200070008006060000700000603800009700050000100070003009084500000000
000809070800000005690002000008050402000400000307000000000600500050030200460000090
000070000000040010017008090001900380008000000095000260029801000000300400000000000
057903000060070000000080001000100000409020100080000045036000004000004300002000086
000000020240006000783500100407000010000020009010057600000000030000030504021000070
750000020604830000000000600409003067000140003010000090000060000006510200003000070
010700008200500407070003001020800006004302000800001000690000000050079084000030010
600208900508070003000600050050000048004300709000000000060030200140002000003006000
001000020000035090006902070605200340030406700700000000009058000070000000080000906
000000300080436000070009068690004002047302050005000000500120000000008000000000930
000700001600050734000008000005000000000074300001000457000800000409102803080040000
063701500090300200070000600008003000000000407000600000900080005600100008504000009
270103000000000000080007140809060000003051670000000000000000900905004003000000021
060000803003000160004008000008060092010000030020340000070000000906500000000894000
210000007807000004006000000005300010030026070000080000000100000000094260040270030
030870000004010005700000000160000009000000580200107060000090350000052000490000002
820700010001020000000000800000160400010980200265007000400030060000008000079000500
007020500000000367000000004070310008080050000350090700008009030000000100041080005
300240050000000000400001009900700800801090000027406000060070900108000200000600004
037024001000063008001008000300000890040000600050600040000200000000400032004000016
070405009000600054000000000000008630302900000600010020064002700080000105500090000
700060002021940000000000060005007901000500007000020000900005020000100643000000000
700000020000360010050002900900000670570000090803200000000000106204007000000001000
500400802000002000004950000000000300100046090605007000200800009000003600080090700
000030017800000040200045000510000932720000000000003001060050000000008070408020060
400890000002003005908076040096008000700000100200950000800000700000002004000000009
000800000430000002060003000200010000000020060004006005005900400008300070700040010
400000300930000205000300078300000500006001800047600000000000014000005000001084000
800600305000005047604000000000004800001000006009300100740000030003000000096080000
000006003850000001016030400005100000030800076000003000000001009070950000021000004
000005008010800003049000000000903120060507030100000000005604900003000000600002000
000000000001208400000107028008490610006000290000500000703050000400000000020600030
400000000025100000000205009010050062000000400690080305000360704000000030780000200
000009040020080500000273000900300000070020960000000080200095000004000170000160200
053000009000002801000100000060050000001000500080000070000308102310700060200005008
004000073800006000900702050000000000100090700070060030510000009600400000000030201
000000495015020700000006000080002000090081030000000006940600000001090028000013900
900004020000000000705000403804030590090040000000051000230000100000600009108200050
008070000070200900090063200010000000000000050005800403700000080060090007002030060
308006000000000615000450080000000000900104070080095300509060000103008900007000060
900050080004002300000037000060003870080006000000900006200079004030000005000000010
800000300050700001900380000000062100080001290006000000104000008000003007070006000
010800020905030001006000090050702009000045000007000000000000046500090030730001000
500000700003002056001000900090034870000705600002800009080001300007008000050307000
600000030720000000000401006008097052004000000060300007000960708900000010030800000
807010029000000000400028310030000900706000400008070000005004007900080100004000503
040050600000000950000000008020800004100045030030000890910570000004300100007000002
020701000100006090089000700005000060070009800000570300000050000706014000093600080
000080001102030000090400008000304800500810700000000002070000300020040000009005006
200080934900000000000000002000400010085020300040106000009000070060093205003000000
000020000000601000009050000006000907807000000020090140310006020200009305000000600
590000000000390018000000007000000040002017600030502000800071052700000000060000003
030109256000045000000000000040002905605000700200000100498001020000006004060200500
400000500703008000100502000000000010000400908089003607000000300000800005002079000
030000491000201005800000000013050020900000006070000500000700060090080000200610009
000001070702004000000200500046000900000090000000085067500000090100000780083006410
240001080000000030050390000008670020002000050000000100890000400004000060000160009
201000040060070300000800002005710000003090000190000080004620700500300009032007000
004901000000600200000008050002000000090170500800060070071000000500000003020040890
009000003000020010520001040631805900000700000050010000080000407700000050003090000
000800030470500908000020001000004000900005600000000080740031000000240060206000309
010000030306800509049000100807000000000900020000470800000709004030000000920083000
860100007203004050000070000050001700000060102000009040049020000002006900005000600
083004009000000100000000047507400600000000050001038002090320870060000003000090000
002800000000000900805001000000000074000000200090120000064000030070600020000074058
900010000070000603130004000000708000400000578003060001800190000050400030001000090
003000100060700030000020007400002000000867090000000000001908700070041600308600004
000510000030000080509043007001070000040900200003004006067000003000005640800000000
000003901400000500307200000040006000070050600001000700000002050000900800036700109
000000890005040000900000007000000051302009080800207400070000903000050000206800000
000400900109000002020000600001800050003009000560007020000900006700020001050001300
030080024000900000700000000000007000900405300042610000407000501020500008063000000
000200780008150430000070050340006009006030000000801000060007000805400000420000000
000060900830900000000020005009087050000000000000500361006000014040230000007050009
005200070701000940900073650000300008042006000108020000000092700000030020000000060
400000000690000100030007600085000000009860000000090073802400006000035080000900020
000000000700020009025400103003500000000000400804000760068054070000070000090280000
800015073000300906090000000300702100601000030007000000000000780040000000000254010
703020080006070300000004050000060400007300008000100029500000000608900000072010000
000002918000650040000010300000000107309001000040020000600030800090004030430800000
009085300000000000030000010700000051091007004600300000070109046000702003000400020
900000000080010050005000900000300507820009400000840000102605000000082000000700603
080060000100500029300107400007000005523000000400000730090000000805630000000804000
060000500280005000104280000000078200000040000000000190640002000728004003000000050
300000068006040100007002300500780000201903000000106000000079042000000705000000080
008030000009006100070000002820400050903000070000007600006003008000000005084100760
000000000001000504050473000040000690200000000076000003080004010100038009607200400
000000045014000000800005000090070000000010070020006001007040602009000700040120530
000000000000650000000074160080000009001009020004810006000030000006047050258000000
900600302300042000000000010105060000090030180080700020000019000600300000041000830
000203009040000820000040000015009604009020005700800000000030076500900300000508001
407002000020006910000800400000000090038000006000290051703100000000408000800020000
063040090820060007700000040000020000500903280000080103001600000000000008050008010
000007504001400000007600020000002003009070600803001002300000000900000007060590830
002007000000305002050000080800016000000002005540070000300000600000093001009008500
060002000100000400800003000000079200300004068006300000001000000008021590020500074
070001409009030000800700006006000020000000001710090000000024800067080300003600000
060004070000030800421000005000070490900000000000500001008000700000060050070049108
005030090340006000000900000800209071090000400000007080030700500200310000000040200
803700090400020007005090032070008050509001000080070009030000001007000004000006070
403005100007002039000060700800000060000008920000000000050200800200704005010309000
704000051060000400500000080000008010050006007070040200210000030090407005000600900
006000000000400000090008400905030000040001008801200030300057060170000002000000009
030008490000500000601042700000000000910000003000700586083020000002000100100004000
940001000000070010010680050706030200000000300050006079080000000075109000400008000
000009500000800200030065900400600098002000600607901003509000800000008070000010000
408000003000000000005670900006900000280050600000008400050302090901500040000006500
040000006009005000130000709008100000000009080007000200050800400001903020002600900
000001780008900010079000205504000000000080007620030500400700000000002450001000000
004000007300700005100000000000004008000210500000050090078600400090000702040090000
002047908010005200706000000060583000031000000000000027005200701000000040000030005
008910020600000000030007806009060051040000000002100900000009400004500608000008005
000304190008000000900200003000000506007069080010007000000502000600040005090000410
002009500000010009009000000000034000000108400730005001400600180051400700827000000
400050600250030000003409000560000000000085003090000000902001060006240010000008402
030040096460070000000000005000050003000007400000002080508060300000000060094830070
000980000000600002400000186006800000030450070020000093394020000000000000000060005
042009000000200080670300000001060003000030704720000009000000602006000070000510090
176000300053400009009230007008300002900021070000000050530090000600500000000080000
007000000020706000980240000000004007000100409060380200000000630070009001000000074
004500070000000903039070160000000210000006000000200059070000000600120030003900004
002000500690310007000000004000007000000830950089005000300002040000080000400900605
042000001000000906000080000000300802860100000500000004001900067300002005600000000
000030608000000000652800100006003000200080000310900002000704030005000000107020940
800000600000093400000005000600030090100040023000700504030007000010206000050000002
080740000000003000700000308265000700090000010108500000000001020050407090900000680
000004006000000020000050903085070010300200000000300005708000000002580070060000094
000002000000074600500600807004300005080100024930000000601200050000800200000000006
000083000000007009100500000003600540600010003240000018002000800030001200000809060
019004000000030000043800006870000000000020039030005620000050081000080005400003070
300915020050000300006000080098000000060500000000000649000130250007000800000062000
000890000700052000001004500090030200400006000003070000080001902050000000007005380
920000000300806000001307005000000560040000007000008002008001000050000019000043020
607000001015407000090500008000064070500000000000208009000871090000040005300000800
000009010040017050050000800034020100000000000002060300500006400900008000010500607
200300001600020740000000005000800000800000090700010400003002080090000010506090002
500603000080051060000000009130080000800004050009002000200076000040000002000035070
900070500000003006000500900000001009009280430042000000000400800804027000076010020
002008000050200000810300600500030002007020400060000830030184050000000000000500104
001009204790800000030020100400000002003000005205030060300046900000100006000005700
000016700000008000001900000030000600009805200020040035410000000000007806098004503
670001400009070200001900000000008000010490030500017084000000900307000000006020507
400000000620080050005000100000005003000007069050063000001070040060000080290400300
740000000019008060300260000690000300005097002000300000000729000000000007000001905
040900000500024080000070001029600300007200009000000000005000090000018706004000050
400700060002301054000000000900030000070400903000000100020000000610002000003094020
400070006000001800002806000300008100540090000800004050001000200000000400060900581
000080012070000000003740000527000690000005000004030100005000000000800509490206000
200480600030009010007000080800000006403070100000008000000102400006000500000060007
000523000600000250003700000040001000000000040001006090100807000900100400007030081
060000000900010007020098360000080006006000802000740010004020009080000000530007001
017930004090000000030005001006009000100050020000002600302000010000070009800400500
000000109200080604080100000008001965005000000040079000001304290000000000006025001
000830006900015000000094070000001200000000008200007319008000050460500002020000100
009500040040060093300400100000800000620000081510030007000080210000005000003007000
601000009000500700008009612000050007100000000005000040976080000000106020400030000
180300000020000900000009000015000402000090000400006580000000308860047010050020000
780000000043092000005000000000000906100000052050000308800400003039021000004800070
400029000070000092000000800650300009000007500090800000004000000100700230800003050
000542001000001900000080070100000008043805002000020000080009150001000004900003000
210400900045003000000016000090000008500000400300005206000000001030000007000048020
009801000060300089000070000020003047004600025300000006008090000631080400070000000
500000007302001000070002590000004000980320000000160008703080006200000010040000050
000030000000070301000100459001900700420300100008000042040500000000000008302060000
000400000800070031100000900600000200007060009004003700000600090980000526200080000
006873002102006000083400006000240000010000020000000800065002900700008000001060035
010000000000030807400005093080000000130570000004080006020400000050609030800007500
010604000080210000360890001000000048050100670000000000076000080000058900001460000
060100000000520093000007200200009060004000001158000002001000007000601080400800000
000210000008050920309006400061800000000190000700000000007040103050000600000000804
006080300710004090000000200000900008034008000070000000200090074900100500005007006
903017000280040070700005000000800000006090000810430290000000084000050000009000105
020000043500000026000107000034000050700000200080076000001000900000000068200390000
080001003090000700500430100000504900010920000000010000400080000050200309362005000
801005000930000000000000706005190000000206000200080001000002164300000008092008007
000000003001200090300000100209015040007329500000700800500130060008000000090070000
020000000906000370003100400000500007005809030680000000700013020000006051000900000
500069800860000000000080002017030090000500000950002006000000700300408609000300020
000000280020100000503200000200000900100584000750000060340000010060007009000801004
000030004500067030000500000700008605009000000280000000001700508002350001007001029
100708900300905080000000000004000100900140200780000600000210009006090017000600500
030100020400000000500207060807051000016004009000000000300002000700080000000600507
000673000600009000930102000109000005072000064504000020005000070000020500000081600
000908040800000000093740000000800000124000000007402090609007002005000970000300005
000004000085020000304501006070013000908065010400009007002100300850000000000000004
900040017020001004004720500000000030300970050570000006080019003000600000060200070
500000080009000070030089000020007050004000069800050040001000004200900700000026000
009070300000000070008005906000000400000750000001296000000008100042060000050000062
510009063000000980009014020200970000070003040005080000900000000003500007027000000
006000009380050000140006000097000080000000402000800013203000700000070100900100004
100807004007000206920000081080600050000008007030090800005000000000950000000104070
100300900970004000000002034004000005010000008800070000027080000000060090000500480
000006049800002000005800000000007130020030600004000500600200000508040000030000008
007000080080000004010090003004000000003080060200509000100062039000000000090040102
000701050019006020508200000036109005000000000005083000002600000004000270700000090
290007000040000700005083000009100070500030002080000006000000289008076004900010000
000409060000000001039800000208300007000050300600040000060000200800700054005900000
083402000010030580000100000970000001040000000000049607130800000000000090050070020
100970000080003675000008200008002100002600004000000060401005300200000000070031400
000002001100040600600300500960000000000036250800000007040050000000001300000897040
400000000810000070306280000000046700000050269000000050673000000000000090021030400
086020570000000180200890400000000007040080900019600040924000000000300000070901000
000040000010000090008030521800600000009002040001000006900000004500910080002070003
091000720000005000024000030000007003000001940250400000010000090000130058000098004
000004800030008100100700000680109000000000204000403000091000008000907040300500070
000006301008000402670000000050009083000102000090700100000000700400605008200003000
001000500805200010020060007080090000006300001900600000030805006000009800400000005
300002050570000001040000007000034006980050000600008002400009000001075000000800090
080001700070004090000600000000000900010030600604002070700100000000056304200800000
000310002080045000096000001010920007000000000240000610050080009000000000004000305
030000007000370008005010000000000050008200001040803009600004900420005000890020400
050000900000800000742350000024000006000000084000500300000060810038200040017000003
030001000500030000000000068000000900270100000006400025040705010060200800005006200
080400029100030000030002710042000000000690100700300000960000000000060000000208050
900000006830100000002094000007400000000060000000530240050900020400800030060002800
000008005000700000405003000040930000100400009032000700060097004000000050710000206
000000020430000000250700001000120003980000000000603075004000000070004000000090502
000980000009053001040000006000000004000100097005006300030040800900700000402010005
060070000090000016000500040800600400003001000209008000000703009004000020750000060
280000001000072000090100065000020000000049000826000000700030082500000100010400073
039008000701090040000000020007050094500003000000009010800000000010300007900006008
800709000102050000090480030081000000700900300000000109020000010000500200000040508
000020070100060000000014069025400007010300400006002001059080040630000000000000800
602000007000800010000000000006750080000004000509600041007403800020170000430000000
090400010062030045504060070001000050000500000420000030600079100000020000030000700
600200007705000800080000000000002400030007090906000003004000900160080200200059000
210000000009410008000700209300009000006003400700000500000000020000000000500180300
030000051000009000050163009076000203000000010814020700000070800400000032000600070
300000090017000420000175060900000003604310000000004010063500700000280900000000000
461005070530000060009000000070260004000030609008040000010384007000090040000000300
060700000000000010009200500800407000900001040007380001500000900201000600076005000
810000059020000013000000800500200000030009080206070000090300001300906070000048906
200480000701000200003001000000100647000000500300800090090006080000030050000070406
005002100001080030940000005600000002000010000004020009000000250090060000800305004
000000720700005000601000000200030150000000030000080000060070400004850009900410273
000107305000000600058030000092000000400070000006903000040000289920000070000001000
900046300500000700000000090450001200000057000000008006000010080600020501049800000
060009080407500300000100600000407000800030500040000000096058070002000006000000001
400027360000410000095006000000180406010000000037000000020090080000000920000040053
800009050040003900000000460090300001076000000301070000600000004002000070000054080
002006000600908700030000005780000000000000900020010350001060520000035090000090060
000203000050406800001000004900000300085000040040907005700600400200000003004000010
038005706002000100510000080000002000103040600950103000000060470000400000060000208
080005040006000100020008009001007020040030800000050007008000700705400060004000002
002000000800530700950610008003190040000080000200005007000040006690000010040000000
000067001000905080060300000300000700000603000002000560001000058080150070004080090
501900007009200000000000050028000100090000004000140900040035000000000630003690800
000025973000008000000900000070040000920000830010006000700200090030000405005109002
012050000070060000800700150007000004000201000050040200400000300000008706000300809
000105000309002405000000078070000000500900016090760003005007900030000020002050000
000200850500000010087300000000900400740005000005000006000000020400030671210000500
609008000000000650030020000000000003000694002000010070300805090402037008000000700
100000000000400000640500391050760002000000000000003016005000007000006200482090003
000000178300000050208100300002000030031075200000000005004600000000910806007040010
000002008000307090900000200570000020080130060004000000002900050050860070000000130
003500000060000800500001062070002006014000000000104057000010000000405000900730400
040090003271000000600000050060009100010600027900010800000700008050000402000504000
000000000206700040057060000000000008840500009900300002002080000700000003300001200
008201900000080020105000000000005060000978001000000800090000400050620083300040209
100830040300000000000004000008900570200000600000501209000000950020070003050200000
000070000012400000500000106000035700005000000000200090008609002040010300006000040
006080473000004000200000080080300041300000009024090006000000008003170000000003210
004800009230400160100000000000090320006704008090200006000000000640000080300000500
000000070803007002050810900490000030001403700000085000000000000130004650082050000
000070000029300000003000715060000030010680000908700002591000060006800000000004090
042001063100400000000708002000000009030800000096000010420090000000004000050600700
120005700000000060000470800901200080006090000080060010700041000000000093290800070
900000700018000000500080306001967040000000000000200501070800005009030000240009000
020050900003210480900040073000060038060700000000000000001000720008005000000020004
604300980000045006000000001000260040207000600030800009005000000090001000000086010
007900000400002036000000709098000500000001900000000042060040020000209000010607800
900000004000060000000400896000080500208300000074001000000000130007200008050014900
008030020000000740349007000700000150100480030000006000000000000050300400030008060
080400060420058100010000800091000030600300000000000052870100000300080200060097000
003400010000600904000002680000010007087000420000005000398000000002000705010000000
050040297000000640000000000004700006005038000290100050060000300000900000307000005
300900002000002603000000170030070000009850067000100000070094000060000005005020800
003506000046007020080040095025800000000000300700400001010000000000700006300000204
090000000001800003070004500000005060002090087600020000400000100060000070508000002
701402900490000006020000000000090050013500800000000701046000000000104060100730000
700010003301900080005400000000006000000087096109000000050600400000005007000000509
100090000024008000009004680003000070090502000800960031000010000060043000000000800
100000009200000050000850006000200000902001503780000000000503070030000908001780040
000001027000000000280500900040080002001200005700000400000050000050700809106900503
574090000000070010008000064806000007000680501400000000705000300030020070000900000
001003080290000400400000600000006701600001002000500000005300170000000000038040029
000008016290000005400050000306000700700160904000007008009000600000900501040012000
000304000008000004000070200000009080290500000004006000502081097700000008600020300
050173000140600000300005000000080056000000703769000100000060009008900000000050408
006025000000001900010000007105004000000080600009070180000000001500800072640002000
000400730297000000005098000060000015350070000000301000000080063126000040000000000
008673050000000070000400000000500100170004062030012000005006008013005240020000000
002000100401002000000008045000704300010000000200000850080073006040600000600000504
000400000207060009900800500003000890000006010091020005050600004040003001000900708
900300000600000100000002658070003009000090710080027000200040000007000060090000870
090000230400300087780060100170600300000409000829000000000000700000000020000024051
000002007570001408038000000004800000050000196390000080000970040409006200010000000
000009304030840050000700060609002700000900000004007006020600073060008040903000001
000082003003400000000003047000000005460010800702000000610900030030000056000700080
906570081508390000010000003070000005200005017000040300020160070000009008100000000
060059300230600041800040000000000700040500003590060004600900000000008000000710020
400950002000000635300800090098000020000200000010000500009000010000080400000536000
400260058050000040000500700070901002006000009040600007600000200000080030000403000
013000000900005000080090004000000068000107003006040009000000080001206000520009710
000600100000705960120090000030000000000040008781000500500000007008100600000000280
063400000027003008000000000506008002040500180010000000000002090034010050000054307
003000001084030000100498000000012000800504000071000000097300042020000900000080700
000020706004301080000004005000506038005007001080400900600000000501000000090100070
200301000070000000010240000000000060020005000007080940000003200048000750500010300
004030000100005000950021400400900000500000097000057006007006100308070000040000002
086000900020180504000060300004000006670400021000000030100050009003000000400901000
000600003700000000680402000900008000000040010003900600009860001540000200000100074
000070005000005200097000000006000100800007009020504007000000800201600000065020030
500060000200005400018400270005800090480000000900003000000270300027900040000000100
070200000009705008003000000840000067000800090005100000090036700700000080060000500
000000000009463005001052000500000010060005900802706000070000000005100609000000480
029000006003000910000008000080070000500100080001060405100500870200400603000007050
500040002006009080200500001907030400000000090135000000000000040003600020004008009
400000000000020604052000008001000030078000000000308062904007000160090000000160003
020905600008000001590308000700000000000002350005004000000090076000200000940056000
100090004000023070500700000750000036300000000008500000087010040030000902000080600
060002004001800900209004080570000100000900000004000020700001060010207005005000300
100000600000070508002000010006003020200019000000000700090308000050400001000000409
005000002030001060000690703067050000400000100100008070000000594000905000020040000
009002008407100650360000000000004801000026070000700400010070000500000080603050100
608002000007080090000006100000600000050300068070000304060100005000003000009005042
000600050000801000205074000102030004060000309080005100008500000000020400000109000
320001046000720000000004703030000600700000051604010008000000000001805907000000864
000600010060900058045007000002030000100000009070001080010005040000240000050096000
000410600900603000200800000070200000008000170000000300851000000600050903090080004
007003400030004002000290000050106000760800520400020700001600007000000200009030008
000017009006000200008060010000000540000503080000006102090100000080000307720900000
050007060002800000009000147500060031000005020900000000006700000100200090030000016
041000700060103000000000308180007030000608000000090006402900000070000020900705000
060000003038005040000070600206009005000008001070000000003002050000000400190600070
010050903040000000000360070502000000008000504060001080000029007600000000000407021
507000000091030056008019000000000000000600403039100620080300007000800304010076000
000000060600040800054000700000001000000700003001365008815009600000070310090004000
009002000000650900004130082020001700000000501000900020080560000390000000006004003
200000007900000080000130964061000020400700000050800001070014000000000503004900000
000000042008100000070058009000091080000300004620040000100002530000903070002000000
580000060004060380060010000040907000006008000000000215000005800000040020750600000
000000489050000000203000500980010020100590000000800700040007062705300000000006000
000004000000700046000018027000007000204000000000000108002865000089003050360002000
050000200003409070000060000070000060000708040010040500060000000900200050200951600
005020010080500000900030004000006070028000160503000000146009500000600000000000020
490080010000500400080300000502000008006000900000004007050038004003056009000070000
008004000001080309000002070000010400600090002209700001005400900070000600000000040
030900060008003400000001900000200600009000040807006090200800000090040010001000300
020035004080040206000000000000000090109000000600020300070000000800501000306080047
000804001030000400000600050080000090095006000004000006000900070100400009540310200
000900006001000000300042708700004200008090004002000005006039400050100600000005300
007002000010709503506000001060400007050300000004001600000900000080040005400020700
050700100704200300009010000000008750600009004040170000070001000900050000000020903
000000500007000030410500200070008004000010000083000920509400007000800100040002000
800000000000804010000301904520000400304000000080500001000402700030059006600000000
000401000000000694030007000096050002100000000005020089700009058010000000000004170
300000560490000000000401000102900650000740000070000090008000070000006020000030008
500000000040020070000170000018600002004000038060240000000007090020009000001000805
000009604940081700080600000050300290200000001000000407000070000500000006000134020
009800002160000000000004790000010040000000006300092000008500423050280000006000500
057400200102000005300005090009500700700300000400020900000700003080002500000000006
006190000000006200040070000000809023000004080680000005503000700020750800004000000
000005009300000006050068032020003000000092003001000050402000001000010090080009000
090003050005020070710000090000807200000001000000300400004000000980000035052090000
800300904070928000000060500016000050300000002000006103004200305902000740000000000
000002093080070050030000600090006000000000069320080104100500400000001730000400002
050103700006000480010008050000305000008090000600007000004036809000200000000509060
080010030000395040500000000000009000015800200000000810800000060032040700070230000
000903000061002700004000060070000001000020000206005000000000930708300600900007500
040901000060000009709000062100008070000200000030070601000000000500003096080042030
900005601000080070050000004000006080030000500405001000600020000390100000000094030
700360000080000750910008000002700060000000100400006085600084017000000000000200000
710500204500000030800000010050600080000000400120430700000040100000009003000100590
003000524000000060000000301070000009090008010005010706509400007000203600400051000
005000701040700000070002083000000005000021040030500106028000010000000300900104200
004708600371000500006400000000040701000000900000002003000905000000806002097000080
000000109501600000060000005000520030002000008006107090040013600080000000073000400
075000380000008000006100200080410050500036070020700000000920001050300008004000000
000400008100000006050000700000743920245000600009000000002090000800507040001080000
600050000801000007030010020000000900702089000100000000540030200068500010000090036
000409800600700050500080000021000980700000125000000000000840030062000004940100000
052600018001000005000000004705046000000500000000201400000007100130005907080002000
050000000000810004800073100709000000000020010500004000004000320006500970000302000
000000000004000060700030090003060500006307000091052000000508009400009001020100084
000050006090200000080610302040000005006000030120800600210004000003002090000000007
800000040090280530060047000000921003000000010070600800006000000000500160400009007
900000000200001065030200010007096300060000080300000000028500034001000000000009007
000001080090000005745900000300000010006040300014008006000030800001604009509000000
030000014640200000800090000107008000090400000000000203060002040000001860050000030
008700642900450001010002030000000103100000076082001000040000005000020000007530000
000020000090700053005400016000300070701000005053006040000000000984000600000840900
005300000000000200400000800006040000704205003902000000010500600009010005000098400
020070300480050000903802007010009000500000600008100000000010009000523004100000050
390007000000000008020060900900000370070094000600000800030200500000608010000030086
004300009700000030200006400108000040090700080000600007800200000900000100041030005
470000850090050000030070006000007600063800000800000040200400001000000004050009270
000002010001000040007050300300608400000200076078000000050830002020006000063004000
000080000000000054318600000000008200600700030900120000040001089000000300005003010
090000014000850000038000000003062000000013020000000490000080167000195200002700000
000000124005609300003000000000002000700350409608000002800000001500030000070406900
010090006800300000060285070000000000000609003000750040503010008200000690080000000
040200890000400001000009500000003087060000000208790050670004010802001740400000000
200500090080010000010204305057000000000000067100008200000009000061035700000000183
009308000003060750051000800000106007800007004000004030900800000006009002000000300
000900036800050700000002080650490300000007804700800000034060000060000420000500000
000009008700450000100000070400000001600000840003600000040500700000720900809100000
900050070204009000000700010023000004800020000000904000008406100000007009406000008
096005100700006300050000020000400215005027000600000000070002000009040000810000009
000040003000008500001503008100600000090400050670000000500000002260007030000001004
007620050060005010001000400900060040024030005600200080000000300000010090000002008
003400008000010000020009000002603509405000000010080060000000050000006003900507186
870090040094000500300000000000006000160040900048020000910500070000009604002030090
000025000800000030045700100500000207900000061030070000002000005100032004080000000
008104070000360004000000305400050800000740000096010500123000000070830006000000000
000530080002007000010800090000000702020150030009000050006000004800000000700008500
005209800300501006000000000509014030000000004000060100017000500020300060900000000
070985000060200900010000000000190060007500000041060007000700620000000050900056073
805000000000001400200300050004090001903080000000430000070200840010000207000900306
009000005170090000000030040601400030700600000004000501000000000025060400086203000
080030010000001000009700500005000900003400001700103000020000607000026095500070030
201000400000000036080100205060050008840000000000060010003200000509800000000940000
021800000900050000004000750000340000300080001000000067030002080800000500009000620
003070805000000030060098240007400900090005000004600000600000400009043080050000020
065000070300000090890070020000040700070529001100003000000000060006002310000008402
070000091014080000002000500040306120000040030000001700468010000050000200003000040
000600020080002901009070008000000543070004019000000007700925000040300000500010000
000405000000906000900001050600500700007009306002004000000000009030200070040000805
300700016000004200050000700000006045800002001000400800000800000006007002207500300
030008001100370050500000009600002008890406010000000700000000000906003400000854006
000602001014800950000000600000015060000000700380000000040900080070004030020006009
001590003200000100000072006000000005080000064047050000000080000009000500004603002
000016000000000901230500000800000003000040106060000002000090580000007600340800000
090000000000350090006009270307680450000400007080070000604500000000008000029000600
002000030040090007300160000201000004036050802700000000050030090060072000900000000
006802000800003000500400000037050008680200030200030907003000500910006020000000006
000600000050040009100002000004010607000000000037000800908450000500031040000007005
008290100700504820004000050000300510000000400000010070591700640800000200600400000
060200000000800470300000050000000002015006007200901005408050000000000034036700090
030200600008003007020090003740001020002000000000306009103050000200000780085060000
040900000008064000006030980000000020024009010000100506000200800500000103080600700
000050127801400000700000300400000750000000000605210008000069000002000000006500400
605000010000000002000058040007030005001070030000004900320000700080000000050209006
000068930005900000000700000706000045429000800000007010300020000000300500264000000
010005020004000300037000900000098010000000000000210037150000046002070000600900000
600030800080012009003600000210700300809000400000000020002000010160507080730000000
000100643003000085000004200500302090000940000000006500040000030706500900002060000
018300000000060000200000000006400007000571004100000050090030605400000031680002070
010400032350000000004501000705000409000700800000009020006000050130680090000900000
000806002200043800050000400000200008030000500001000900090700206070000000305090070
040800000700009500100000604926000150005000000003060070500090030000300000000006702
200400003000000000401020070060900002000080400097050008008000051000360004000590000
000507000007200049900000300805010630000700800090000401008000000400850060503040000
000031600000000007008502000000380000961000004000000070000100340000000090590008000
938000000000010000700009204005000002000700030000520109504008000301600700000000010
400086005001000000005470000000500910600000800090002000000810000003200704200000030
000051800400380150000460700000000500006000070000500603300000000720830009000790000
000832000800170020000000003906405000040300010000000906620000000070000005000090037
005000000607300000120000460576001040003090200900800600200000500008560007000000000
902700300000390000000000060050000870000004000041005030084900050500410000003500006
020009010059080003001060500000000000700002000034090000000400038200000040006800079
007600000000000830804905200480000003500004000000700059000802001000057000006410000
080000030030006940000000765000090000260010007005400200100000080020004006000500000
092800000000203706000070009009005000100000050000301042000000810007000000001080003
004000200100930000500000096300804500000000340000000007007009152081402000000003000
058000000000836700700900000030005040080001000025009601000000300000600018009040020
900050003000200006046003007407029000090001430000000000368000000070100000010900080
000040000000360000051000060200790340037000005409000700000000200000500090080274000
000306200900000700520000090090000060470000000000002370700600005000004600100703020
000031620092840000080000000000000000460090000000600705905000002000000039730050080
064001030000008600731605004106000000000000970050080200003040020000900000400100000
065000700300050940000060080731000000000000004089002000500008000096700400000200500
400000070507002000100006005000000004000210900002000030001000090008475060050090020
000830000031076000000000930006090400000010500800004379080050007409000000060007100
000000000000021050346070000490200000050060100000080005000410008080000000002050016
000900800047000200000060105070009500009020000106370000001500000700000000095032006
050000060060020000004030500028000000400001700100000620001000090007004000900050271
690000000005024000000906080000090608067000005400000032000070000510060000300050901
030750406004900010900400200103860000000000500000000700029007000800000300000600004
710000000903050010050000062008007350300090000000000279000000701140900000000060024
000070006009000050500001807060100390000800000901000000000020040000000008038040600
600070500400000000000000021000013050704009300000060080010000070090800006000002009
802030600000900030600005009005007060000010002700090000000453000401000005006009200
060010000503002790802030000000500800000009307057000009109000000006024000020800000
002100000005004000160008500000800490900005000800030007009000100020610003000020000
030060000009000070000008000267001008000020000940003050008730592000080030000009400
006000000030006200900005000000049010000300050490750000004000600000870030150004000
007096000030005069010003050000200000805070300006000001000100000200030010900000503
269300000001000800035001004007900001026000940040000000000700000710030000000020060
000000006280004000093060700050436000800000500309080002000001060004700020005000007
000063007700000600000005090500906030020080050000000072003000000008090063604051000
030090060009250070000004800090000003700000500050070008300008000000002000012000690
000000009501000802080004050756008000000000000000036010020050000300249000008600003
000300096600020000000509002746001800980700050000000100000000030008070010104000000
000006000020070481000090500260009800573000000000003020007040000081020090000000005
030100009000070004009600500060500000200060007004000020012840300003000400000700006
000500082085000130024001000600020300000109200000650000000000009900060420000004017
300507000000006203701000900146300000000000800050040000005004081000009000010020600
004300000760000080000029060800000000230400100000000057000080200000000804001006000
006000901020000057000806000060000200040090000070042006500080000400001000010504008
000097050000000000600800000021030090000028000000600410040000021050004030002000700
009000002070000385430000700000010090000804000000306004800200140005000208200070000
005024190000000000100005406510000020000090630060000900300000000204801063600500000
500600000003000001000020890041000000800012000000380046000070000000000027270500030
000005007025000009000600080180043900000100700070026003050030000000001000700008010
405200000003006080000000700600009000050000604000400031530000009002000007800710400
003107006410000000000005800300790080070000000160000900000000600002800004080300071
208000060000025000900800000000040100010900700370060502040000000007453200000080000
060800004084600000570040000090000503000900070807000600000200050000050036201000000
005000102207000000008000470009800020030170000000004080040003090900046000000200000
050004107000000003000800900008001300027000018009007000704900020600040830000020000
030208000000005600000900073000070108710040500020800047190020400600000000000000000
000208000000010600020009001286490070001000000400007100035080009600070000900005300
009076400705000000001800009007300000524000000000040706300000102000017304000020600
000000820080703904405000000001680070000000001007000005600521007000000060054008000
000052008000360000005190000000020050106000000007003860020900600600007010009000430
801900004000040800903007000000600030006100000300000080002010500000008070790000040
605000003030000608200030090047001900000200300001090050000400002000000570008007000
097000000030900480000070900280060000300800206000010090800400010100000070005000034
780000000004060000500009040100000020070800360050040001026080900040050000800000700
570600000008000342003000000000205080000390205000040000032010900000500010700009004
050213080084000900000900000000000300000500002060700000900302004400809000027000009
580000200070600800000000160700300604003000580000010073000046002020039000009500000
000002830100000504090040001700008000509700100080005300000090406060200000400070090
000628043000400080000000720800000109900030000005700000070540000100000500002360090
040901300000004000000000910800006105000700030063000080508009003400500000000600020
800020060030150000100003050007430900080001000000008075002000090050000130040000800
401000000050702900000000007000040000000590400900001300240007001105600009000020006
000705906030010002006008530000600800001002605900000000107000000008200000020003009
050003000800520000607180000005000608003000145048000000009000004000200001200060030
600012000000007090001500000090100302000000006408000900000020605504080000200090740
160003000200000405000000630004010000000000040080670920000960007700052000000700800
300000600600000004042180300900530041000009006100400000030074000008000020000050009
400000870300100006000000050630400020002060010000000067040000500050241000273080000
200605000000000005104300060075082001000000000000000950700000200000067830080000090
750003000600005003008090000900000008207800300000000020000200000003010000019048070
600005000072000004008006003200008500000760008000002409100380000400000390009500080
203009501001000000070056003060000009008500704000002100000700005000000900005908000
001000000500003000000000108030050200002086090000070000804025061000000050009068400
060020010300060500007100000000500974804000000000070308905230000000006109000800000
004005006600070000000000080010002650006500300203040010540900000000700000300604905
004501368300000000000090045010000804000008000230600000720040083006100059000000000
005000070300005260000009100600090000008006045040100000000062080000051004070030000
900500000800000000050090800004800500001064000090000200060008004000001705072000680
000000003206000100000500290300070001094030050000010900600000000075004080002000040
030000000007200900001500028080000000020400007000000631060040700070000082003070560
000420810070900025000003004000008001924600000000005906018070000007009000600000000
000401000596000000020000000000243890040005007000070306050008000008000720907000080
400000000090004706000000103020800500060190000307400600000070300801000000600003010
000000000508000206200300005000006520000531900410000008000004010090210000000609700
060008000800510260305000700000100920000300500000000007009060080000003004006270000
000000060000024907000790004703000050500010009090080000060008005000040070070900830
040807010000000056090060800053000000000120004080609200000004007800000000430000090
097201030000060000026000590075009000000715908000030000250000300301000005000000020
000000000007096008000001906500603000020540000308000001200300069006000000700900300
000040000007000001006800930004702500200503007000000003890005260610300000000090000
000001053308090004500073900800050000060030700450000000000800027004006030006000000
090030100000002300800001005060420009000500700005000000080900002020004000001000860
001000000000070093000091040002003000800024075000000400700030004600900700090640002
009002000057600004400100000300010420001026000090408000184500300000000009002000006
009405100200080000500600007000003759006210000000500000945000001007002004000000008
000000000005000008810400027090004000501062900400000506000030070078500600100000005
050006000230400090008007004000008000000510680000090203000000500060002001004000308
000090284160805000020000050030010000600700000871000300300000090000006000000480010
000000250090000700003900000600009000000000018280007400000500090005071000867300000
041250000090000002000000105020060000305008400000000009800070600079300500200400003
400807500000050010001000008060000100000000079597008003340002000080635000000040000
800500000695403000000700080003005100000010007082000000000960500507000602000000000
000207000000060900070000028089006004000900100500030800206004009901000000800610000
200040107608000200000007005000523004000704000020000000700000009800000010165900002
500000000010204000000809106000390005408000000390000000006000000040906003100530040
000002800006300004007800030603008050085160002000000003900000040008007000050040000
000003010060000579000400020000007000300046000086200300000600002007000004010800600
208001000300050042750309080000002000007100690509700000000000025000004000600530000
040080019000000560000900000102000900005340000006200051001000300003095000050003600
000175060090000000010063000020390000000027000080000095000602900000000820074000003
004600900700840000010000000800050061090700000050020400009000070048000205000500104
000030002100000060749002000001070008600005000508000340000106000000800030000950700
000001780027080000000000301000400000650000070300005000003000800000090520402013000
500100000002007506034000000800703005060900730000600900070000058050090160000000000
705004000010200000000005261051900020607000300009701400000400000000000800000003105
000010200000005000009000075090500004000060030200700001010306090000000067702000450
000025000300000702000000406008000000970000501000690008560081900209300000007000040
600070093090002108000000000000300010186000004000020000000000600507180009840609000
060007001400600920090050800080060004301805700000700300004006080000020000070900000
100003960070620008000001003827005000006000007009000300002000009000130500500200800
080300906930720400000000001200430060000000000074285000040000150000509700000000000
800070000005000200040200360060350000103000020009000700007000040680000030000010009
086000003209300000000009020000004006060000200000005009002503094900701300501000007
000030000000090025603072040010009006000000080490000000000600007700010000080300250
000300000002040009359000000100009680004008000090500100070000900025807013000000800
030504006000920170002070403000000020060000005200060004400291800000000000900680000
100030000007020100000000080804570900900081000052400000009800032200000060006040000
008010000000800403050034600060001300200000009400600080007965100003000005000003000
005807100410050080000009070040900000000400028030080500150000060600004700000108000
090000014043020009000030000008001040057040090300080060000200080000070102070010000
000700000009620050006003278000070402830005009001000800900000000000040503402000000
003042010071000080020000705004200000000013600600500009000050000009301000000090100
000000702001000090000207305003060904500000000000089000800000000600030470024100603
500000000600902035070400000700000500050000080000260400000308000010004820800000700
000003029209060070500080006000000001601000007870600000900700100702090085006000000
000007000000490010806300709083040050704903060000000000020600900300000004000002000
098200040100004600000807000004000109200006000039000000000002000002030087040008056
000030080000000506700500000000001800005400000000080012207004000380790150009008000
000000000070000430000086102100000500000820003004600080000001300300500070098000000
079000020800703600600000084000390000000040002040050036000400008300000005016070000
050080400006000000009000003900820150000300020000400096080006709000050000400000000
003000007800000000426000003070200604380017000000009000000400056700003200000900100
000091500060000000020005000004000002300014900000380700280000370070800010000000004
000800300000004860032070000000090007300600040050000900190000028400031090000008000
060080000048007520000605000010000000300096850900200000003000000050400009200000074
090430007640000200020000908350010000000000000000920803008346002000700000060000010
000075030010000000049080000800130004100000790000600200006000002005008009000000870
010230590000870026600000070000000050100000432006000000000000000007069000402100908
050000003000300006001000000000800005060005100710090604006001900028000050040720000
594000800070000000000010034700200000008000000340000050010009200006007300809006001
800000601010020000009030200508070000000000004200900360000402070007180000080090040
000700020003000056070580009009040000500809003010002600081000000000000540000030070
600090030300000876000010000002000080500700600400200105830000020000903400000000009
100400072000003000080000009070001200208000005090070060037200500000000000000056108
240030900000060380100000502037006000020001030005000009000070005300010700050000260
000006490000010000000002803508000020000001704030090000400900005090080071002000000
047000001600000800000000700803001000020583900900000000200060090000000007000970618
006000400075068902320000060008001000000700031000520000800400000000007028000006104
500000298000200105400000000070000010000029000009000600000508702800010000302740000
300210070104000000009070000000003905010000600040050300000307080000000000087004060
003000005480070030026000900060208009940000013002000006000000002000310070050800000
310009007700820900000000160000006300000140002001200000460080020000070630090000000
050310000340002600000400000000800200200060003098004007001000409000080050500000020
049070000008026000060800000000002406100000005005000302000000208807000100450009000
040080056021007080000530007000160000076000000400000020009003500004005100000200070
003080000002090050094050783108000260000000008000070900500207006006000002300400000
008097051700230000000000700000000900340020000080400100690008000002010503010000040
700000400080700000006040000001000508050000090000008670000060023042059100070300800
080290030000000000007500100010800000032000000700000900300000426000074008600900050
702300000000002041000006007200007036010090008038064010003009000000000000004000503
000050091020304000600002000000001000000000930003040507070003620090060005000500800
000037000000090000800000913400000000030015002086000030500000000004009020020074508
380040100000000070006003800807200010094007208000050007000520300000000002000609040
048005900059100008100002000002000000000860070506301090000207030000000006003000080
000009000003007456800000000030700001090604070001903000678000009010000000000000140
500270000130004700800100005000006104000520000200013000000000001704000009000000500
000400806010060054400200090050600008008300001260007000000800000020000040090023000
800040003010000006002000050900000307305060800007800600000180020000502000080000000
010690002009000150040000070050000010000027390030000800000084501000002080000510000
008050000102030968930000000200813070000000000000074506000001653300200000000000200
097060000600890030000007060000500020010079000820400509500080000000000640080020000
000200050600005080040000027100009300000800900970063000023100500890040000000080000
600200001000030940040500003004000000500000006001087000010760430000400060000003518
000086030900410000001003080000850000074002000000000006000040065065007029700000300
300008405056430000000000060070600002002050010095000600060140080000000000100502700
300750042200000978000009000030000480005000000091087000000098600000005004000670200
090000102005900000074100800000720000008006000000300060300008907002070500000500200
680200000000008032090050000020000000001000980000093060000102008005307400000000003
700000429020000000400900700059400203000537000000000800200000000000083140000701030
103040000060500800700000001009000060000019005000000030005060300800700000016050087
030005090008003006015070000000000701070020000000600840000500009000400005104000000
000826000900000000000700030000000401000507920060090000308050000409300700000100008
600050000078000205400900080000040701040001300100028000000000060006000032200100097
000010000004600020396400500740980006000103000000006004200000009600000070005000030
730000006060900250900300010270050000000000000800001002000040070300060000610029800
030080000018057000000200003000025700150090060000700400090400057001900000040002100
005000040020003600000020000000080027000500004730000100900200503040069000803000000
009400600000000000000907030800002400650000008423000060000134006230060090000800000
400000080000008039050000400500000300073005000000200070705090000800602000001040720
000020010800060000060059000010504070205006008003080009000000900001000700570000603
000000067040080000090026080260090010400000508100040000900000000000200051500010620
000000000000068050710000040000000065507000004000094081605407000300050010080006000
080005074104000000005000009000093001000001000000080740200000830600009005870000000
000006304000080000000530008001000000200671040486000000620700000000200609900403010
000000302007904001000003700500710060060050040000000000008600007900830000002090000
005020000070406900000300506853000000000200007600004000000000049080001000040680100
000920073070630400000000000000002000020780040410300007246000000000070600087009031
000000060020090010000865070008100904000208700400000056800002000100007000000900500
090000000000347000000600100380100000000000809450002000120000060000006030000409010
604100302008070504005000000090007260000000000000000798000035000060000803080021000
201903000090020000800500004700006090060040800000000560008091300000308000000000040
040000073000020010807000020000100608001080000200964000000800030004570000006040007
100706020045000000200003008080052000010000900500000000008007040970008060000600300
005000200003605000061020030000080003020040900000790620010960000800001090004000005
070060005000000960004100007009000600603000080020080030000000006400007100310000054
000005020803000500040060003400000001080002064600000000030680400000103070050700000
004000030000100009002976001000007000000010600700408090000603504010000300046000087
405000000320000080000000009000700000000058060602900051904800006000000100500620007
003009008000320600200000000500000000007065000100200004000000107802910040010008050
000004250000681003008500006002008000010070040007000005900000012000900080600007000
400002150000000003089000060020100030000040070001900000200034008104600000007090000
700000802010004000600003000900000050540900013070000004009048100000600400008007090
700030000100804200009021000305167000000005000007000008061003097000600002000090000
013000800000350007000600400000070040804000000506080030080900000001760002000005076
900700020020400309000000000000205910000306008700090406001080002000000045500600030
000000700007501800600003010005000307080060040009800000900184000036000000800000500
008020003100083072070150000000000800040000060506004000700000020900300584000500030
000000620900000000076042900300180006050037080060009030000000802000401300000070015
500604008000009060004070000200500076630090250000000000000362000070000009000000004
700004000000000020095002108400200000000000700070013000060000400000930051080000093
670000000081007590500090001406003029000500000090020106000000085008000700060400000
310007000007000001000054800040000607200685000800400020000000340000010000060003905
000007620108000000070000008000000000015900870000480003000036207700010000090000050
003004000800060000000000650002000000040500390000031200010450006680000025700100400
079100000000400960800000000007050080030007006004906010000000090000030008300098170
700010900900600002000020030001400000003000065060900014000100500000047000002300700
000670501000900000001000000005000600000300900000005137740800002512090004080040000
000000480000380000500790600000002008009000054805000070001900007073000020000503000
000020180000060507000008030250090000000407300030000016610030070000806000840000000
000300000030000040100070600702090500500400080000080009020000001090500800000002703
900000000000600503000872000000205019002060054000000002390000700700580000500000030
001030900000000012000009008070005400000700009605024800820070003007050000060890000
050007600006001009000090740003980000600020000000000005980000000000000200072000360
940000000000070054080030000000009070307601005000000006600502090020007600030004000
090610000000083010601020030020740000900000007000000020040030900200000003850900040
340000050000001000890007000009800010080000064002010508000005900005000106604230000
702900400000000000050602300000000908900000000800000013000070020500010640070208000
003050000080000090400029053008000000010000600000060004000000001905007400004003800
000200000408600000300008001006000020040100000003050007020804600700000500089002000
600008040005040027100705906800020004000000000301000000000100800070000601000006050
080003000000850010103000007010200005000008009070009020050070064400301000000000003
004003001000097000050000708000000020009020400007509800400000007010000900200600050
015000000024000003090002000002094700900080025070050800060001070400007002000300008
008000070000070900020900530061200700000096000032000000056008010800500200200000080
030000008009600104001009000050010000002040057700000000004000900100530746000007000
800200090600054701030000020000020009004000200300507004006000000400000015090610000
000064109000002000000090048480009000905070600000050004003040061010320500060000000
030020001010000009000405000300000000000083070200100600000000000080000045750068020
090030040000802070000000805070000000000001002850400030003000054007000003609000017
800000000050093010700100640030000000100600050900230000010000000000050200006020980
000700000001000000000900615090004308640090700010300200360800000002050080000040020
060030000000000000030201800000000600300560720000704009600100008700000590005402070
000000380801000002000007000302000050508020900040006003050610000000002035003900020
060500090400006800000302470000000083130000705002008600004010000600000000010200000
000070680008090400060500920000000000890043000010025000030051002007000030900300500
001005300002000004043000070430060005806040000000109000000750203000006041600000080
405000600600007300000041020800205760000700050040000000009000008000430000000000001
002000500050200000003095100046003000000020081030000200000030700400009005000100000
007010002090000050100800000000076109040020003000001400230000000708900060900100000
000203000070000080000010000150900000020460005064081700005000008316050000002000070
005790020600400070030028100000070500000009831060002007007913000000000000090000050
000070230000004006098000007000000020002000870079062040400000300010050000060001000
800003019000809000460000000900100000200040006003500000005000200007001640000080000
005200008000605000120000040059004000008007091000000000042000805000070010090060003
002901065050000700000007024965020000001000400040090000006530100010000050000006040
001230007097000048000000060802000003003006120000000000000000000300800490900700012
185000000000400000090000050600700000300008041010020007200580700000007090050004006
004000070076200000080760200000036000050000010028400600800300000100000064007009020
820060300000000060509000800200801040005000000000500900300098402007040000000700000
008406070001090000030000000500014008000200700070089510009000000000030057100000004
006080000300000000000007300003006980010005700070090105700058002400000600000710009
000000000014205000870009000000002009009080046002500000000000008005401300000300050
003070405500040000097006000700081000000000080056009000000003007902000003000120950
000000603040300007058000040004009000000002100820400000000004000000070930005018020
025000700408000000700002090000008500000200980001009407000801000040000068000503000
000000900000185040071900530400500090009002000080300072007000000300000000000016200
020360800094000000000000104000030008000092061000008240900040000010085603080006002
063700005000402001000000320420005000005300600000029700006000403079000008000000000
000020300060100000008049002080000670070006001030200040000038010000700000900010000
006107000007060004030000090200008500000200000000900010000000960010003200900750403
030010080200004000000060900704900000000000200850370000080000020020006000003008014
040800000009041700700900000000000000001700208070080065000029003000030806960000000
000000900450001203300800001000905002020070000000020006908003000030000805040100070
090200000100000053470000000960001000008043005000007049600002900040000000005000008
460008007800310004000000081003400009200800500000000000072000600000076040004002000
000890005070001093005040000200900070854000009000400001000000030009500000738000600
000000900000050370010030006060407002200010000008000090000700000030590080009320007
000006050000580604000230000600020000400003900000450010082000000740000100100009807
240000050000102000700000041009600100000000005020000489030008000005001000400260810
100046307000900000800000500007800901030172000000009400000000000090007006700000192
000009000000634028600020500709000001500047960000900040000310200900400080008000000
200000100600890500903000000000008042020700010000000600000003070070201900400009300
005000308004000000030090050070050400000716005001300000040002000600005002300080970
170005204000030015000004000280000600000002590060000030040000060007100000000970003
090040076000050000010000009040900000000010083002560907053200000000000060124000090
300620400910000000400000650590040820007082000002010700000000000001003080200900000
200500700050801040000004000000600852009270006006000007800000600004300090095000000
030000900020970004065041000003650000006008030000000100000015000000000050071090300
000008071000900800005720000000006040423000009080002005100630004048000000900000030
040000109000000708006208000069400003000007000004005200090006030005010000610000070
500000000800002004000060103902300080000001007000004050000000010208053000300908000
000000010040600000150039700000000002000247908006000000073018009000076400000000001
007890000000004010308000004600050000000600490710000030000030060000005800002000105
002006010061000800000020003300950000010802000009107008003700020000010000700000900
082070030610004920400009600030000000090000805000000014001000003200406000060500000
640809050000700030000520600000607800000000004729000000162000000030060070004003200
050200008000809070001000004600000400594000000000907100000500000000001090400000207
300800000079020000086000270004001060203000050000040003000000904007500010060009000
000000000400020501007490000080106000079003400300000200030500006805001004000000007
000206170000070030006800005005900080000000000702008093800000406300020000004000057
042570100600123000090000000080000300000000002907000080000000907006800000100000064
070040000090013500002090070100030700800009025000000060000000104000000009053000000
600930000400000000380701500000000050700082000008450702001008060000000034000000008
020070004000005003030942005000000806000700030080034070100050000500000940360000002
000007240007904003000200097900000006214000000060018000070005008090300000000820000
000065040200700005000090007430000092000000000027009000071400020500370060380000400
050006030100500200000004080200000006304000100000802700600050049000000000039040000
030200500701006200006030000009000671010090020600000000057080004900020000000003000
000860000180300007049000003003010500200006000000000140300180004700050006020000000
800006000000001902020700000507004000600000000000020408000940000700050380260000000
005800000020100076000630080000008060000960000500000091900300820080005700070000000
200005008001000305507000000000020000000390000096400170000040000703900800002000006
704080100000040000030500020900830000170000000800007400000059200000200301060100000
200003800073000010000007006009080000007000000150240000080000042090020130040100005
009004000000020000060000018302005070870000095000010000000001009200000060080290003
000090004000020000007100960004203000600000500300006091001502000900060700002900040
056074000400000070002100350000000030000000600801009200509300000200006400000040007
400009000000201090008070304700000000005100000940000200080300021000090400000000708
104060000306080129090002000040000060000035210000000003000006000207800040000200908
000097000700000400300010960000702003040050600208030050030005001000200700010000000
030070096691000000000000400809000040050004200100000905300607000208000510000010000
002700000700106003000030007000901000608400300090005000026000400007000801300000906
200000000940000600006008000004000201030050008000001073500600080000203100060010090
000006010300000864100020003001000200046000050500090000084200000000004000000705408
000000401000904002002008300900700130000046090080000207407000000120000008600100000
920000701506004300000000000000080200000009000015002009700000040000010583008500190
020007000000910000000358010900000100005070008007060900006400050010000830200500460
040001020000509001000003860800100300200807100700000000002400917000090004080000000
000380000470065030020000000060000300010940007008500009700600004006000200000059000
800000017090200000603000280000000706000120000470600000030004500940760000500000090
083000950000000000000900010000020006038100000004030087090804200067000000300060000
002006000904020005000087000300000004008005030451000009020060000500700091009800020
700400090040000000002000500000740000501800002008009000000080000037060008010053040
700040003205008004900710000000000000300000097000080610060000400097000020000800005
030100090605007041800500003001700300070310058000095007000000089004000005000000600
000000700960300800080200091050006020000005408000180070040070060710000000020600000
001000050000002900070000060000978000040000200680203100000009006100000800007310040
000601000080300501000070020013000900000006070007900080001750260300000009200800000
800000400070160000000059072000001000005002600006040300080200040400090000010000809
300004670090002004000100080030600002009050030000000700400200000000000006020308090
300060800604080900000000052000008060069700000408100090090000000000507000000040015
000069041090000607003200000950700800040000003002000500000006030010080400800030000
000300000090872000350004000000010800000000076007003201800900700070000002002600305
640090700900016000007500068000000206000004000700800350059230000430001000000000000
805400000000003100004080000608000040000020601409300000000007000000500427001000008
000300500750200080000000002904030600200060073060800000800000060000080097500910008
790030600030000000086000520000014000050000006000005910003000087000007000400206000
107800050003009200004050078002105000060000000000090080000980060000000700050030020
000060073000002000080400001010000008304000200007050100003970400000000500400603000
000004000000000000205000900006130007000700020078006004000023100500000260300060450
701000260300000079020650000000008030100420000004000790200004080000000600040980000
900600140000090600005021008001060030078300000000000090007800500000000000200900000
100020080400007006006050009602000800074590000000380000000000507000100000060040028
900004005070000000300008960060100000009627400000800200090200000508000102040003090
009107008470002000050000000000050680000006900005070004008300090030008026000000007
600800000000000015100496200800000000000000070001008050000003000900700120070040380
105000002069105000000030100000079000076000800902006007800400006030000020000500000
300008065600007000000590700003000000019030650080000200060000500000000017001020800
506008001100600203000700900030000000000003000008010070051800000709000000003007056
400600070560000000081000035058009000000420000600005100090040000000530020000700004
040010006002000000090600501030090108700006040000050000800400005000930600004080000
060807010000000000108904300000000090610700080005000001000090042003620000000000103
000000400000100093000080000001004008009030705020006030010003084500000000006095100
090004000000300100002010040200050000010000009060002370800640007604038005000005000
208100300004000000070800400000002000700309010005080072600000001080060090000020506
007000800830009000420051000000100030000002006000030007751060000060005003900000080
900001200070000100620007000050600003060200000000013028000340000000000080410092005
008007000510040900000050720000301000069000002800065010080000300705000000000608000
800030020000000070702805600000009000000000560060004019090500000020000050410082000
403007002020040063000000050096000105070060000001000000060100540000230000000090300
010080009420009003900030601070000800000060024005000100000003000000602930008000002
004000507000008000016930040000600050003000000060084090000020305040005100001000060
064800000080150004000000500096020000700000403300081000970000000000000780000003602
000020000005000090230081007980000004400003002000067008509000300010530000000010000
400080020050300000007502000070001000900067400006000008000000072040070005009008600
200000000840300201009100000008070050054802007000005003020041000000008060005009000
000000010600035800000900200140003006300069007000700400053000620200000041008000003
040068007070000100000000000200007010000309080050400000300000000017200900008040060
004000600000000080700006092010007060008050100902601004000000000000300500160500079
006200008000407000730000021390060102000000500000001300900000805200900006410800090
020600700680000000005000060002300090000017030010206000807000004003009850000704000
080009304001060000004300700000093000000000501400007200000106020100040000076050000
020003000419002030000900000096000002000005008032070015000000000061700050750364000
000050040070003000000400152907080410000209300000000000001070000030000080280000900
907006200000590004003200060020000638000630900070004020002000050080000400000003000
009000000000601047062050000006073004090000000047000850050030009000800160000200000
200000000300090004000002506090061080007000000005900200000083105000100840000700000
800060240000301095000520001004900700060000009080010400103200000006000000040000030
000005030006007400400160000207000009604800000000000000900600040000400300000051870
000000000007502301103000600002300005760200000040007006000601200020000903900000000
000005060050000310008300002074000000020406000009080006007030008500001004060000090
030007500006050000002018630450000001060000009200700050000890326020000000000004080
000036005040080010100900000020007600000000700010600042700003000000000376800400050
080000500020006103000007420000000000450090000093051260000700000600203000500040000
400000563650000008003070000100000080000093000006080005000708900300500614000000000
300000060000820009015000000020000000809700102760900800400600005900500600000070900
040070800070056900000000000002000000000000500095007643050080030380009000400500010
600200080084000000090630005000060000000407008500009020950000600040000052830000070
600850034000000069001000000006270005500004010003000006000000087300108000000600050
090000060504000000001006000000003908000100300206080040005421000040000000700500000
005800900074050000000260100000024008040009010000180030062000800703000040400000200
040309007003007504100802000000000900617000400008000002200000100000003009360001040
100000002026000700000000459000103000400005600900000003700809300005020000040000020
000860000130000760200000003658940001000000000000070005010050007000008020000700090
002004000000050800000007503080106030700000106300070050000000001070509200016400090
090008460074010000000940500008230640100090700000000008700003005006020800000000000
018043000200000390000000007500000140080090060000010032070104500000000000950807000
060200030208095000000000700400903000010020000097400001680300000000500000000040390
000970010050400000803000020067503040500000600430060200000000008090000000702009030
050000640000020087700600000004300800900402000530701000040000000200007038000000594
060000219000700000100080006093000000000100480000072000700020000001003040000060051
500000000000021004040070390000000080000507000000890460850300600400008000090000730
720000080000680001030900000840000300200040000090000050060195000000820100000060004
825006000003021005000000004900700000040083060030160040060500000000030021002800000
006070001000904000800600270040000080000006004000012530020000400000100700000087103
800010000700008001010070000508020000000300078030005000000706302100090060060500700
705000060600000802000800000032060500001500000050007000000090350004000079000230004
809700000000030047000105000640000050501900008000007000000003016080000300070000800
900000016001400500030720000500802000000003000020105090006000001400080000007004608
000030075400006000580000001100080000030509060000000890000400900000000007760003400
070004010000050300308000900100020009032000500950003100000200700005640000700005006
600001000300980000009006700007003041000500290030060008008000000400007000120090000
007006459540300000000001000200009001000500800753060000000000005400000030039010040
090060000400700009000200700973000000015802307000000000059000801080010200004000593
300000000001007002850641000000900100003008200060000507000000000090010705008003600
001000003700001500006300402080007150200003000000006004000800090000050000003609020
001070000072040960000036000900000004010500020503001600009010070000802000080090000
800020007000001409409000051001900000000003200000067000030000100060090000000704900
070040000003091002000600570000000749000000080009000000021008000750200000006405100
000100009086350010010006000000060004004800000620003000500001900300700800071980006
007830000600102080200000009000070130001600000070200690103000500000000200500300040
350900280020000070060007130906040300000000500700080060000400000200009000000030006
006000028008201006002605700000070000600000000010000890020008560900000100000040007
000010098000400050160000000000003907000700001804050000003000000002805000400000836
000900000080040050079002060100600300006000400805004100390080000000000008600073000
000000300009020000030104080740605930000700100020300400000400090190000740500070800
000020008109000000008006301900300040001000000480609020000000007050903000000005410
009164000000700900300050000030000004001080060000000180006820040040000008008507010
001905002070400095000000034000001700600003000057000000130040000090600000000082040
870000250043000000150070000000040080068000100000002903000053890009080000000004005
500000200080500071007002000700300020000008900001000054010900300200040000305000802
007400900020000640000910000086047000000000000000050200400000003000000001650208009
000002000000080000438600500020000001905000006001003420806450010000027000040000000
005000009000089700120005804000090012030020000900040006010300000600004070000000050
000100090050000801601500002070400006000000700805600040704001000080320000000000060
070908005000000010000003600090800030005004900081000562150200700004780000000030050
005038760060000000300000090001060000006002509940000000408000003000080007030605082
000000000002600000100000430006200700010050020000800009304007000020080001000003980
100700300000084097000020000086070039000000002050000400320400000507009000004030006
000012800090000620000004050006200080410005000000000000008900007100030000030040008
000000000050900000000007630010000706000006005004003800060210097500000081490000000
000000009700310000000000071903084017000900045805000000300002000107405000009000060
000000038000900200072000900080400006100080700200001000007005489009000000615040070
060000000090000054000052300009000000000800500070040916000010400030200008400006001
000000008104080000050000420005700040090000200000260810000000302700000000080014905
010608009002000700000700632920406000043900000000000000006000500030201000008000070
050704600078000900000006001000300000005009300040005000100600002960001708000078000
010006280000004006000821000600000001005000930002700000590017600200009070000000050
700009603008020100040000000650000800007000002800013006002000098490000000000100000
000080020080003000500010000000008903006000002007000650020030008700005400100400060
080050000604000000003910860800200000007000000096007020000000000079504002062000970
000072001060000000501000900080509000009064308053008000000000067100000800300206000
040007908027004000308010000000009000000006405000700610000060100004030000086000209
000900080000000000015340000200400000050000910080005070000007238908000005060500700
009007605000092400010600080007000004002000008004209000000900030030000800091003070
001026000002000305670000080000804620000000000800017400000300000200000003140009000
007000200401020030008060009070003000200000010005190003802430090300600800000800000
060100030090000607004000009026057000000000506000040000209030004000010700003025001
290800000000090000001007604008100460010580000000003000000000085002601000030200100
000596000000007003000002100408000079050010000200005008091200005030000000047060000
010050600000000200500070400836400000000000910000003000700084500100002000080000007
802000407000500000063004010000000530010702060000016000000100050000000203200400008
009700000400030005000004180016300000200000000004050300000040020002000054500010007
000000200108304000000096004800059000000000030005800000200040000000000063006007009
090020700060075000024006000010800009000000040600000107002000500000008000800264010
000098600030700000000040700000801000000500070017006905900000010300960500002000030
500000020006200009000013004000000041780006000000400506000090000018000000600037900
003106000009000007006020305900450000000000008030000420508002000070000100100304000
005000060064002083700000021000008000020006094490000300100597800000020040000800000
907020010050900020006400700803000007000790150000000000069040070500008060000200001
850000000760003000000790100000302010200050070000010806600100000000000005025040600
508009000010700030900030080004005300290000000000624000009070500000000002002053410
006002050000460900081070000210000700000040690000000300000000002320900000000600010
000500000700008000008003090000097003030060001200005070000000080081002000903010700
590000000100000405007201080008703009900640000000018020070000050000000003600104000
960000005005030078004000000040200300008000500006001007000094060009000034000602000
000025003800003060006008900060300500710000002000057000009000010007000020000190000
208030010000500003640200005000709004020000600480000000000070000700300850000001030
001090067600000259000030000005609000010002900026080700500000000000000420070108000
000700030083005014607100008400270000702900050001008000000000380090000200004030000
700300000682000000004601000000000800800020150100098003030040070000510000040000602
200000000040600080010080900000007009609000508000840060900100000305000020000000600
593200000000005010000600040009000008658090001030506000000010003040000000000400006
500300009900000010800002040040090003000203050000000706001026000050104600028000000
700052060000700201000060007000000000003004700102030040090000610520098000031007008
090080002600300000805900700000000007009000061030005800020000400001804000000500973
000007000143560000050040000000000007802004003700003050500000004000108096090000230
500900600410000000007050800000004030930000020000001000300100906000037010200000003
001300890000040600000070000600005041000000700070060003000000000003000480908001200
000600004001009000000000850079080005200010000300020097000000008806000720000040003
070030010680000500100000420006000000000170040040506807000600000008700900009043000
000300007006520040000090000060005200340000070900000100050008600001200000007001020
000500000408000000091080004006471080000060000300008000000050000004006308030900015
030000000000708001200030400800000000040000000020006509000350090000601005400020008
080000009050300010490580360300100000000000405078000000030072100102034700000000000
068700200500006090000000001000000000003279000200460003650080000010040005000005900
000080902000000000084000700300750000006000100000031020730000000000810500890500607
300400090000058000000300401004060007620000080070001034006000100000090000100234000
060010000010046900007000040000001350900700008000050060040600010300009005002000000
