Seed: 1640218036
Cooling schedule used: t = 1.440000, alpha = 0.999900, cMax = 500000
080000040092080000000095100000650470300000000009003002004900605060000920000000001
750200040009570030060010000000320870000091000000008400003900000000000750090060000
200004007010000200006000000000003060700020004158400300000000400070801600005079010
401000090002007000000000605700000000000900000000021004004080060600009008530640007
120300006004000090030000701608930020003000000410800060000096000090247000007000000
000430000075006010040000090000040509006097030008500600302004000000010080000700000
090501200008790050040000000020060000300000049509000008702018000060920030000000000
500000630010300000002000009000790300908045020060000000000460000006078010000000580
004000090070004300002900507000007004000009700000000921105008000340060000820051000
700093200000001080084002000400000009010000027070000100000019750060700803090006000
000008060000075000082000000700200084030000190108000000800006000270000039009400700
900000200004806190700000003007000000005040807020081030070900000000000000010604000
070000008500706000401800700003041000040300060000058007630002001090010004000000000
100076000040003106009001005050097000003000007700030860000400500200010080000002091
040002010010007508300000700800090120000070006001350000000000000920000000003549000
800294001007080690500000083000002000090500000723000000000000500000609300080010002
070006305900500006000000100080000600000000201300020000500204000600030800790060000
600700129000000000080050000020610090901000400800070500000007000000100040740200650
079503206064700500010000390000000409000000000050600001005307000100000000000400720
000901234040500000000003090000420000006080700000000003080000050003010920050000000
001900002006030004350000610000000020000600001000702900640000009015403000000000008
000000008008004060300506000600030002504800006000000100000050023003900000809001000
802070000000000960004002080500003014670000000003000007008100500030040076000500001
100009604000050001000068000526040008708000000000800002050020000000007400300004507
006290005080000600000000200300100000004700500009062070060300809200000304003008000
010920050907000000800000010000080400003500000050090106000306020100000070000210008
008009602006500080047010009700001000003000000000804005000000708000000100501907020
500000940000000806600201000100680007068002000900003000005000094000310500020900000
400109000008004050000000420100060005090310600000000000002040010980006070600030090
080400020000000000093000004028090060000710030000502140000009007740806000000000010
000001050080000090005000001006700008000032000230050000000925080720014000400080006
090004000000000013060080270600010020000000054300090080001000800054600000200900000
170008000504201300000400080000000730090004520200500800046000000810090060000000070
000020009000700000201000070600005000310000000700000400000900380530067040469300005
871000540000046000300000008900000400050060000020914000000200000400073005002000100
600500000709400008000000000010050000000009500504002601007000830003060070001007004
061028007003500000000000010300000590074000080000300402000095000008040001620000000
003020070087009100000300000000000090000503041251000060020170050010002700008400000
200600500000091006009000302800030060030005100100000207000000000380000000700054800
080000013020140000000003028003900070000000000054007006048000001000500000500710090
004007005000080000120000060000128500940000020000006000080470000001000800007095000
008040009027900000000070500059300070000096003000100000890000050406000000700000230
000006750000000000140002060003000480000830000082000500000070100607304200500020000
000070800023000106700001020006000900040560080000020000200000400500080609030457000
009000040010000500807000030000079050302000000000802010030000700700104000080005900
000100050250006000084030900000000008700000400409070600070600000000380009000209030
708000240000001900004700001070080150000006000250010080020300000005620004000000009
009104800020003050000800400050280004086000005000700010000000090012000300008001000
000237000000050040500008060000300801700000000062040000009001500005080000020003008
000009000400300010007050320020001070010000400000630500100070035000000806030906000
100000000304002000000009470602000000000064007805000903000100200706800590080000000
900006030000200700035800000000720001016000409302040000048000107003060000000400000
050000004000860000000005000970006003000100060002070000004090700600213409205000080
000600800010030706007000000000002100000090005000071020004800090060010070308006000
047120000900000120000000000000200000020305400870009200010000600300056000080090057
750000840006000000000278900300907000500040010070000002000004280000010000000352004
000000300082100400000870009900080002203004100100005000036090004800000000050008003
003700600700500083000060050002058090010002000000000000000000300060007000958400006
600070500000104000080020004702000000400007006016500000500000900000702008040083600
020000040086004000910008030170050620090000000030840007000700500000083009000000060
900010500000003061005820403804000007070090000009008050100000800040000000050400020
400000900007200060000097050200060809000082700360000400041070000000000000056800000
000000107105006900000090020008400000097000500000100003800030070000000350501200008
805700000300000040000010390080095700079030100000000000000000976004000003016000500
000006001200581006900700000020000040000050608680400120100000000000008009000030500
000902000070000900000051307093500000000764000007000500000000700320000008040290650
012000960030004000000030800000001704080070200050000031007510000000000400025800000
000900840080000059400000006040082500000000080290150000003000100050320000061000400
030800700009400000000007800800000090203180000010060030000940070000006050420000003
300907600007000002000006050020005019000030207000000080000420000180050000090000000
600000800800005030000800010090600007070508200050210000905040000002100000010000608
508940000000060000000207500000000800609000021300000950061090000007106200020000004
002038000090000005000096700030000000600800000004003980010200409000000500800700002
370000020005026000040010000000040700000000030090000650030600100007002806400009300
900300075050000020020790000300000000000400090590632000000006210000000060004001300
000000000004907052157008000901206080000005020000000004045000007800000000020010305
003200700000003040006000009080090004400030002050008000020010006000600900109020007
000400600000020003060010200005300700030000009490800500500008090600507002003600000
683400000000500000040072000000000059009020064020003008300000085000006000070810000
003004000000000090008720000004000100100590000050800009400050700005007800700003010
000074000270080006000003750000000002008500000754021800000000000060000001803000290
804070500105009000000060100079000800000002000006400370000035004400000000000000690
760930040000004003003008070009002000010800000080100300070020089000600700001009002
080000090000836000070000306000390100100070043000000000500000020004500000090640057
000200060080070002910000004001002500003507900006000040030900070000100050000068000
000500040000000702002001600057080004060900087000000200400000070006400000003702019
000006035000091040700200900100000700580000490040020003060183000008900000070600000
850003000140650003000000000400780025002006004000030007000090500300002708000360009
600040800030010406047008000000000000008006090100050000070500900000400302005000070
400000072000030000060950000000600090000000710007200008350000060040008003000043050
003000850000860040600000307005000200000304700060091000037000900000430510000000000
015004002000000005000009060082500091090200400000900000709020000008000003030107800
060001030007000080000005000005000000008300769900000300020100000000064015600000900
009600405000070000000000190205000604040003010000007020450000900000700000108052000
000980100000005026400000009021400000000290487000000010072000030000007000305064000
040000100320008960065000700030400090800000005009000240000516000000900500000700003
000000005026000040984000001450000630000320900700608000000103790200000000000870000
000400021007020000000000009302080010080037000040060002401600003000500000030800100
407002105300100400008040000070000006000701003000900500080000000604000000590028030
400000000207504000009002006000600104500000009001000002010073000053400900000080260
500006031000090000800000400402015000009020000030040907000100600006002590000003000
408502006705000900009300000000800003300020490901000200000000850000040000000785001
600100080008000239090300000002000000001070004500960300000403090020080005000000100
000030020300020800900500000470000209000710050005000010090002004000060000140000005
090070600001980070840000009002000500000060200060201000000030790030005040480090000
009503200000000680000002007000000703020000000001730000905000001800000035000680000
930000000100430070006900400010005040000000902200000005070100000609002000000008500
000040050003200000082000091090305070807420100000000000000000800000896000700500002
750800009040000020600040700000400007000091600903000000000060090400000002209130400
000100400830000000510079260200003940000000010600400000000000502002607000907005000
000020000000860230000000461000000000620000049071502000080090070040700000003180000
103000800000304076000000009002000000000900035900605400200703000000058000005040163
001000000007000000080020010620030400079010300003080060000800006300000070900005042
780050200000000008001304000002000300010900500000076090000600900000040002008000003
600007040089000103000000200500080000006203000070901030000090700028000500410000000
042890001000002300800000200009000610000000000100007008450300009001074003007650000
000051304000090000008000001090000005007006020031400060016000079000600002700080000
000780000000000380700001009400050008000002030030048006010000003009200000080094120
070010008000200000200800900006058007000040006001000000100030650060000090930007081
000060000000002609000053010000200005001005000820004000900300400010706308004020006
800597020500040809107002300070900008000000003203005007960700000000060000000004900
900000060050790100000000840000040908503000000000050007070200090800004002004006000
000000005009000002710000430280040061006000080004809700800006000097000000020100800
000000000000460007000001560000000630300800005089026000026700040040002071100000000
070809010004000806050040000000000000005901080290007060000000040001002307000056000
000004039020007000010050002360400000900000007001000503140070005005009600000000000
100048050065700400020000000016000800000160200900000000700910040003000026000800700
000008050000400006000090801400007290000080000100900073000000630290060007001002000
910005240005900031070000500000030004480200000000010000000060002090000080003490700
000090408120000700080270009710000200002005906000000000000017004900030000071940300
500020310170300000084000000000001608000200004020080000000600103005010080000074006
503040008800001000000020064010000400006070000020003580000000040684100030000600007
060095040000030000040200300007050000015007000900300000000900702008064090000100008
000000035080004006149000000008005270000840000210000000790000080000300007000100500
801040000006020504020000080095007420000400008000006070700000000000001905000000630
000009500500680000000032084000017030000090000006800090205000001130000906060300040
000089700030050000209060000000000000008000461000078200006007000100200300050016090
060007080000005000004200000670000013001734609090000000930050000000000250100000007
800000300906800010050026000602100000000000037010048600360089072200000400080000000
006097200000000000905400000000301400000000150080025009700000010160700380320000000
000630705000000010000209800036090500910080020000060300100000007400008000058040000
000000500010000209020701006002009001007008305060000000005097400000020000600050080
069000000007600043000000052090150806000000030400000000780906000910548200000000000
040080609600400010100007005000090320009102004020738000008073000570000000000000000
030600000000004506001070800058000000300200004700100000090000405000060300005080009
005009010030000580000006902200000090004000700700600130000024008809000000000700000
500010000009000600000857000000000200004060700070000034900046002600103050108000000
403020080000100000100038000000000004000900008820000009300401006060000370000002040
000500000490000301060030200000080004010000000307000605030008000071600000089350060
050700002800000006002300070301009080000000000200187000600000501000052900400600000
145000200020060870000004000000000000000740080800001003576000000000800040009000006
800010409400700100061900000000071002020000500000005047754002800008049001000000200
130007000000092000020010370005000000008070001300604000070051020250000400000000900
000610090004095006000000302000700000000069700040502000570900060000130000320000008
010000020000000409000780003000800000001030070083507006450306007300000000020000008
200100900070000000000009050000008102301906000000000600009073004400000200007600090
800300062010089000006000010000200540000073000500008009003000090150000000090052007
040009200000670000907000018004003080850000060020000000602340090000710000080000040
000400600000507000000210000030000508006940700001008000002003860050000004000600027
050000004090870100000900000000000200000603000006019070010000460040080900300000802
270000000600105000000002301090000006006900208000810000000231809009700000080600570
600000240900000000000703009000060050205100300030208000806000070000506000019430000
600030894098000005002040000900005160010007400060029070000000006000090020000270000
000100760090075000320000000080600400004030000050002030000409800005000002000000070
205000000000900400000106007000800006040320008000040900001000072000090053087060000
800060030205040000060005000000003070000000100180090004002030006090600248000450000
043100029002600010000000006081000000205000040000007530008040050000700100000900008
000010200000000040608004095000070480900040002005006000003108000060020000000560027
060800000008100000000003054045300009603000200020070000800400103036000040010000020
000023000090005010803009000000004050500080700700000609040000000007090001031500067
040010060000078900000900040000700000000003098002000750028004000157800000000300005
000080030701490005060007104070000000000900700000003002600000000050040000402050810
030000006600010900509000030000000590700064003051020004260070000040380700000000050
500040609008200000600007003090056400003701000050300010006000000000032008070000200
900000100000000000180090630300000200010600009049002000020160005000030846054000000
204700060000000002100000030040030900500090001007200500082300000000080094070000000
080005600013000700005702000000209400501008000000000006300900004068000310000086007
008030500007250004000069000080000019001008000000400007000000050300600000709003061
000006100050200009090000003000500030647000020000008000000310704730000060000900000
000003008180000040060005130005200000000800302900030000021700000000600480500000200
000040230503000007200000000090003401601090050400520009000000500000780000000102708
000700009020000000080019005500097600000200570208004003810000000003085040050000006
034009208078000000100006090007000050095060000000830000000512900000000005080000300
000006000402097630008100000080040971000000400000950060000408000090200000030000206
000902010703000000000036790001658000000000000600000039026800500405021000000000800
060000000100000800824050090002095003009300078750004000000000026000000000040002150
700060050006005000500804020902000080000002004103000009010020760008010000200600900
065000300007056010000002000700000050000600200500047601400800000050000020230000094
009800005100200070807031090000010340400900000000600008205007000903000000004000060
034680090000005080000000007000810000001009300052300000095000200040000500870023000
400120008000000700100090503091000002050000600006284000502070000000000000040900030
090000000004700020000904060002000600030000000700040800400020008805010007007300000
000900020100000705769000800000040070000259000308060400000008540070000600800002000
002398010600000000091000000040500007005000000000002080060000024000060970409031050
000006000000100520029708001000403000086000070010000032000000000502000706000034080
004010000080096100005000003008040050600200007030001890200000430000005000000420000
006070820000900007000004009200001000010000400000080005008400300300090070400000010
000090060800003200000028009201700300005061007090000005000804000000030708300000090
000001000090500006000608000600400031500000040089007000000300617070006005800200400
840070000200001400007002000070008050400000208900030000000000000052000107003500084
000000905004002010106000700205000070010000000700004300609700000007560100000920800
000200000050090080047000150010076090790000500500030200000009000060021000000000370
017003000000000006000009080800000603001007029000180070000200300040000000560704000
600000790007000030030901002000029004200100000000008900054002070000006000000000405
000904600270008000060000000006800000004500200100030070000309502001000000800200109
040300000000006018000070300003080104004030900060500000030005002078020000400001070
000400000059001364030000010004039006070800050000020080045900000000002800000640502
080004000950063004010000700000039000000200073000100000702300060006040000000000480
500700600000093000042800000006000205200100900000000030004060008000045020700908000
500000030008200017731000009004700900805010000000003020003000400000062000000401002
020004000090000410300000075800720000040096030001000900000009860000508300000200000
020079000040301000000000690070500100018000300300008200000090080700060030003800706
008010000000640800405003000024960000369005002000007000000000680000000001003000425
000400610000007500007800000030058000000000860105700000002900400000080200604000070
150802009000053000002000000000000100000087203046000000020500340060900010007010005
000000010290040075608050009000905041700160900000020000010000300050000800000000020
000800300003006508000040706060030000102600000098050007001300009000000004400502800
007000009004800530090000000860100475000030900050006000200003000040000000015002840
001500020000400009000008070360000002504000010900000005030105007006070000150030006
460001000000200001300070040000090020000300807870104300006005700020000010003000080
008604005000030000230900004000172089000400000009800340100080000002016008000000063
070039000089170000600000007706010000000900320200000080801005200000000100000740050
300000000060009020100680003030000500085100000000008209000000050004090006003020418
000180002003076008090000000000050009080000004500009020700005000206001000908003607
700035800000000000825000000000000070000106300308920510002608050100290000007000002
000060001020409000000500000830012400000000000040000008201038706003000050407000200
000006000913000070002008500005000004000890030800502009000300100286000003000000000
500800090010546007020000000030400000801000700007100000005000976600209010003000200
027053000010000000500000026100204300600000902000000000009800100000005407700090008
000005300000010040000063052610020000000081007780040009000800400070002068000030000
300060007100000200200700015006090051000003009000040600628307000090006000001900000
000200000075000010024090080800600029001020004600000050000870100000039006000010040
010095400090720005000000000020543000800070000003001000048000000000000680007600102
400300800000620054001080009000100080006079000000000900600000008905460001042000300
300006500402800000000000008005300000200000000000100790000007010000004070601035040
400005003000000020702000006004000060000090105908000000000260034010009200000500070
000500090600071500040060300020000070900030862008405000000000000007000018400800009
000000527000800040007035000000104600000000090350009800028610000400000260710000000
010407020370000000004300008058000300000290000020100000001000007400010080700509400
000020065000900000000000800300465001400000008000001020960200040050000000701008300
807000096900041000010000300000000080000470900600050037006010020730000000094800000
040080100097000000002640000100073006000004000000500400000900002356000070070030004
087000005050094038030000040000800270000000609000010003060000000000023400905070000
070000009005002600060309020004803207000050080000006030012000000000005000900408000
410200905970008040300000020000009200000060090040000800100902600000050000030007400
000000000000910000050002004000008060708000000000006105900030006024700010870000200
008201600000030002000085400500007003240100000000900051700024300010000000080000000
000000000020013080800490600700049000000000300100000009030800592050000000000037001
010804907030000600050001000007610008002000000000080370070000050008500004090008000
000000290008000000005890000020064000000050006700300025000500810980040003400030000
000016080040705000500400060206004700001500008009007005000000000002000090004609100
080300400060000809740900050000020000090605000004070000800000040000100300076042090
000000000900030204400000000005090080003051020100400003008900300060700008007003010
900006007060050900700001060000600580389010000000400000104800795003000100008000400
500060000006000407000805060000030000008040500410000008300910070600000001040600032
200037600000081007000000010106000005000800000720003000001900008065040100040708000
200684500850100000000300007001000300005000009640000080000803104000002000307001000
000400265004020800070000000000000100005007020002681097400900610009000000500002000
430006000050923600000000070300290000700081009005000080001030057000000308000702010
000900010000000007790208000000384026000002800006000900900100000500000060030050700
010700000800095300000480106080000002300000080006007000030050609009000800470000000
060008500028000009000500004700000060030100250050600400070000000000900307400020000
070023000600007020001006009000005000509600000002008001700000080000800500000400196
008040002090007630000000004000900000060053900003284000600005000409000700700030000
000080500007600900030500240002000000500000083000140020000003000390070001010800060
010000030507001004008000000004860000070300040850000900000020050100035000000047001
500000000000054020000260001089000070000400000200081030340900200050003009000740050
000000000000002006003004907010300002700000030304250600000010000860500001090068200
090000705000062000000090001005370000030009100008001050000020006300000810071000004
030050968000000000002061003000000004008000601170002030000080205900000040020700090
007000310060020040080000500005090000000030001000004080008200003010005706209010000
000006900700200000830040007000090053000070020000005070400000300080650000521000040
009000003027009508460070020000020080000093004600507000200000050156008000000000030
000890000000365000000000653000000007458700300060001004000610000009000000703080900
100800350690000000082094000000300500010008000907200400008700040000000200000001000
320005700040010000000370000000000009059100008801000003000000020010090450007050000
512000600009000078000600000000007809407000001060009000200000050050000003008010206
000090070306000900000160800008600000005428000090035060810000000049000623060000500
800002000074600000605004003000001300490085000006700500900800100040000938003000050
900300000200000640000680003007039006000050000000000804000002180104000035020070000
070000301009004050603100070000000006000000400024001700800000003900300100000090200
400000100500040000000709000007000000034160000100000008000300024000650080002007390
200000800000067020040000060060005900000000100500200380100308070750004009000900000
020740000300008005000300180082000090050001000000620000800403000000050706030060000
004000890090740206230000070008300000007184000060090000000200500000000000100009704
900400010000001007420608000014000030600000000700092000000000001038000005100009620
060408100000009007900610000700804500005300004600000002200000930004000000030090001
000390000108000004063870050000600000000080009002400100070000068900003000000020000
000000943349010500000000000000000000000407000201800070000046700900050024080000360
048910000000000002060085001006000000020000060000400905090000000051060008000502300
000207000508360200600005000900004050030000081000000490002400070097030600400000005
080000400460030000000000001002093000000000050890010000000300100017002009000800635
000208053060004000000370600105000206300600108080020700700040000900700000000002010
009010056020070400074800000900200000002000640060000009000600008048009000650100030
000905300000210000001600500700020000060490050002500090800060005000000408649000700
704500090020000000500020300090076000000000060000053009907401003005000007230080001
087001000903608000020009400000000002000900800100020050002500040500400007030800200
040000300001029500000000027000071000480060000000402005000000000038050040502640000
000604290000010070000500004000049081000000000200870500005000040130080600080050020
004960000000004300006000100000500000600070020520100060900410000000800503005000070
057000030830070400001000000060800790040600003010002008000753900000010000270000000
000204700000000040100060008000105070510000060000007000940030800300800052000002400
602900070850000000004080006060700040000502000030001005000006003000070000000000208
000004007000368040309700000000602070090000802800003006500006000008001000007800400
305080000070004100000263000000000071000005020400000905000001004017900300060000008
070040010060000800000103060050030006400060002000000050510000000200400079800000540
000400000760020090000090050000003500405000000000940007053010902008000100900034000
500000080003509070609000010200094001000050300070000000806400000001082700000000500
093050000000039800000208004000000089008700000601000700060501040007000035000000060
009000425050006000007000001000000090005600010203000807302500009000004000000360280
420060000039200800000040000060000075200900100010028040090300000005000000000084009
001640052000000004020000030050360080000800500603000040900400008274010000060000000
570000000201000400000003600000900040090000803000506019007002050400001060002054000
080040000010000704700000015000405000006000050000016300100900000002060030395000020
000700941094000000000000208400000700002300080800206000970430005000050100080070004
000600500000085003002070000041000300009200100050007000070006901006001004300024000
002000000040010030030078000205060000000000009000034700100500000504007600000620050
006004500903060870070300100000010903400009000007000006200548000000000000000700080
406000000500090000008100020000300806003000000090008007002050400000010002380400090
000068000105090000080102000700040003008000105090000087000250010006004000400030020
000350020000009400000000873000800040700140000030090000080430502506000300000200080
000000002008010005900000400000003000090000030016000284060030520000021009700004300
000006040050008000000000300029000003000000280080000906200087090901200000003950004
000030005000640200060000000900800000400009031600005029070050000005408007200000300
000004000340090000080010507000008004000953001000000906200000080001040000067002000
800005001030400002500302708000043080000000500003001900160020000000000000708600040
040100007000400000008060400010007305009002000030540000150003700000050000026000080
000030601050040300009000002000650400900001000706000200200006083400200000000000000
408100000007800500000004200003000000600010400040000910206500000980070604030090020
201004000000150000000700602500827300084000006002000900050000000000080700700046003
000000623002600010800000040000400000070085000034060850090307000000010000046809100
701002806600000000080010070060070009800026057002900000020000380000100000000003500
200400050300200000000003002400000003000810400070000800002050690008000014000760000
530060100000020000006700002020000000003000900000008421000010740870032000001040008
590600100000000004007100008850020000003840020001000005600057080000280000000000070
000030067009420000600079001000300000050000080000800740400007210186000000002000000
000010030900200700000309005408070600000000007053000080007001209600000000001740000
007000000000000160030456700000800406006092008090700000000203000005000001014600000
005400007026070000000006000000500036500000702130902000000028000003000000008040350
074260050008071000000000000000006000030857906700000100000000602460105007920000000
070000006002000510590000000006000004000105900120000000300809000904060700000300005
720900500000060000000805300600000000810000007070004050009010086000006200500030014
000000020094000063008309000001000000700004006080010700003870000050000000000060170
006201000000083000005090600040000900000000003500100080010009760000070390700004500
980000000000207300300910006030005407000100600070000003004508000801000000000000062
000600000020710300050903010200000005005008003000301080090000000008020409172800000
087000050000600001000000768000105390004000000001093000060300805708000000100000002
600700800000580200090010000070008000406300002005000007007000401240001000060009000
300000000000900800701000930002507060000300000600804705060000029108000004040700000
600400000700006100000037002008000000500000360000208050090014000403060500000900800
030001800200300000000000009080000400700000920000050010007060000025490006090800043
071040090000009000504000610800010050000002001400000032600000700020300000100500060
005000000008050260036090004800000006000400053090200000000010000000603080009780600
200800400050000000006000001000750090900000024040010080030006900000020800800530000
000000000900800240007015000000307080040000005080000010493060000000001030010508000
060002800010075000030000090400080000050000269000000700006240000900000030020700050
700305020010000000000000050200903017960500040000060000029000800038010004000600000
004086000005003200023070900701000000300700000000300010050600007000090100607000480
000000060090705000013090002169500040000000050050000698024600800000003000006800030
000000850100000009006501030000008000209000007740200100060000000570000290080703004
709400030000376000400002000000000510087023000060000000000508690000000001020000307
000420000500080600090000005000010000006002703002590400070009530020000000031000006
060000001001000400500030700609200080020070090100093007000080070000409003900005806
500040008700900000000050003000600700020000000309000005006807000031004000002301060
010900500506008000009000014307000000000000070005610000000000006060080930800000702
059081000060002000807000600003500200006030004005000038700008450000000070000010003
100040800000000069200700500010300004003000000406500090000000000030820000098000701
030000009704803010000029007600500400800000000000002061020100080000247000010000000
015002000000305080980016000000000000607000000024060708032000009100070000000029043
040000005000070830001040000010200000005090060000000020080600900900801002007900050
005900803008200000090405100000000000840026000057000060000000030080700000000003941
001740208300600000200080400000870000000000001700004603002405000004010000130000080
020450900000000030000000405600000000000071000435000060300007206040809300090060000
000700080000050100700009004060000850002001040100580000407000620000016000020090000
040900060002018000060030000000003002200070830009000000120005000000080201700009006
360000050080040090009001600000000000100609002050000700003000020820007500040810000
000094006000870090000500300060000080050000409000001700302100000009060102400050000
007050000000400006000238000049700020003064000000000901008000100700800000600019500
800000000006095000000460009007103080100070300000050000650007030000930005900000601
000000380800007100014009002001900037070800600200000800520710000090300000006000050
600080020294000000000000309850010006107000800000700030500000000080634500000800090
805060002000000760000804000900010050650000401008600000509008000000001009700000310
000000004009070060060030089050702000000000210043000000008000000090005006000021400
000020500500009400009070602010000000000364000600007004007000000005000230392010000
005900800009006470431800900000030007104000000280000000007519030000000010000200040
087000006000001803001605000030800100400062900000400000090206000600040300103000009
100009004702000900000002001504000000000800000900010040030290005058060790000003020
500010000000005200090800005000097108000000000003002760030000409001060050000080007
006000230500006800310040000020030000000000500070090080000000405600728009090000000
800000302000000000000010050200400000005600900304008700000040080090870500040050670
200006091006000000093800400007000060000020100008030754000500009050913000400000003
092001000000302100000095070070140600005900000100068200000004000708000000040000300
008064501005803200040000000400006100000000009300100060000050008004000075706010000
901000000007000903000840100060900000090500800004003070008010600600702010000030000
000000028005600004100020003000004036200098100007000200051300000700000001060807000
040500020900000000010090400460702000000600304000001050100400005035100007000000008
100030070003500002007090035095070180300000400008000009000900000870002000000065000
000085360000000081007000000013060000200090000600200040000000690006007400009450178
000046100605000000000700200001850000030000007000907520000000000750000401040089300
503070020700003100600250000000584000200000000000009360060090570010007000400600900
000600300000000074070093020700040090900100502300000000000504000650030080004006005
007800500200903400010020000000000000009040308040007000000030704000204060800090010
630000140000004000100000028708000300000080000304000096000060409000003000020109030
030000008000000560000460000003000010020700009096004003000200906800300700400017000
000079200000008300410000608300085000000400805090000003050000000004050000800002001
060000000703000000200507000981000000036400090000006000000098501012030600009060280
000300004009000000010005080600200000008900070000008001300520006000400008905063400
016007300980000000700003000008005000000070205300948000030004900800000010059800006
090000000205040090807000010080004026004600009000270000040035800100000300030701000
300007600600230000000009001005000100000093700000005080030000400050000062900600510
003500702000090005400007000005001647000000090001300000030618000064070500000000080
090200000400608001000045090000804050000000080800750900009007010062000040000000867
010000090020013800004008000002000000400000030000875000100620009700904080030000460
200001009049300000005006080600000708030000016000090020002407000006009000400050000
000400000060207803040008020019000000700013000402070006300000058000000390000020000
073020000000875006000300000900250000000406009706080200087000030300000080014000097
001000007078300000000207510002000160004600030000000000800103000009704000500090006
050800000002007006980000070004000350060000000800350100030500020009084000040000000
400500000700000203035000900173900000500000009000050006029400300001000080000062000
600500000000000000070000080300900070400000215002006000000007001008050029000380006
002000740004000001000390000005106000600050000001020009010800030540070000006009000
000001390800605000020000076000090030000010400052000000046080000009400005080000020
400200007000000600901700205000000050000814006038000000302001704000090068009000000
000100000030000207000807500300000709000000060074000000900420050100500040080003600
860500000000000037030026000003000002050004790080000000900410500000060000014002003
200000000405102008600050070004000360107000800000061000000974005800000036000000000
000002470900063000000010000400307005600000007009004800360000000020000301000008500
000020080000310040000004539060000400000009002074000900000087006007506000800090005
000000901500200000000900000200000560000007000910530020750604000600000003020800400
040017003006000800090006500814000090200008300600000002050804000000070000000090670
097000406000000300000074100031002080006058000004060000040800000300709500010040090
908200005030080000600500004000000006700002090001000803370006052010900000000000070
001040002830000000500082010060900400000307000000100090024000000005090607000000025
003800000000010007000030105004000000090100023002009000206380900000070600008500074
600709000000430700040000000005000030000295140010000008401000009070000800009503006
800000036300020140000009000050600700006000500000800090600008002130000009080040000
000100000190005000006040200030200058640009000000000970000000603800400000200000015
000004000970810400000000003400203000000080000057000008020509710710000090005030000
000970006008000007000000504097005000000060000100002609005000800300500001270080030
005000007000700040600000020702040030000200080001600005000800100007910462093000000
080090100000020000302100004000000000450003800091700005000000301000000050000507492
008930005060100020903604000240000730006000904100000800001090000030400090000000008
007006041500000920901000000000000090089750000000040600040090010000200000005107004
005000002900000008000005170009006501800000000050090204090000000403027000700140000
093610000008000035040008000030500001000107950060002000000040010000853004000700600
000204037200080160004000005437000000900460000000900010001000000506007002000050900
070086100005070800200090070001000080060000003700041000030659000000010600500004000
400000070000096000100000008000060000000802061095070000000005007904080005058900030
009700004030005002005001030002000900800010000900400005004020708020090600000006000
009002560000009000800560001300000946000001000007000000090000305002087000070010000
050000600200690010300200045000000004607901080028000000000400000006800090402706000
000500000230000001710000306000490000060007403000000019000845060600000070480900000
009000000001090780370005090900030006006900028000100400050002000080000030000570010
000009030420070000005000001800902300000500029000400050000031007030600900080000000
529700000001203000400090100043000057000000000800000340200060000085010090000005800
070504910060002000004000000010987030003050000007000008000000400100000085250000003
052800000000010000908035000600000004000009750040000092090000820000080005000046007
080000030000008090160370000800600057004020000000019004000045070010000800700000400
300500008008614007070000090000000700900701200000030860010490000003000000500006000
007000306960000080010008094009000500000030070000009200001905000002100960700400000
000409700709000000001060500080324000100900000500000402000000270004003080018050000
000000200200031000006400809090070402000300000050069000035004000000900708800003000
148009000020700001000000000000140030083000604000008900005600380000470050000030000
000000000380000006020098001012600803000000017050000609800040900060000000071030000
058400609004300000090080000000000300026500000010800400200690030000704000049000005
019540800000000609000080004600004500100000000720050080200070100000100000080000203
000000036075000000001008002040200500036005000100090374000400600000100000093020400
060000000008390000009070008030080001000630004000104070500000060670005043100003000
000003007075000080030080100010000000960020003000060400000400090007000560052009000
010008003300200400270000080506000700042000090000001005000300000000800040009740006
018200040502460000000005610090050007803100000000020100060040059070000203000000000
000006000050000206000050009000060000060001020200409800070600400004078500005002010
000010009600000200000020378004000100000348000500000000008903000207050900001004000
000037120075020600000005007000003009341006700900040000002510000000004000089000006
006000071500003020900200600000001009001070000600000500460035000000040700059060004
006970800437000000000340000000000025850000000100092080000426100064000000200000700
006000007000009510000008260790000003010007004600080000000400000050070802300000901
000001000600500400000602850050000700000017000064300080590000200026000004000806090
703000008000065300000000620000050200900100040407203100000004000009007080380000006
000070200490600300000008000070000060800000500003000402002013740050700003000409620
000073200090000000870000003100300000000000856040008020013000080006002070900405000
000021080000800000106409000007000208009008070620000000034600000000005100000070009
000000900000003010000805200603000001010200450500780000070900603300002040905000000
005000060700003001000020008008200003100040800000000000020080105040070300300905007
300010005050000000007000006000900000000648700905000200530080070104002000009167000
005030080000060000080025034803700200000090000000300008000050309100000600600000002
085072000001450000000030070000000200000140030070008000290007510060020090000000700
030000920402000000560000040340920810800600000000000090010800004020001000000032007
000000000509708006003600089000200008400071900000005010000000750807040002050100040
000093040406002007700500000008006000000030200003000008905000000600000400002081600
004003010900200500006090040105000000000800002600050080090137000050040000000000009
004000260008300504700002090003800605050090400270000000600700000400000001037001000
008009000000000003009806050600050000427030009000000002030000601060400000091005000
200400000800103060064085000007508000000000016000940000003000100000030870100000009
600903000850000070300000080070009061040076900100000200000020000000051020000000705
000801900020600000700400050008060075050100006100007000040000090000005201001000060
000082070030010069000000100000040003020008500400003090007000030009651040600000000
500200070007804100060000040800000019000006000024030000490000000000140000073000081
007520600900003008100000040200700510000000000000045006400800001010009002000050060
800000003070895000056020090007000300009060001080002006003600000000000009001400608
500000000000020800000078105002000070800045000460010002200000301300000009700901080
300020400007000060940010800700001020001040000000900630000000000609500000015000009
806000400009060000050002000318000092060001700000000000780005023000070004000200600
698000002071000000302106007400000601000008020069002000000000070007080000000079306
230004000180030040000980100050000006000600809020009000040570000062000054000300001
007000014300700000501028000000005900700000000006010000024070390100200000005000708
003005000608003000000208500090010608000000000105004009020600070401000005000800100
400090600000000710050062800900003000500000286002080004000010050004000000080600090
001085000490000000570300000000000052200000109009006004006020040000001003052930010
000080000500049000608052910080000130015000020000200007000300090006800001040010000
500070600000000000000601708900050000380009005000307190000804000013700006005000020
000100206006000074000007000003800000720910000000002003010000060030600500908000710
010080009030010470000607000900052710080000000200900000074000001300079020000000300
070009400300067590000020000702040060000006004500370000900100070008000010000000003
140000080570000001030008006720500060000940070004060050000090003001004005000000010
100060900000008030070400605010030570000910003004500000840000000007040200006000001
300000004000060010010005008104000000020030000908501000000007580006140700070900000
710000008000308000000001020621070003000000702400009500050200070007605000008000900
090700002867500040000900000300009000020008650458000000000400000100060000000002089
800000060060005000300070401000907000508300090000060000000150007000809040902004005
050006003032040080000000000020057000043020050005001009008070200000000067000900001
600000000080000920000120500000000000000010067070006239038059000406000070007300000
060004000030000020004000009000295070005010000006000100043001006570006090000007300
000600930500002000003005708004090000090000000007008500000000094000100000029074010
000307001012008009060000000950600300000100060000480002005200900000090000604000070
300009002076200000000081000019000400000003608600400200007000009030890700050000000
300000000704300000009000080003000004076210000080070001000406009000090070000180300
000700000009100003040000006000400000830000605070030020500018400900000200000006300
000060000014030000805010074230006000006000900049050030000000002000800050703000006
000000007005090200000005100000000045450081370600000000100000500504008000073204009
020000009100200080000000050003040020540879000000000000000000907070350860408000003
860000000002300000000950000900047000100600050304500900000010709080009400000000603
003000010000850000006000002050000200301000000098304007700400508030080004100700000
400300070079000000031000209000030050008007910500000000100000405060204000003600090
000007060500030000003062800200000906000080000408020030046001070007300001000009000
060000508021000003007000100000700901000030007100004000008056000000100300946080000
000000090000023070070005003100207000000600000049000057018000009000060008605900030
006500400000020005401080060000002000503000090800400706000700000600030004094000050
510000900090064000000500008006490017080000030000800000608010005000000090920007003
007010030400700000050600000000006102020000040069000000090031006805000004000402800
006000792004000300800079000000045000000700004000002106070060000008000900002398010
200000430006000000000540000001030000054000370009000620300050940000082050005001000
070004000000017800805000003003005000000200007007309001000020010030000609086100500
000001090051070304000530100000089507000700001008400009204000000600010000500200040
000000205530090040026501000009008000070020068050000070067000003000900004080012007
000700010200004803430801600000006000000200401050097000000000060020005000807060000
000104500030080604005000009002005060400930750090060020000010000000300090057000300
603000001000570023000000009200000405590806070080000010000600200060030000001009000
000000000010300480000204706402600009003000100900000000006010570000060800500007030
000000480000374100060020700702005009000000008000047000206000003300000200004900000
800200000900801040000000105000362008005000002003000600200900030000040000016000000
006007040005208070000000600600004002000000000502000907000400000000000509120890006
100000860360000010070002005630500400080309000400000000000100680700000000500030002
000308004000000007000510200050000002030020080001060000079200400080090000020104708
007090000420500030000080006100069000000800003008300000600000270000002004200400860
000000000002000300030507894000006019009003002500070000006000000000005403300198000
008000005000617080000000200000903600340180000200000000000070501039400700000002060
010040008600003000802015900008700000970032000001000050000080700005000003000000680
000000012205000600800005070040000000030007000609003400008400760000300820300908000
000020000050009072010740900800004300007002006000060000300070000090003005080106000
900030000000040000780160000090000062002000100500000703010405000000007080020080030
800004000500032019000069020002005300000000000030000671000000004407000000000700093
000000200130780900000030086070300000028000090005000004840007000000050407006090010
702000100008005700900700680000009030039001000000200008000003050000000800867050009
002004000680020000004000690040050760070100000005000100009003000006010000700980001
000000860000730000407000090902000180080001006000063700000080000604310000300020050
000370080063000000000406901100700000006080000937000010071800000000090320000000006
478010000000002400000060700010050007900000054024008000100890600006000010002100000
260050004000603890007000000040300100080400000730006400503060020020007008000500000
000000000007080000540790300100000920080200007000000005000308004006100002970020001
000050001000100207027806000000008049300000020006043800000000060740000000000500700
009005003000608000500400800900000070400000009030060020008000032000900007652004000
000400100080500300040090280100024000052000704000003009500000800000008000030000400
802300060000070000000040000005000100060000830243600500900005608000000075000003200
002000000003060708008750020000480960700000001000007000020500180035009200040300000
000030200090000000005140706207090001500007000000002600100000040000920000008450030
000000000700200900100040026004800000000037008080900700900400070610093040050000000
070300000090500002000000008300900580200000006500008100000040000040006070000030690
001200000006507300032000009000080010040000000000009862900070400007030008800000000
536001000807000100001790000080430020005800007000007000000040000002006094000500760
650001002009000005000200190730002650800000000000400710210000000000080000500600080
600007000090000000310060000000092670200040000081000000005704900000630250860000300
600032910080000036000000000830004500000050280000600003290005048400100005007000000
500006000820000730010080020180405002700000000203000190000000809000104050000000004
040900010102004380000007064000000000000200705003090000270301000001089000308500000
308602010050010900000000840096500100800000736000000000600000400000100650000008000
100690700050000093700004200000300002010007030040009501000900056020060000009000000
006030000000000008092048000000070623000000409001400000004567300007100002019000060
010000063009500014000060800380000000025000000006200300700900500000006078000302900
730000102000300005600070000001006008000000004060810500078509003000080000005100000
050030601004060000060001245903706400000000750000100900000048000000900002832000000
000806000000200009000010030200300090760000000089600010000080450000170000030005702
350000000008000000900802603670005000000600700200000809000700006000000080014050900
080076001150004000000000400005400003030700060609000500000001840000500090010290000
020018306005000000000920410890506000572090040400000000000000007700680000000000093
000000010060800000049031600106000490090000000000405002000004070730060000000013048
600209005009800020000007060020010003060700900104080000500000004000040070041670000
090005100000260040300710000000006230905003060000000004630000000000090302000054910
300000008800967100009000075050080006000700302000106000100003000600000080027000000
070520308300100000000000200780054000000007084000090000050200000800040001920000560
000000002800073000190800000500400000001000709070600000000002070000030050034006980
009078060700604003000000009200050000093000001004000000070005000080120005010700940
000004000006310090003060402030000007980000010000007006020180000400070000060000300
300210090000009000270604800000720030010000005000860000180070003002090000400000000
001407003000000000302000600000000008007000946009058007900300020000070000060009004
050060000200000635000400001000009060006031004007500003620010000000005100070000420
000003040803000750071000300000200004050000800308007100100002060060570000004006200
600009802008100040000300500700400006090050000000010700920000000071900003000700090
000100246005000070000006090000000800018700000060900007009000010000300000540070600
370000250000500000640901000000060400020000000906100000000037600497600000000000001
700010360900300000000260010500070800860000000000000450650000090002080007000003020
000006100609001000050700000003008021000900400400000300000005004040070000078140230
802000090000020600010003800050009004100050000078001060040100500000700000300400071
040008020000035070006000005700200000000090080005473000030000004060020700001000009
800430006070008000006002500000000800009000004640000002000780060300100950007060200
000000000700008390240005080004000000809400570500600000090001000001300000075800043
100070300040020060005010000000068090000500208700000000200900006001300500060180700
802100400050060900000070068004000070600807000200000000003200001100000004000603090
420010000015407090000006000800000460000060050500000800103000000048300500000000072
590403000601000300002070000040200050300705001000006000010300005000000620020900800
000004109060800070005900030000000400008000000040001307719003050000000800500200000
000300080001006490090000000300010050805000000000070600010053000700000200060800000
000002000000107008029000007300000190070013050560000000007001030090200400080090000
080704100000805020000060030400002000007000000300570009600000300900310800700080005
930500700400300051070010900000004670000000012107000090502070000000200000000400060
000072005060000340000450000070000009090060050006000080000503100910000000030017506
000075600000300070030082005060010002000007040001060000800000200524003000090000060
000008000002000000090012306023080051000000608700300000080000207007409000030000109
850900300000050070010007040000009000004801007000000080190300700060400001508000000
850000000001009000740016290400000607000800000000007085008040100200700800000060009
000000806800000200000200003600010009005930000003045000070000304200060901080500000
000600000001200000000004009009000305007009084806003000040020800070000003100070560
000020008000000105940310200100000000002001030609050000000000060000600009003004810
002019080000030000096000000600028309400000700000001800020070003504002000007300050
000006500900000061000400093800030210020609030000805000600000008250000000034900050
100030700000000845000002000000563000000004300050700000703020000000970008010000460
104080900030000000000000607400007000019004500005009060800010020000940800000620000
400012780002800010005000000900301006000000009030680000000060000004000600800007402
000080070000450800090000405009003000802000306600000010003090060080000007000235008
610000480200000009480300012000024500000000001000006030004001000902003000560002000
100048000030000900060002085007000200003000009009510040000005000000400803000970000
000089040000500300300400000804000070100000090093000800400006251001003000005700009
060000501059403027007090000010800000030000005000000300000080100070000000095720040
000200190000000800000076205430060000700004000028090057003009010040000030060007000
000891006000000400906007005004000010600300002000004600209040000065000300800005120
902000004000903080000064105000000000000000701007300056709000010080600500400500003
060001200000030010000700009059080000602000400040000000023000540000010093800075000
090340000000208003014000000002100584050000060740000000170000940000890000000003000
039010006400000008060500710600003000000009070070000905000032080020000000000481000
020000065007510803080002000300740000056000070800000500000000306400060002000800100
000090300200000004000008000042001070050000010030005000007604000000030200003100597
420007300600005790000802000009000013000000000210000600000078000058900001000104900
092000000000980001003002000000603048004020900700000003100245060000000000050070800
000007810000019070900500030000075000009000046140090007001000094006001000000300000
300070000000920001100000090800507000503100000009003040405000010000000307080005000
001000020007000000060400003030000000090036007008009001040700800070090100000850034
000008060065090010087000005270009000000200000908061000040900000020580000000070406
060050003400002000000000270000280009030005000001060000090000040004071000800400095
007000000060009005000130207400050300030870010006001000000008000940007001102000004
050080000029406000700000003140000705002704000000000000063207049000800070000060030
000000060000607001001000708100000205000320400000079000097000040200040050860000903
010002097000000000009400010801000005040200006000700000080601000365000000000930020
200140006080007902090000000000000050108036070004050003040900000000500100000008300
060000080007000140002087000090010000580300009703560000000000600006700300358600000
200001907800000000003000206900003000010089600600007002005600100000050000407000000
070004100000000004001920600000800000310000080000060009009003400700080203000790000
800000000040700090930406070000037000050000000096005008000800012001002703000600000
000000070100009830000607049005000004001300900090024703300000000400000091000058000
095604000000030000200000060000000070060810040000097310940570030700000100001300500
170000200000000003409063000007000000300091005020800000001570006560402000000080000
070400050801000300230600000003000607600910200000007400000000090000504000029000000
400070300900200600003406000004807900020050003807003000090000005005000090600000070
076100090050900000300420007000050809003004200000700000005000002708000431002009000
005007000300060000098203005007000000000050830002096004009000402500000001060100700
200010000000000780700040000008730090000090100100000675800004001091002060000050000
003805041004000000207030060035070080078000900090060300000003000000600090000090004
000004700000000064010000030605300009070000300030002010008100000900267400100040600
097080005050040000032009014060205000000700040000090073500006000003000007000070009
003000008060000590700009000070125040001000006000004050000901060005400000009300820
604000001080000090300008500740600908005040000000700000003910000000206400001003060
000876000003000700000100000007900100032400050460300009090028500020000080300090010
387002000000400100010000006004000607090003000005809000570000049009000080000020700
210000060007420005600050000009010006740800009000700000000000900301009040000680300
000000040080900001040012000600030080500080002030007005001006050006100800402050000
000100020306790000009060008407030000500006004000000302000000000000000190125900000
002000000030070561500390700000600070320900000695000400060001300000000005100430000
010000950000000760307000002000000020000030000704209600401802070200410000900607200
000008900500030002090006080600100000100000504058069300002000000000080010305400800
900043000068059040004000300500000800000100230000090010200600083000004007057000000
239000000070030600000000010600375001000000000000019005100500087300004509090700030
730820000000700400020090005006000800050100000008457600002070000005003940000000010
096051037000200090000007100004028006003000000000500009721090000060300005040800000
000090000020130000300040700001080000007006002540000000000000401052900000080007500
000620003401000060006300900504982000020004000078000000007090001010063004000000030
200000008004003510000029000680090700000000004000010200008000000700600300050001490
000000900402300000000042100700000009300005800000091000680504300005000700907030005
001300000500000000090002080010040000000030800609517000060000090400000005037020014
040000000090480070001900050180040600005000300960020008000000501000600000000870060
008040500300007091760000000400000706005300020096700000000009030000010002100020000
000000005507009800100200040003800400078000002000600070040090300005007900030000020
001490030000000900803000500000039810010070004708004090060000000000500000950010006
000000060000010000572000000008020300090301240006007080000070000364200009020930400
307090080002500901050000000000800253000400000063900010598000720000000000004007030
040000000000210000000097001300600000002000050000000734004935200170080093020000000
200580000000000507800000040010000002508090600906002030000010070072006000100004006
080260005107000030000000609000020001090508000402700000000003560700000020900000070
900200000001000000060047890000501004000000208507000100009700003000005402012000070
708100009600004800050000030000800702006900000097000003000000175000400080000690000
050000402109050000000020800006000000030907140000800009200000600007000300008702000
206090501000000006005000327080400000000031000040000680007000000009080070100060200
706000040000010000800407000020004973009002001000803000003080002602000180000000300
000010000089000103016007000000006004001030005067009028000025007020003000904000000
000000900261900508500000040070000000400600001000508000104003000030000002000050609
200001758610000200000005000800103590509060000000008032108000000000000900900502060
000000000000600241060000800004803007000000005009050030080020004006108000300704900
003084000010059000200000078000500060007090080001072000020940005009608003060000000
600000004024060700000008010043510600007000009010000000000004067500200090080000000
000009010010003094000500300245001030600020000080000400300080906050200100000000003
000000008008000074007609000001400000200000006403500100000157200000000000100003609
000054000001800700070003000030090005006008043807000006000000009050060000080005060
000050007048000090000000300005309700400001000600200400810000050000700006006400800
000005601000870450005020003097030000008000100200700000300000000060259000400060700
800000000703400000000807090000540000000009002062000070035010000600300800090006230
012800500000003000006090000000940070097000840050060003030050060070002080000000200
000009070000200081009600000012000500075000040000300008020007000000020036090106000
720000009900006000000050030030040001075030900400000500000000060308001020004003000
000009700030500106120008900040000000000370010090006350000700000050043000003980000
005034000073050900490021500000600070000280000000009605080000001130000060007000009
300000006007600008690107030082000000400890500000070000000040800059000360040700005
005900200200000076609000000000000003000430010030120080064700050000005002003040000
009700302000530610050000080000001204002000073300000000000073000200060000004090100
000006502102000000009008000004600010003100075000000200000000000060403021701000046
000000000205690000000130080009000015058904000043000000000500031000000027000327500
002000654000100078006009003701000002000030007030500000000008000900200000007004086
000300500000000032007209800004013000010000007000068005140020000070000000006501009
056070003090000870000800050100340000700120030000000080001004000273000009000930000
000008410009200060000000000005000200640001007000000080080053090000006100003800700
097560000200000000000071000000400501350000780000000029000130000025000000003250160
000005700800000000150740000900000004038500070005000006006030900040607002300109600
400307080000002000000108030809000000070060000004710069700400390103000046000000000
409000080000000600063000402000090050070040000020708030000002198500000000300410000
000005008300700605470010309004876001000000000080100000861900000007000500000000004
000480000098302000000000300081000056046000007000500020003940012060000000700650040
040000076000107000500030100000000001000002740900005300058000000070859600200003007
600000000000021400000800507002005300509040080000900002720008001900200000016490000
700000068100005000003060000300700000080002004000536000000000009600004031410009005
002000000000004000809000520900000000604708003000563000270900001003000807000400050
200030000600005730000094005000000270070301000300009000002960000000000800850000019
005200060009400100000030007200000800900120000010009370001056000000000080763004000
705000000020040050009006007034580200000004030006000001002005006000300000007028000
800000000000009060054080900007040650600700200000300040460000500020807001000002000
000086034000000000007400000000300009450807060100000700601000070830600045000000013
000039001000400600380000000400007000100900580250000070060000003000702460900000005
700000500000400082000009004000000000000927005003060000020000000060080090480571000
000080019007600400900100000305000007000004200800050006000390005000700000263040000
010090003400008000902007006007000000260700034000010080000059000000600302036000040
008500030030000009029003410000800000706050000002400501087000000000720100000905060
700430102000000400480002000000080700105006090009300060040050080050000000300600040
050007008070080002000050600000309000800002001000000025000000000007006310003200400
205004000060000700081003050000310020000007005030490007009000010000000400100080090
000200304080106200020000010000940000600000000005008090496020070200000036010400000
809100500000605000030000790070000001000206000000800030100000000008900067000000015
020000500009000008000805040050000020090060073000302006703000080002930000000004002
000070003000650900704900800105000002000500600800090004300207010000000029000030000
040003090009600080317009006000480050000000007000702000002000960006900005070500020
000007060004000350507000000000052009700060080003000000010000608006070004000930000
000080567014003000700009004900000306450000080000100000020000900000000008869020005
800405200394002080000030010003000000040007000502009800010000624000000007000620090
040000007700900140020600000903500000000000806000002509005080020004300900000057000
000000045007002000003670100000067000090010003100000000008900200000000008254000370
005010089700000540000000600500003790070860020000040050012400008300009000000000000
020040000300001800010000063700002034090000005038090070079400000000500000500020049
008900050009000000670000024020090000000500390005021000701082000040000000900300100
004000010008000004010000630005709000001020000300008200000690305050401060200075000
000000010093400620807000000060040152000050000710006300000013060000800000000020098
900400200000000008050000004004301000500007300010008920006020000845006000020000700
030000800428000090000010000000092040600100000840600300000000130005000009010500074
038007000407001000600005003080090050003000490000700008000000100069040000050003002
000001009800040300390000070780600001000105900000030000010008000004900000000000713
000740061000003070000000000105200000040970006000000090057000008006080700002090350
836007000590000000001900403000095000000000080000308002080400001020000070010000530
000007020000000304000000059010095708030004002900080100090400000003600000402830000
000300006006002050100008004030900000400000070870000910500100400300006005094000000
098040000300000002000321000605000009009710400040006108000450010007000000020000090
050000810100200794900300005007000002090007000028190007000700000800400000000002648
800040900076001000000060020000000500007803000020007060000002804090000000010300290
090000083800400750002800000000100008107000634900070200040702060000004000065080000
100000000070000058589001060000002003004009000810000000097020410000406009000010007
400050600006000003305000017007013000020068000000000708042086050000000100000094000
000008400004020970008100062010000006065001007000035290200000059600009000000000000
000010406000700200302064100030600000010090060005080000050420000000003050201000080
008020107170006020000500006207030000500008003000000068000000400620000090050204000
053000040000007009000500000501600000009200000064080000010026807086000000000030021
500700000090000000801020307040000001700040092009005000900000700000800000050003619
704006300510000070000300000801760000000200007000004560009000450000040000002680030
030000006004000800800600007000005690600013580000200030000082900080057000750000000
000080029005070800094500300007000081000039007060000000009700000420301000000020000
800010000500000000002000560091602080005400000200300640000000014030200000009005700
100800500000000910094207000008040006010000407600300000005090631000000000007500000
091004800500002400048970100080000010000017005000050980000208000309000000010000760
000040501060000000304000007000000008087059000402000000000095080701002000008370400
000090200080405030035000000000000050000060102690040300050002006807300009060000000
001042003640700010000000090037109006004000300000800020300018900000000000080007600
000090004000081900006000508030004006004200010700500000400000620092050000807000000
006000001000760500005410000002100800000000200000084710400609000800002003067000002
030000506050200040000009000200000600009004780000530001800000000000048200700060400
000000100500080090200000063400000009700008010031009700020306004000020000800040520
307400800850209060020080090080620000000308000002017000000000320001000005500000008
900800020300000096500010400009000504060090230000100000007003000000007003030000080
108300002500800010000050000700000000005090870060000009000400003000000706039060050
090002004000600050650400300901050000080100000000007401026000730400030602000000005
003005089400007000000010030009000005064080000700000000010000508080600000007930060
030080000006000051004000200600000020005030009090042080300020190407009000000450000
006080000710000500400000030170000006009010800000800045020090010000020004000401050
000004300002700000003206000800000900000080540100000230000600070460500010721400000
000200050090080000030745000000008067006007080009500021048009000000000490000001006
500400002007030000680000000200801000014000008000003029000000006070008000803597000
000320000000800002001004705308002000060000000009001450600000300000000090080700140
200006000080010000090030000010070690005300007000800000043000010000540080600002009
057000000004007300930205008090020407080000201000060000060400829000000004000801000
000950000000034008000002300450007809900000000078000000583000041000000000701420030
000587100000000507080000090090301000700050020000200609006000002020910040000800000
050009840000007020000001650000010305000000000470500096103080000700062000004070000
000060020000000004000102000603400700710009003040030802000090006001007300507006000
300000000806000070000600020093040008470068000201500700002070019000200300030000005
080000300000020000050081097000000800005007000904100500068000703073050002100003000
005010000000000004000000826520000009000430007700000010900000200050008060418090000
700000000500010007308007490000802900000000300000009006640070030000000000002604080
000000009040000320003020500000680030700090100010005960420000018300700000000010200
090000000007004010801003006032000670100009043000700800050000000000000530000680700
000059300080040000009301400040705000320000007506013000000000130200000050000090080
802090010006038009000005700704009000020000800000450000050000000060000120031600000
000000000800501600060007010000080030390700000500000004008070090130000560900305070
900080020013000000000003670001000400700008060000900003840200700000090200600007000
003200009000010062080009000005100400098002003730000000940000078000093600000000000
052100000000060001300008020000007190007000008000030000008000200200040507604053000
000002790560000008000000050000100002000009000007050800030001007008026000410070206
900070810000000004000100060080097530100000070000040008000012000003000050025600000
306050000079300058004070006000000870000000000050008419000039100000400002400100000
769000052400000000800100007000400000000500090070000046080009060002300010000000804
450010700701350000300000060900008074000270000000000600000009040006080000005600900
000092010072001500000000800000500081005007940920080007000008005000010630030040000
007030000002100000019504000200069003070000000000000208000058040908002070000400000
004010780090040000600028000000500002017000300000300006000004005000230100900000600
200090001008000000900000020005100290000030500030700068000080040009510000010070302
000040079060908000000030000300000001000420900000000050840500000091007300200600100
000200000250007000080003007010900400020300010004605009000000040800400603603500000
002000000807009003400507092000000005036700820900000000000000458010305006000000000
003169000080000000000008350000080070940000000056000031000270100039000000000005080
007800003000071000089040100800450020001000000000207008300002900006300000910000500
041602008306017200000000010000400000500060090980250000200000000010500080000006705
000300004000040000057100090000005048000008600040060007710034005009000000230070000
008600403500007060000009000080100096000002040002000300010060700000070024400921000
003090020004600700510023000000080030080000006000000100106400007900000000708100090
000000358002040000050060000004270009060000000091000040408000600070100000000002930
000000086780409003050000000000001800000000034032080090026030009500020000009500000
200930070000001040008600900504006200900100000720000015000000400000800036002010007
090000073200004005050000894302680050000020000000071000004008000800090020070000001
005000800100408000090000601076000000000002305000090004000500090200903000500020706
000710000020503000708900000006030720000000431007000005000000063905000000000305074
902000100000002000000070008001003004600500070300000920080907000060800040000100600
012000070900500000480100060000200000000097200028030000000360008093000710005009600
400600071590310600001000000100420000000000900060000700900000000020050380050080006
060003045008000000400020010005700089000000070802000004039006000000040900000230760
030080100005006020100070500003008900901040003060002000000600300302000007009400000
000600000060010400000020009000070600200903000003000008095000103100060000000008040
001009000200000800900030060390005002000800040807200300060070000730000000020000001
900003700070080020600900030004000000300400067007000504000702083008041006200000000
000003060001000200205000000000014000826070030100006000000080025000405600700000080
008520600000001000004060005900000000067000010300000970000240300006300047000809000
209060300000000000300000400020007090006530000510000280000406805000870000000301020
090006007060700000041300900600000030000020040070000025000000401405090000080003090
000020081603000020400090000000405200801000600004000070000003009076850000008006000
008403020040800637006090000000000509003004802084009060200000004000006000000030050
098000000006080000000430062000000010050020079800007520002001085065000000000700900
000002000900000010361000800000000050037100060000690003002840130400000200006000040
005000300000030090000102000080900400001000000023050806070000280100009000040307010
040807002200000000000000010000000679009000004000002000300090150017004000085070030
100400050000020000506000020000900005070004308002060000000090004087030600000600800
024000090030400007000030000900005001040007680600002000000700000080504073290100000
640000900000000020032001005067008304020010000801000070070900000000600092406003000
000008000701000200205009000300000000050000609000600001000720084004180030000004005
001040000586370100030508090040030000010807000000000080008104509000000000300900004
001750060070000000900008520090000000700340000030100080020000000005002040000400010
000700002006200740000000000000300200405000000610000430040090850007030010008005009
900000045010000702000040030008004000071800060030700000009005001060209050200008000
500000009000000160007004200005090002068040005000300000040200000002530007000000600
600090000500000046040530010000001000004000008030052600000000100000008560008203000
003000500001023000080070230100000008070084000000000042000590000020000007090062450
400000010500080700000013200000307908807040000002005300300000000004000026006000090
200804507080000002105070060000080000094001800000090603000000020700300000000016000
000000007000030200008010009200007038000542000400000700001070800000004000750006000
000600400940030000200001073100800300000050000003004526390000010000000057000040900
006000000820000930015000000000010800607040000030006520000007040070900000000463210
005430020000000050600000008700008000003041009000002000139800000000090007000054800
000100065300000000000580470003007128000000000006059000460000301038000000009700002
000000004004800000008001950020308060300200001500060008010023000040000020000900506
004008000070000200000000030065000400180300000000090570030082004020001600000400005
500006000007050080000430000010000900064000010005019240006000000740320160030900000
030007600609100800700600000000002007000000980298000005300900500046000000020300408
600003000130070862070200000010560000800700040506000000000000039001000070004008100
900004010300090007060003820000968040040000200006010000000175000000000630050000000
000046000006000901010070000004893005070000600008500300000000086087400050005000009
020008000000010300009530002000340607603051840000060000710000000000000400092000030
050000090000000065030640200700000009024070000003060080002003000000010000001804320
000040900009600020734090060003100090080000010000004703002038000006000000000960070
000860057050000004083700000000000018006500000500970020000010009000000800004029600
670004083008500040300000007040600100210090800900000700000009006000300000009210000
000600500030200006800070020000400003053700900090065000480000200079040000000900100
002004507096000000480200030040800300000402001000017020300000000060100080005000600
000000090000074050540000002000000000700190603300062010407050060100000008609000270
471020080000000000320006000000802000600000071000000005200000309060050400010903006
080500200000000176010000050030685007040009600007000000003708000000060840005000000
205700060070000090009600100040080023800500000051020000000049000000006800090310000
010038050005600000700090002001900700608000904000005000006000080300009000000020409
280000006000080000000500140000040010030007002001600900040003000100005000029100000
800600004000030650100200000002000009005390100980007205501006000047000000000000001
070000001002080500040060900300000000900600005000800070001200000006400000020900840
826000050000000000000720100200500000000000038080090006002019000107080003040060009
300800000000007001008090020905006080020300009036000070540100000000900007000075300
000009000070008010092570000000020009800006050001000800025760001000002007004050000
000100040800000930009400000487000020002000003000000005060901070050027100020008000
000000000620000580509000000060475100010030908050010060007300042000208000000000090
000060900002000000068700400900030000000090350200458000100006009000800040006020030
904000200000020006000000001008600000030057100000000850200400000700009010060200970
000003090000500604870006000002000001080307259400000300090000010005070000240900800
900000603074000000050004000000000400185020000000580009700008024003000750000200900
000080435000600800005010900006920500000000000700008020300500007089001000050000000
000006008000003071850000600003540000000001000064002090000200035000008004200100000
004500007000184000000003009300900200005000040046000008068001004201090080070008000
005020300020706000400000001000000400090060000008040510000902000007000006210080030
900201000300600104806000009000800000000100608009035000150970000000000200004000005
009064008004000100260037000008000043000709000000050800082006000090000000700000501
000042050008000900105000000000000704000053000010000800079030006403700000080600400
706000000000000008809300050007002001000060004030500096005000000100076030000001002
060000010004600007020390500000020086570000000040000000003008000000040000010067250
002000007530000681000000400000008012100300000406002050070900306000786000000004000
801000003000000904297000000030210008700080500000600000000173000470000200300000006
842000100007600000090050000080030096000240000000000000500102087000580601000000030
300025000012070090070600400000500089940000070000000200000030007000002805000901002
090000000020031500301407020800000000000056009700802030000000078000290000000000600
900000840400000037070006005000900000000001600010000408200030000051007000790160300
510000000034000089000000060080700000200030506000050200009007001708004030000000090
007090210090000005002000000000620000945100000800700030274000108003008006000000004
070001000080064100006000009260700000000300000000050063710900000000030501500002040
306052000010000005000008001042000030007030609100009070000000000800070900020306000
000007004000043020002090000500000000071030000000000950036200010090864003020000400
820090000009800001036050200000900007200600508080007000060083005000000902000400000
098500060000006004045030000000007602000804010000065000950010300010000920003002000
000009600040730000500008000830000190904006205025100300200000000000000080050423000
102500006040000030007019000096000002700000004000000560005170300000008400801000000
502100000070092000400000002030650810000000009000017050080300001001060378000020000
002000000951208030000000065000000900700300020010600000000000000000501300386002700
000005000406000100050009003030000020002070401000000056501900230700080000040000008
800000000000002003456030900003040192910000040000000500000008000005090000007200005
000009007010070000050800600000700400120004060030000900560300028008000300000900000
090000700005009210102700604006300052007000300000000000000908060400020000510000008
009000004053820000060090007000608100000000000000740086700000020200015040090004008
000070300700080001030900000100000060000002009003000417000800040006090075802045000
040000059700000000805000040300500000406010200000003070070004098003120400000060000
000060720000009804000005000080401000070000900410706500325000600007000008090000070
520009600040030790000700080300500010460000000000000000002000800750300020600800507
008000753007000000000305020070000300000109806200080009050000000600200000000090100
047600000500207000000510020700000060000006018010800000080000950000405031000730000
000038007000056002000200865010000040075000000000400900000000610104070000950060000
003560070000004090500701000035800400700000600040000020689005000074000008000000100
670008004000016000001200000000821700190070000000900000700100069450002080008000005
040109720000000009910060400007980000000000060200007005000600008004078000005000200
702000000400001000001006008007520010030000007009070800200000003300604000090800060
090074008300900005080002400700005000006107509053000020007046000000700900060009000
204500300000700004000106070056000013038005000000080000920300000000000600000000025
000600792000000006130009000400700060000104000008060130640000000080000050702005000
800000000069000002130807000000700001020600000400502038040000580000090000500006009
900400300007300600000007408030010060070000800090735000000000000806150000003020005
790800000180030900000000000052070040000003008000049105030500000040060700000000230
000000085460000003070190006001050000000048900002600500500000000016400000000002061
307010080600940000004003070005000401002000000000009002010080090000060710000005000
000000000400631900060090310000080060007906050020000109000000005000024000305008000
070100004000000600050070090000904083000000000200010700000000205008003060090007001
705000120000100090040070060000003240060005003003401806400029070000000000030000000
000800070060000005804530000000002000002904506309000000000681700003700900000000000
000862700100070000260003000800010009000004000015000604004001000300900005009500007
080300007000070864500000000700038600006040710004090000008400521002000400100000000
000009000000000920900081054692800010103000000408100003000070400004060700800000035
000098500000100008000000020417000009000030000095007002079080005100209000003740010
008050370050019800000704000409000036200090700001000400004000000000000563100006000
005013092000200003006000000090700015700030008008000000000020000000100900689000070
009067020028000030010300065000580010000000700030010006070200000460001000005000000
005060000030004000060009800007605100200970300540010000090000012000300070000000500
000000000008930402050106800000301006080000500600090003200014030005000600000070900
009000080060200050002180400700902000008003002100000500516000000000000000000007065
000040250400000070060009080098020010030000000000690000500007000809000000002014003
800050006000390400000070051040000009005009020001004080100000702004000000093002010
000002300000071000576000002000030071103600000790010060908040000004009050000050000
090000000600000050000942060900008003000631080004000700081006000000000000700350000
008000016000006005005040200700090004000000870084000300500230040010860000000004107
913700050000100002000000006058000000400203000360004000200046018000870020000300000
000000038500009010000400006070030051000001600001008009420700000000090800600004705
509000000070008003000000000050200000034060028600700340003040000000800061206059000
007000005000080026020504003000006000006000309008052000000009180409025000080400000
040010800090005003000068004060470005400030900100600000200000009000004006001000500
000200000250400097708003001000608000005007060002005010090000004001000873000000000
805002790400005000000010820000009307970000000000000050091600000500800002008003600
090400000070300002025010000009000706000840009080005000008000020050000903300020600
000800000000023008000090036002070100700000500081200004004000000059006001013080400
010084020000000080020000750009876000400001005000000030000005800100039000004000060
000300000600001300000050000400085901800000004027060003208970000060008000700040082
604010005000000000507039080190080000000050070000600002408070000000000000010093040
900250070027000500000380000000534006601000000000000058000049100060000004002000060
480000030000409200000000000017004903068000000000000001900630400800010020002000700
075100002002000040301000900009600007003004500260000030000072100000000000700400060
005900700000600031000020000000000000307100040060003082870000200902040000500800000
080400210001070000070000000600020004000900050005600003014080000023001800000005400
126000000003000140000000300000045039709100000000000500900500080600000700200904000
000803000706040000000070000030902600004000000120000000408090003000008201300000074
900000001326100700000000005750008030000007890000200000090000000802000100000389004
000920806000000029000600001305400002700000000400308060001009003042103008000000400
000800036005670000089000000853090000000480200000003050200100900000000300060000008
003008002001500060500006309000000400900061003030000900700000000086070010020800000
500004070300070010007000048000000031000000000000765000004010005659402000800000009
300004021071000600006002000030001000004000080007900200000173090500046000000008006
000006030001075600800900045089000500400050200026000000600000001790802000000000008
000000020450300000006002007600020300700018090805060004003000700000009680007005000
090041020018000060600800700040000100001000000005000830000093000000200900006010007
600005700078010000200006000000500003062000001500009000000083040007000008000904002
320070005006900000980025040000009480000007090040000100060200030500000000030400700
400800036060057040000300000000080000083500060940000001200000009006000005090702300
000800000600001958400003010700640020000030600000000004002090000000010006050708000
600000300000008091000400000500000080000001700004000016010000028702903600090600000
041905002070200000000006000060000090800000000300069040007008950000702300050000600
001040000900006500040090020050001600000703000100008200800000000000870004000000910
005000000010000204900108003080000000000052706000900040042600835030500000700400000
000400920000090010085003040870000500020040160000060000200600008054081000300000000
006000080000002091709006305020009768005200000070030000302400000060100000008000000
608000002070008300030000070000003060000009000000200905400030150009600020006001403
000003019000800000072005000205000080006300000000689000004070206000908000100060700
800500002040103800007020000000050000076009003500070040010600070009000000405000030
590060070807020600000000050001070800000000560700000290005490003040000000000807000
604900000000380090000700000900002030000007028800460050736000000005090080000000006
200090000500000840083000060604100070000200000000746000050000030060003950000020100
040000263510000900000030000000100050800052007000006000687000100004008000100400026
000500700090601000025900000009000021210300000700005094030000005046070000002006030
000060090000000008027030000800200030004000907000004080085007200190400003300500004
910008200400700001800002609000000060003009070000004300040000012020030800050087000
023000000800200903000007000740000000000609120000800060201000000000700839000040500
300009060170203000008001000807000030020000950500002004000000023080500006000090800
000000070904700000007002306600003000089070002000800450708900000000000210000004500
300010005604200039020000406006002007000500000000008590089600070003007000000004800
085400090000080200000500043070940050000000006090200100769000002000000060030050000
080200003040078009000000500062000005900060700800004300200830000300602070000009000
020100800000890030006300004080030000049080000300000200000000029030000605200001008
003206010104000050000000390041600000680400000000000030000004005009000070008030002
405090010000000078000302900000000096900510320063000005041005000306100009000040000
