Seed: 1640217966
Cooling schedule used: t = 1.440000, alpha = 0.999900, cMax = 500000
010070040000000020007040305500007092200090034000000000704009000800200601000005000
000090540000000007048006013010000000003020194500709000006300080009000000200000400
000040008190087020060200005053000006009000000000060007000070060070054000008009003
030000000057008000000700800000100000076000302080500601400000000000916030003420069
010006072709400000000010000000000300020130500076900020000045000000000140205000006
005006800001038045000000000042007080000000500600009000090020060038100000020000001
000000029000410000600000000040029100000050002008000030709000060206034000500090007
500080040008050300002090000010600507000003960900000000300701600000060009780000001
000000000001002360009100000300008040060000050080460000508300107900070200007200000
100000000000902400028070000300009000000500720052000806870000005000196000010000204
000008073508030000120050006900000000000800050060905000000000014002003097040702000
002003007800009004000070000000000000008000560500400912950000000000010000064098720
000004200007800530000002600450000000182007000000000009010400300003000018020008900
000409000600302450000060007207001060094000020006000008040130000000050000050020890
905000000300760000080002506000003000002600009703210000090100450000000080000040900
402070030000000000070006000000098000065000820001000400000642003304000009000900710
200015090608002007107900000340000000000098000000000073000100060900000230000200508
000000058003008016000000740380700600009081005000604000060000000007093800800070000
000030407004012050630500010000080000000400180100009003700000091010007002290000000
000007000406001009120043006200005080500000610008070000000000430004819700002000900
005046807400000600006507000000010000060309010809000053000060090000008000007030008
700308002004000000800502001280030600600100000000000504000000000907083200000607980
900000000006200305010070000040000080000000502090067000081750029000002800000041007
010300006000800904000090028206080000080200070100050000900000000600035000400001003
000015708120090600000300000900060000300500000000003904850200007007800001000000400
090600200800000000050000760500008003260004008000000047040000006607090050000803000
006000000000057030001200408000009000020000040037008200250300090000082000000010050
003100407014000002000089000750003000009000000000000100640070510000005800000002090
042000006000304200000500004600070000501200700000098050085007000000003000006000001
000530000043006200017000036120007000090000005008090060000000080000000507006370020
010006400000200830000000007003000000090000700108970500000000021000002004700013000
090050007000240008040000000700405600000000300604000010003000480001600050920000000
020406000000080603160007048500030702800000000700105000090000400000010300000000806
030000900400700300072003008000040000080500200000070060008004100059001020000300050
000000530003020000080050001650900020010300000000600009208006100030000900040000600
500001040000800000406000503700500004000000609005000020600007400080003002030000060
090050120000070005040000070950310000070000300013000008000005602600002000000406051
000050080840003050061000207470000000003000500002310060000000000000006378010500002
000000090005847030010006002000702100100000000094000000480003000000108700300000050
010908000260040000000060100400589007038002000706000000007000600000400003002000790
509007380000000090002800006000450030000010900050000100100000600087000000000098400
032000005000000020106040000070000008500200603000300010000100050090007000204600301
000700000003000470106300900000005000430610000200040000000000000059008006008403001
007209000800000000009305068000000006300010500200567009060000903700800000003002807
100000300000007001500080000040030005000009000020000704309205400000190080005700000
000700048408000030070005000094006200006080300700400006000100000010004007030060020
800069000023000060005000080040000600002740010000005000000300000908010700270006508
000008300790410000000009014541000020000005000000000406010064009008000000200000007
040000500002300806805900020000020003008000610410000000030104090090800000504000060
204009000000001056000000000007002600062000007403600090800007102700000035000410000
010300000000010700000600500480000000000070300300469001098200007030005900007008000
390008020000970000050004000000087040000000300007010509000000000602000104901300008
080002000100000205403000001000090000000006780900400000005900030200000004070300002
002000050000083200000100376040000000600000009020004000097600030100800700300402000
000086905000030010000000200807010020004000000010090570200005006108000300400001090
008600090100030000604000030089100007007000520300000000070090006041002080000501000
005031402040007005000000300090780000000004280007006000451000030300000010000070000
000060000540082000086000009200000000001500087604000050005000400100030700030000900
041070090000000015900040000800006000050004960003009207480000000007300000000000800
000004100608001740000030005002047000009000000070000008004700000700000020120690000
000050001000000030000017060007000102600002000800300000002400396050620004004000070
008069735000000000002040980300008100000000000609500002070300040800000006020400000
010030006720000400000020507005007140000390050030500000000001090900000000008040720
800004300000009007040130000050000000201900000400060008903700500082010009000200000
000023009002400700080000050450068000010000000600070080800007500005000001091000347
024000300010008900800000056000907000059080070002000003200030007005006180001000000
730600000015000004000008005000000056004190000000200003002000907001002000000730000
002068300005000000860720004180000000500002000000083106000006000400070021000049000
301049800700100090000080000030500020000020003509006108000000000004805200670000300
020000000600000803000007051070380060080002000000600000010003700002500900900004320
000780003005000008490000000042000100000060800807309206000027000010000000063005010
000000005508040000602008030000000089000705600060090000025000900800004700310000040
000000207002000090001035000600120050000070009000040360067003041005800000000000000
050010008040009750600000000960000800200000500000407000180000060000050000000970043
600005800040000007000024000000002010780000090009040006900000700465010000020006001
000794000004006005000008230000000001516009000020005040040000102000000680003000000
000700029000906080000000000500400012900000040780000000107000000060007800200190030
000020150000800002400500900000048060520600003304000000750010030000007000000000070
000000080400002000800005209000020970015000040700100500000000600003958000240700003
057010900900000000600090001000000103000087040020501000009300086030002000500000700
108040090000200306002700000000400000801000030075006809027804000000107060000000207
320910400090800001500000009905001600700030000000000030000080054000000020006400000
000000380060100090000000002008000970710080000090060130000009040900400006100050000
890000002010000006000001080000000700540830600000064000009500300002108070000000008
000503002752000009000000000003090000000108000940000025400000970006300080070019050
100040270000061005290000000060004000900000000000018500004050090000073000600020710
700300050026005008000000002080600000200709000500001040000003009904000001000060085
000001900005000830907050100700690310006100000020000500400300000009507000002000004
100070000400800509806305000000000350030080060740000001900020730020000000000050042
720800000000001080400930000090005000102000000000000068060004000230019000070200054
408000730000070260600000405006000000070080020140203000000061000500930070001000000
007095000000040008080000653008310000002007000000400070693000400000001000070000900
070080003000506002400030700021008050004000000000009800039000000000005000700140600
056900280009000007700008000000030860000600304000000012400000000007084950080010003
020360070805002003000008009040000080000004090200000030508730000000000000304500600
068000400004200100900300000000020607700005040495070008300000000000050020010040000
025060000000820000060000030490003001000042008000000670000080010359000080600000002
004000000086074000000000096050700032070000000000802009817040000009000600060009000
500600000700000400901078050008005100000000200100080065070200008000030009030006000
002000060050413800700000050100520090070000040000084000000042006006900002031000000
000010568000392000000000300002040000700006000010000806080000900005200001204600000
001030000070090200960045000407050006000102800086000000000900000000006039009000040
040002000730006095000300240000001829060020010000000004010080007006094000000500000
008050000040907000200000080700200039000005400009700100010530000080000000003000025
050000002049710000007000800093000407470030020010040080000500060000600700020000010
091087000700300000000051000200600870950020000006000000532070010040003060000000900
027000503000008004000900200000001006076200000010306000200000071084050900001000800
050048020000016004000000500004000600009804003020007000000129050093000000082000000
600010007010040000500000302106000009305600004004082000000400005000165900200000000
001000000006009807000705006008000090520000000000030008400003000000206780010050203
904080000700000010100000340200000001070600008305708000000501200000460070000090000
621300800050600000000000000000700130010000009360010057008140020400090010000063040
000000030870002500003079006140900000000000002207001009006000193000060200700000008
300201060069005080200040000000080090090003410020000000001030000006000740000806005
007000390006000700008090605700002800020000070640080900005801000000900010000050000
093000000000940000800301050900000073200160400000400200080600100000008004419200000
100000000000023000006090000500000010000004370002016008020000600800360000009008524
600400080030700900000120006000007610050000002904000000060008070000030000500000340
030000004009000508750009030007092000360850000002004100003000040000030802070010950
061007000040020605000089000000000900090058046000000080900710050007005000200000400
098010700000008000020050006004000000000284000306590100052000037000000090000001000
700800030040021006021000000060000000090307460000980001000000800000000073073200900
600000000900800350020000008400356000100004070090000060230000001000060040005000007
300000405700500000206004070009205000000010006000000100000000920080000304007029060
000006509790040000000000000900000200370000004050810600201087000000500703000400060
080000000000905020004600009450000007000700031090010050000020000706000000019380000
090000070400580090000000200000000024008000605601030000000000701127860000004003000
060000304000040800000201000000000038020050900701000050030600000000987000019002607
500600000096400020000000040080902000020006100030100800064000700000030000200007300
000706000603000007500000081040010508300407000000200000008000215004000060700060000
008100207000020004013500009070006010000040000000000006080001000000800590009000073
060538000000000050008000001090040200200000100400750060059000000000480000040201007
740800000008000016030050000000003097000208400210700080300100000080042000000000300
090030058040000020010000900700080400250000700006007003500900201000351000000200000
070000010008064500000009000002098700700030008300006009200000000000100082090000407
700050002165280000000700040400009000000000030008170400010500089000060005020000010
002010050030009020600020704000760000010902000008000000040000072000000098906003000
090001000000698005000400608540000000007000000000170200704060000810000360009004500
800003000060070081000060200402000006701000300096400002000007000030240005008005070
000500000452790000017302000000650007005000309000080000640000035900000060000060700
000007020002080400009100053070490500500203070060000090000010040006000100001504000
020008000600500040980670002065000003200080705070000800300056000090030000000204080
600000710090640008000002000000085000004091650010000002003020800060000003401350000
060002300015000800030007100008000600040090003300600000700501020000060400009700000
005000907800070010060000000040700600000008000000506729070000406409000100000300000
010006000650080090000900800005000000090004070000090102007060000024000051100340000
002109000096004002100000004000000100060300020070062000049810000008700500000000930
000507004040028009009043050005900060200000000004700000003001006006000305100060400
070001090000000001190000500007003060000600180080004000009000008000000470013057006
000060000300205908400000120950002000003006800008910030004050000000000000600300079
300790006207000000080000010002040030000005800048600050053900002100500000000020060
000050000806001900500700814004500000020810000060027000900300000010070000007000390
003000000000204070004036001010005000500007800076010040000000900205480000040600000
090000000070310908200090050008005100060040005000000860000830406300007000004000030
050006200400100500001200000005070001600000498380000000003004000190000006060730000
045300090100000000000000000020009080504780029900000500800401000000063100200070005
001040090009000032080007610300900700017020040800000000040000020900460000000280000
000460009050000010002900600000000500078030021040029000000000006006300000103000050
000049007800006000000700200000007500010000048540900060000100000031000904002060080
000001007002003060070000001510802000400000000036005010700010098050000003000200400
000100000402000009860520001300070402090000060000200190540008000900030080000000000
200500003058390000001000090030004810005000749070060000000000920009000008080600001
607209000000070200000086050309004800000030000001007020100000500700002060052000704
005089004000020000080105906400008600000270081000300000040000018500000000060000470
000052000700061000020000400650800900970000306008620000000000051007004003500010009
500090043001002070000700000700004000000050600200008900010000000490000206000007015
800000000000096000307001000060100029005008010070900004000700002000020397020009000
040078100020000090700100600902607040000402060000000000600001003010004000084350000
000000010003040000004001800508300000010702900007000300001050090690000070080600054
000060900090000086200000003108036002002005090005002600500070000000050407060100800
000030700806004000070000000000000000005800002060007040000901003150070004900003860
000030700009000100001006000900800000320060008040700205006000070180020400000400600
070004800000016020904000600400050000000000002005900003200005070008400000000007001
360000080005009000000070020903000560000300000006000401700060000018020600020400018
050000780790800000100470000620030000000700360004010002000900500070006900009100040
009075000083000006510000000000010004002897050000200000400900607000000000090080001
000030190600024070200000000000080046700000000000790800420003065390000000000600000
075040000200008105010000008000030940940070080000006001100009200000000007027004000
800049520500200008000050030090001000060400002705060100900003010008000000010070800
020403800004062090800010400000000009070600510090001000030008670050300908008000000
070003000500060148000080007000000200010050009290007080105300400009000005000000300
000860029000000000010040830080000010001598000000000300700000400096305000035007000
020007035000190870070000000000430700080000009100000000967003402000054900010000000
600100002008000035000056004006407080013500000800000020000600000000083700050000000
060230004008000600031706000023800007000003900800100000000001450900000136006000000
600010070893007050000003800000000002000460900010900060230006000500000020904200080
000000690000000000270000800007000002604002000009603000050900000000085004812470900
080000000504007306006900004000003002070006000050000900000040080090280600005609700
103090070000206000000000834001000000006000080030700190060009008000040000809052400
018040007000091400600000035000000000006739000009002780002450000000003000400007020
040700100100003400900020000000060090300000002000005801602000000400058060890000007
003000540700024008000010300080090000001000006074001003039400071000039000426000000
310560080700003200009000100000000000060080570002100000078006040000024000000000800
030100000900200050000987003045000960300008570080006000010500300200000800000000010
081000000007020908000068500000050000402000050000100370000090000603000007070000820
000090000070012069004000802031000906000100070002007000003000400408000020020004008
000902050000000000000560470001000005925600000000000830004008007090016000800090500
080460000000000000000725003200000396000001200700000004934008000050010000008002050
000000704150907680008400000040000000000060405379500100080100000000020030090000050
000000004006070090050008200420000009000053020700006030900000001008602000000080000
000200100000050034000009057010040005090600080004008060002037006400001000009520000
300040001000000000528003000700001090901600400002307006000200800000900040000704530
100002900030000000004000050050000008970800000400500019006980007200007500007100004
000405001000930060050100034810000500004000070006508000000800009009002000760009000
008000100000000060020050000000040098006000200050001000009004830007380001200700009
090000072000000500000460008300000006009300400000704005103000209000080000250000080
000500006030076100200008057680001000000005020010043000040000080000000904300000060
800010030000900801200080006600705000000030500008000000070000405902000060000420090
100005000003000040005700002002000080000063501060007000000900600000020000248000030
160070000002800000000030501040259000090000000600010007000600030304000005050040090
007000000100050004200000571001039000609208400080005300400001005000400790008000000
802700004090600000000000000050000010920060070300902800000005009080000100600403020
670000000000003000203050907080120060000005002006070480002000340510007000000080000
080069000000000105000000038007000000000710090002800073040005000301402000250300004
000000081607300000200000000170600000000800570000050063503204000060000050000017008
200000581000000000070004020060070000003069000004300010005000206000050000000010790
700080000800005003569000800051204030000010020000006007000000000000902310900600000
010006000500040020000023760700004009000092040000070100000000380090000005430010000
000003200090008017070000004000640008000090001600000500002000000005000630800059000
900000000082000000465108000000740050300090040007000002008071009000000000250004060
970000380503000020400070000000008601000420000009010000040087000001000500800000970
007000000000050001002684009000900850026003000000400000000500000000000607809070320
000000100000043502010800040706005080000070000001206000640700000030000020879050003
000020006010000000003008750000000300000006104047000009600109040000082030905000000
000004000640050800009000050095000020010000075006400100060900030000008007103706000
020005900000200030009000080750001002008002010000900063003010000500037000061000000
705000062000705000030000000000100070807300000640900200900000000000030056001647000
520400000804000700000000000003086005900000200000570800000008000400060009057009030
000090000000402070300000900270000810030086000090740000900005000801000340000060000
690104000500300081000000000000050046000000097400010000003000200000003008102870304
057000001003000000190008200000301760408500090006000000000080607000005800900000010
709001800002090050010034090000045000600010000025000170000002018087300040000000300
000000701070900000320000000000608040040000380005093002700205800002809000080300010
108640000000102003200000008000000000070936000000705020000000900060090140005000060
000200907000000300000500042001090400003800600080040000025009000800360000040000061
000000450040020091000005000060003040020509600000700015496000003000000020007080004
060000050000001070035080609000007006002000098400006000003700280000000000504010000
020040308000000002604800000070030000140007030500002007309100400200000780000000009
020000540009800607500107800000000050000900000300500028070093400090010070060000000
600000004071008500000902300007009100000050000800060020090027060000005000000000075
006000000400000001000300789100000030004100070000079006007900600032010000000260500
050060030100020790802040000040000907000480000000003050300010000765009000020000000
500040000000001900400700000008600090060208007001000200006000500105006000070090403
050760000200000690000005300090543001106000000080000003068000000000094000504308000
401036900000007600605000008090000000006000002000100890800200000304000000052708104
800000005000450000100009000205000080000001040004003701060740500000000300070908000
004500000001008320000300100409013500003000000020007080500000204060000000000050067
400050000000000036008007100059800000040020000000010402030209750100380000000500000
000000500000000030618000020060200054209000000005003060000700900402008700007605000
740001000000230700000000009000060840014020050000000000000008090006000103380670000
840100070000600045009000600020000100100200000750010000000005000090000853030002009
000070000600045000000900080003002000009030400008000016000200000501000097304090600
030000000600043050401980370900462000000000000000001027060014500080050090005000001
000004006780009003002580000050003000000620700000001980000000000040000610300058009
039070052850002000000000009000304000060010000090000108000260840300700000700000901
060000020410670000530000000700063000000002509050010060045000007670400005000000030
000000700620004000008700040700300000000902450800000090000028000950007602000406000
000003100420007060100060500001800000008105003000039000870000040030000005600700020
000900600005200300038070000000000010000045000001308000640003108700000006000000040
000465000030000000600009070000790000000000100172500040004002900000800403005010080
000000005000100002040375000000000000250006080079430000500600400000500300084000100
040000000000250600063800050000025031800070200000100000100400027702060000300000000
500003001016040000043000000009802400000004000002360080200006850800000004060200019
000850900000000000070003425009082060620900000000000300708100040000305280000040000
000003000420900301801056000000000200002040000760000040008700000500000003000018906
040001509050200060000000300500170000016040000024900008005000904000307080900000000
009060010054093000060000020000720000500000060740106002005300908000000000030058100
000604200100000060900002700006009030000003500000710040000030800050400002300006050
005000007000090100000342890900000003070009000300500410700000000000000320002618000
007600000958000200000003007000180600040020000020000090500700030400006010003500470
080020000709001800053000900100000600000000045090002010000205000340016050000049007
000090000000307010290000005000604000329000000040000007080570003007001900104000000
060007005008003020007200006000020000001840000009061000450000803002000750900000000
080002900000000060100390570000000010000040050032700000900000000807501003020000600
000008700000500000400060090002075010100800003700001206000000008600100040034600500
509000062010000000700000890001000200900480000000300005100078000060500000020006103
049801500708400000000006000004005001000000000000040980050209000000000160600038000
024070050000000060705200000458010000000500200060400009346000000000300000007009040
000038070600001200000200400200000800050170020070000060030017000700086010000904008
000900000000700640070040300385600009000005206016000000000080000100020004090406120
000300200080700005900260000004003060072000000000000540000090008300001000059004001
208030000900041002000600504000002000120000403650000900030008600000000005700095000
018000093000008000003000700000004170040002008005706300080010002402000000000070000
000607200007590030000004090090000000300000004000010702001080370053000000600200008
001207030000010200070500000700000086500008010002900500000000003900000024026800100
080090400200000090001204006000002008100000070407060201005800003000000510040000000
002000016004006503070000080100009008060050000300080001005000370000100000080004065
006007004400010390000005000048300007000028006003500000057000000060090075204000000
003000548060700310100050000008000002000300100906205007004008000500107000000000060
005300000000050904000001600100002005008037021300900000050000000924000700000009080
620000900008010047000040360005430000000020000000079006000004000900700800100000420
700089004120000000050000700000005016006090300000040005000500068008000000000730040
080100000014907000903080040000000602490005030000003010200004000009750000000800007
700062000005809043040000008008040009000000007060007050000000030000015000200300501
079000020000000001530000080890002003000100000100085060005040600060031008000700430
000000046090000000076900803000320007000570000000001420004007105008000700009060000
060704001004000500003806000000630290005000004200005000007000000100008030320000070
040300000503090100800000407080006000614003000000700000090000008100200500000639004
000012053500400000100050000002000007080340002630009000010000600009706000000900430
020000018805009400000005000170000000090000000400300002308700600000243000009080000
509400070000000000030508009380000100000070060940000050000084000000000032200009600
000040902006000085000807000200609000090000307100000020020500003007902600005060000
000009000002000060000004180003000970000215000008000000650800000007400005010000630
000000040750030000840000650009000034100090806080010000000500000200060070003070009
700030200005000103008020090000000000000106040903005060002000400001070800400009000
039008000400000605000002000002740003500090240008000000800054009005920400000300000
900010000032040000060092007784000060000000000000031900007000084090023000000000090
000000200000000041000407038000149070003070000090006000085091000007065083906030000
000000000000960070805003004000000040078005060420080050602400700000509003000007090
006000000003002180087100000020000900060200007005030000500000030008000706040700290
710900600000102000005060803200000000040839001080000500004000002000008006000070350
030080006070106000920073100700002000000000080580000300003050067000000900090600200
000200750000500830000000009200410070500000006046800000090100000007048103001002900
800036070000720000006100920003000046702000015060000207000060000007000009300008000
901050000000000007000000800082090060000030000006200310000000034170600000800900700
000000100309006040850040007436098000000000050090001600000400000008200010004000306
320000000008000050000760800000080906000001032050036000900850010500000020086000700
004630200002007100070000030010000700405000000090013000000020500001006004300008090
000025903000004000100000700080060029000007800000100040207000401030000006010309000
030000700500439000000010000320001000640020800010008020700002085003500000000900006
003007000400000908000406300000900510704002006900000000001520030800060000005001000
076000000000069004380420000004000705003000800000503000090007000000001008701030600
060000200050100004000700010700005000000087600300010008004206000000000000005008043
700200130000000009010090020050000000400000070000068002000000068090025403000170000
026000008009000020000050100500070000400080700000003004070002506000600009804000000
000090007000106900400003000070050000609002050018000003000000864000001009720000010
080500000063008510940000600007400001000003800400005070610000000009000304000907000
400800020009030000002006400015000000006010087000600300903000010000040200000003094
000060030000010005605000000009400061000002000468000090300708400700020080040000020
004010000000060284829000060360700002000050010090000000000040500006008003700905100
601000270007050040000007000100600000200081000000004005002070850090400006006003000
600002000450000000027004016005100400000605008080009000000020000009000805240000609
093057000260000000048009003800060090029000080600080010004000651000003000000000004
901007000000002650000010000024600005000074300500000000000000006006790003049000780
000701000009300701000900000700006800020005000008000037200010050081000900000209600
708060010000800000060000000037006000000000690001400085003000700850630020000010009
000800005080009070000703010070000000539000800008900006000050480000000600102004500
090000030000900400208406000160000047009000000004008050002860014000032900070000060
009200006602005840000100070007000000900023400500000000060000030040300700700060208
050200000000300069200040008000009607006000000007005190005001000070000900004800002
320007000000000078100004500090050002008006000000000006200049600060020009500000000
501400700000009000060070800006005000070000000000080020809003000004000030000621040
060003025000050700000900001700008000030000167000004090050000004409070080600000509
006100003010079080000200670070000006008000030000000500100006007460050800000080200
007083000003605000000000980000007600120090800080000002000000045004052100070000000
070000610200000008003084000600000800020000300005160000001307042400002000050040000
000030500080907030450100007000600392004001000000000800300502400000008000010000089
000080030040206090000000008000600109051000002700000000210300000060140300030890050
000017260700000038000800900600000000002300070000189000050406009400070050008000000
300060901000000060500010008000080030039000200000006504008007000001030002400005006
203700100070000000600040030004009010080607300709080006000406009000000050090000000
080500720603400000007000010006002000301070000450900000000000342005700100000008000
060000095800000620004000000100380006000010800507000000000930007000800300090102460
005307004080020000060190000000003007200000400000079008002700000700005106100000009
700204000000000020090006007054091060000500900006000030070020000020050006000008010
000947010003000000900300000702000400040092850050800006000080605000000000107005000
000690001070100006040000000000200805050000103003080700400000090000364000300001000
000500071074600003000010000480300100030000004056000000608700030020000000000490500
024000000009000001000207306050084700000009000000500800030908050900076000080001000
400090002000200408009760003340000005000000070070020000210086000008000030030001000
540000000100200708000003000700050000008601009002080640005004080210000300000060000
000000406451000070000000310006000000005820007048960530300600000000007000070010908
090801000600000010300020000400000680000906075000080030000000000000002457000507200
009000020000602005801000000170500043063804000000200000092006500710000009000007000
007300006401000000000060400900000500000050734020600000000900000000503810032700000
080100050000000090030000000700080000000000006400005137005960020300057000904001500
009000800570000020000700003320006007000000090006008005050000000000072300040000159
230009000000080007010000504040200000590004602000000700001000285000031000050000060
000200504006480000003090067001800300060509000502000400600000000030600000095000071
000500604005000900000903520000002000507409080800010050490000037600000000000001200
000000043200600970000030000009120008700000000600089100300050000007300000086701050
070010460040090058001050700000000300520670000080020000004900000036500090000000030
600005092000002001000000000500800709000400030100070000043000600000000010090030007
000204010000060000096070008050010700070000000300700009002043100708601200400000000
008000450901000000000940000100206500003008007700090200000600000060009010072010000
030900200024000006006008070000710000000806000300000005000004700060320081000000020
000009402040002060100000003090000200312004000000090008500000090004580600030000800
610009000205000030009070040000910000080030010020800500000096000002000706001080300
020030014000020005008009030042600001800905000960000000001000802009000040000004000
010000680000030000000804003009000701006900540008000006900010400400007000300006075
362015000100040020000000630500420070000000100020090000001050290970000804050000000
000000002700000084830020000000280006004003050280409030306050020400700000000000000
000328000000000007530006000805603000000000001040000900700000290014000705000704080
301900054080000000904200010000050000008302407000701006000006049102080000000000000
500000006603800709009005100807003040200506000000000000900000000005020083008000561
030100400050640100000700803210000000000000000009000046086507000104020070000400010
050600040000300006000020700070040900000500000903100200300908450000260009100000000
000000005450006000009000180304070008000910500700840010070000900000000034000700001
320000800000000007605080400086004050000001000094000000400360080000419603000000700
000080700001000090070005200050700000000500063000003080046007010030200809000050000
001000302423000006000001000702000000000000010800107060000002705000000080050430001
900020008601930000070005010000300000060000054090080300000002001007041680009000000
000600010000000020005800304000074000060000009209000050020010400006000105000057000
006300705100000080480700060010500000000900000370021900000000000701093800500000430
003060000000400020560009300080900100100008650050000070094080005001600092000000000
010005000070004000002000010760001900180007020000500060400006700200000035650700000
000040003004715009008300000030020700000060050560000800017000000000000502000600100
009045003000000000000809006016300480040000000093000020100003500000251700000090600
010000090007000001042680000000052000005009000000040007090015000030900050086020300
000000070090050600260400009000500900004806050700002040180094000000008200000370000
000700002040005006096000300000000803000590000000800650600000420850004000970001000
251060000008000063000005000000900200106000098000026300010000000003007050645103000
900300000000000596051000408000000000060001200243008000007402060000070020004015000
000000000000000016002980300001002040720000500040000038039640000105070009600000000
050400080403090000000360200000000035000080409700009000108000043000100000209700060
039068000700009000805000700000000070007000506000020104000300905002000800540200030
020109050700800009040000010000900000310040000080630000470006200000020000500000840
070002034000701000000800056004600080910400000000070000000000000060104009003020078
000000600050007000103200000900006005000001807000950400080600010070010500000409000
006000970400005200090702010057008000000901007002000001008064000000000000003500600
000030090700000500000400021000270060050800700100000040097000002032590000060000000
004019300000004009680000000020000900000800640010403000008000097045007003200000000
080100000000005012007000600000037000000900038000050000540708000060000090813690500
000000049300000000006009000083000000000500000720030806007013680040050000100708000
200100000300096040000000907076002000000900000000803406010000004005300200002605801
900000000080005270000080305000304000802060400300000009000000083560001000700603500
010950030000100008805000460103070000002800000000000020000000000040203096031740000
009180000000006000070300000060000020010600450405070360001000509000700800000042000
000000604000000800700940010019705000240000003000280000900000350025006000030000002
080000794400000001000002000020000800500107000000005320000000040100056000602003000
002040006005000001940080020000378000000400900700005010000060000031000050000700300
000073040000006302200000060007005096021000000000090000009050000105807000740600030
060100070502400100080005009200007000000000025000030010720040050000003000005800360
000000810007060004080507900006001090031040020000005000060009000070000308300000100
408000007000075000096080005000000900601800040004002080200000010005904000167000000
100070000904050200500900004761004050005000030000000000070090680000063000000001070
307009400000007000450003000000300010501000260069400300000900040806020709000000000
000000000083020000000005070000000000107030950690000108520800000000051083009070006
010003000000002709904870000090460020000100800050200006000001605080000900005006000
009008200030060700570100000000300000007004068000095000000009000305000090400800603
090030007078609000501000000000070084000003000060090302000000036000000100300521070
800067000000000004009000802406000000000010000302400100000040306004080007750300200
093502000078000504000100009085000600000280000000003408000000700030009000007005910
009000020080000050534009000060005000070080006408200009090051007000000000000900430
012370000900000200003002000890006000060010700304000000400050000007809050000020680
007028000900000050000010300078000000060300108400905070100090000000000607046000000
002000030030090000109004000000340100810200600060900500006000007700001426000000000
095008000200600300046010009000000001000004023000071800000020400000003007900000680
000000000000760090020000400001000930002000600900104020000409807690000003108002000
000100000100008420870000000002000000013050040000003009040020876086009000000400900
050800020000020004000701000000000048000000000073000105500070060600940300801200000
004001307000030209003002100080900000320140000000060000050000006802000004100006000
041000000000270060000090000600000100008950400070002805000000002005400001000017300
010000006300200400000000080004000060007000090002804075800300500060002009050070008
003002080000030009600004200040701050009080020500200000005000000006900008890070300
000003805000006070501700000086000503150000000900210000000802006000001300060030040
050600003000400000008000520086100000300000600240000150020001000700000300500007006
000000900800060074543000000090621050000000000020000703030570061000010840070800000
000000517090004068060000000002000800004170000900008005600000042240500900300700006
000090000000705000400080527503010060010030000040002100050000006609001700000007302
000080000040500100306090800000005001002000600001840090010009060009430050500000003
000104030000009065002000000010400300009060070004030009000500006000800700620000800
091708000000000800074003600030000080020050490409000007203000904000400200000000006
020000000900062007008390600200006009700000008089030000000024000040850010000000034
046000000800004050000930000008050007004003009009800200300000000000100570010007040
049000000080401007060920000000000030870090040000038200030804100000010400700005000
900200070060001000005000400170600805008002030006010000000025010003007090020306000
060301029000080007940002000300000000000048003000020000501000690600000008030850004
900230040460000000020000100009007000010040070040815000000700002007090306000520000
002610500090700000600200030000001000040060000005003240000000407000000083080070690
000907080000000090600400501200000000000100065490030200005706004007000000048020000
030506000180004602900000100008000000000000500000308009004702000000800700025040010
040000000008030059903700100007000000100008000600500090070305060000009802002060070
000109000500000000030005004300000960000421000000003010902657000640000000000000090
005000003000908070040020000000000020000005600400060790706180000002000908100000000
020607540041000600000010007017050800000300400009001003000000102035000000000800000
410003700058000030000050000000000600000872040000005000100200009009000083800600050
018200000200005700900010300000000400004500270000096500703000050009000030800040000
007000600020910000010005004600002410000000900000007008070500000900034800080600700
080006900200039060060000570701000000900108000034000050000600100000001027000004000
004010090009007100600200000700000010800054000063000400500040800000008600000329007
090030000100050036700100009070308040002070003000000500000020000008004050000590800
100400070038070090090060000003710000000000608400050020009000380006300000050000000
087000000090000604060000001000091000400000307000300090600005000800107500020000076
005080072090000003008604000000020900007008000000900027076000000000005000000100504
900764000008000000000012000100000065000003000004200003030000450007600302820000000
000040002000000006300900000097010400000020000100084030480060010000050700702000800
709030006010000045000080000050064900000000008001700250820000000000600010007000800
700300018500001000040098000051070020080000605604000090000002060000080500006009007
090080000040000501700000002800100000000007010006200497000700000201030006430600000
050608090000700000020030000000050008002000106069000073040800001305010000000502000
080004750000800026020000001003709000005010002900000140001008070008000500000530000
000020700510000004000005100030100000040087020021000030000200078700000003059000000
860300000405010000000006040200000006000000070000290300300600200000970005608500003
700540000900001800005000060670000009000019008080007010006090000200030050030080001
000028300009000007080090400070000000860009000250006000000004612000750040000100709
190000007200300040000000860000056004650009000400070000000060001010000708900007020
030600008050143000010000000000000500900001070003009120800020000570384002000700000
000620807702003000080090200600080005000000100370900000000001708000300000214000300
002103760700200004000600000650002470000000020900000030001079540000000900200050000
005208007000009500042000900100327009057080000000090000020700030000000806000000100
704000020002500100000308000509000740000009800000107500800400000403086000010000000
000950001001000000960007080020609050103000009000000020050200006000000200400030700
003007020904000008000000610100000000000210980405030000000500004042003000308020000
040003000058000000300600090100040007000098420000000000009010500010074960780000000
050096000007013600000040003000002000134050000002130006700009080060000905000000200
060000000800940000900050100000000007301000050000007604090002800086700000002401000
890000670000004002200000080300046025006000000050000830009005068005093000000060700
030000000000001089008020100900002000080000031000000640005008004043900025090000000
000900001200000300000105008000000000685201000470000900000000086900080400008043070
040000500830007006200000703080000000000090000700502000000001050920004300000806002
000000032007900005160300700500800070000010000006070900003040000004000600001062004
060000030905320000010000000000060400050040900400000712000600200000001000300700061
204053000003700080090000000060100740000000600078000300900040010100538000006090003
010026037700030950000000000000000006008490070000008040900200063002500000500349000
059000600000000040070030008000420900900003460060008200807000000006045000091000070
102080050070050080000300216300000000000906140740000000080500000000001600006400090
438000005000000003000020067000009050610400000000170040009050030080000000706008900
604020008000001030302070060000800004060700000008000902095680000046503000800000000
070006201000100050008200039000030000890000600000000084900000020000750900087420500
013400080000000145600008000008020000000000701500060000002006004030007608700800009
560400000000100009000600500000002030002000100700058000005003007020000900980000615
000013000700000000000670000000850000300004500200000740005000020007190300008025609
065072000009000000400000130006000008057090002000001000300000260082000005000009000
040009000000640050700003000000030010500100000370500086100008700803000000000092000
600409007000730020000000900790000000340900060000005000050060002208000041000500700
080000500200050000401009000002030908010600030000071000030000700100093000090004250
008420090000000003050003001109500086085600100400000000810060050000900020000204000
020100070085200000000000290000600980050904000710002060006000000040008006200000700
400009010010000007075000008000203000007004006000960052004000900000570000000000830
800002001020000000000130400090005000240070100007006580000093000700800000000000249
810020300074001000000000208000900004003000020150000080060010000020635001500204000
580000000030080079000004000900070040006020000005000098010003000004002380800000520
000000000160400080007301900004500300200080000009000700000030001020050003070600052
300062910020000003007800000000190064000000001000024700763080090050609000000500008
000600003400007001006005009000080000004000070003902060002000300100000080700008412
000506000900001007050200030000027040000080300013005200000003014000010680600004900
004000200070609003000000005000000008060100079001080600005300090000008000108070000
000260000000007008100500020301009200000010000980000054560870000400030060070000300
000305000020047000109000300007000005302806010400000000000010520500070600000000009
000000000409076002600150000060201000003600709000090000080004007500000600790010820
030007408607102000000600070063700000900050000000000301000300000008400720000000809
000000600000090005100000000700020390302000040019730008200004089007050000000000001
300100704800000000004000500000090003000601027600400000000007009050008160060900000
000000046700008500005000080600020000007805000800300109000000907002000030010047002
090000020600804000000000809580000402000007190000006708005040000040603007009000030
007020080000103060600000900100200000050000009030600158010000200002060090700040000
000000090020000000580901207054009030709006005000000000200700800000083001000040000
070360000050002000080000001000000003304501000160000500009100076007020050000700382
700000800090070200020005701000003002000020090300098000801500000003004000009080400
000009060040000003000040900300600050570031000001800700104000070907058100006000800
000024700010000600000010950040006010000003507068000000900300140100000390023000000
000080000420003900600070054000004002002360000000000036030009000000600740070500800
000900204050060807000000000028090000000000005690700042400031500830600000007020000
970000030000000860000106500740000000050008602002400905000500000300600000695030000
140800000800007060000034800009003000408001090000400301607000000000970023000000005
700060000002790000100004560800000001001000640000001002054200090600300100000900000
000800060002010000381090000500000000030205009000000037700003025000900600010507000
008700000190006000006300400400631000070080600000000000000900050800400072600000090
100004000080906070500070000005000000700003402000082057008040009003000000006000013
000030200264080000500000009080500400000007850100003000000000000040600700000470693
280000100000043000500001007006000309000407600100000070060070021005280000000500060
009002050000070400605000007000000060001060302300001780503018006010200000720005000
004000006000007050000020008080000601900100005006902070001000000032050104700006000
005400000000200800002080739503800100001560000040003000000040018010000007074000002
000000000805040010002387005200600400000700060090000003750200000080000100003108709
010290000000708060900065300000000900020400000000839070004000000180000037093007004
708009100050600040000000000003000705000260000000008300970041020200090010060000000
305000070000000106009040008000000630002108000000009020930020780107000000000400000
008000500030000007005310004000008109063000000010400078920000016000007000080060020
000000087800002006000000200005010000207900040090008700420530900030090058010000000
060004900000006008019720000002300050000000000043010007020000849000005100004000070
700800003096050000000400070400019800002000010003500000309000006600000750027000100
204070001010000006000560000000100000000000379795003600000000930800000000007040028
000005300061300040400060000000910530000004620000700000009030001080509000034600000
000800250000190000803705000200000640008043000100000302000360805000000001000001700
050100709008003420000000000032500000065709001190030000003080090400000060000900000
050000630004007000009000040871400000400500290000100480600050000007009006000001900
700001600000004000003800750040509000020000080501400000000000010000340900008020004
709603000002000047000900300008500000200091000400206005004000506500000000020007004
000904000010000900023001004002790000000005070000020508700060019005000080800002000
310007600000801002006040007000000000000004003200580000009002040708030001000670090
004000000086304701300000980010000000000020600007005000200410006000908003800700000
002500000060040900000010086018000000020008193700900400006000070300000000070200604
000002040040137209000800000900400000030070000000006302406000008073500000002008700
000060000207940500005870090000080000300000100000000689002003000400000072063407000
000390100809020000000004006000950010000000002016000000301500000200040603078060000
200004800000709000050010007029000160060007090000003000600902400305800006000000300
040672000000010042009030000005790008000004050080000000090000001000350700028000000
000000030680000900030600400300008500009470000210000070000009080070306002001040000
087020064460000050020000000000509007500000800306007000002003008750000600000010040
014300580000204000095001000030000000801090300007010005050800100000060003009040000
000050000000600820400008300070000003000000040080204190300000705000400080005090006
000094050000000710000000028008700003000000900000432800305200007804010000260005000
800000000407000602009004000003000046600400005080050007065300070000009400200107000
000000070050602830210003500800000050000130004041000080070001000300000009000740000
006700002000080000780000340010004000807025000060100000001003850500008003000400100
028074069060000400000000000190600000800090000300107000003000024000060903400080000
000200007210030000007009006008000400520000090300060051000904010100003000002010000
019000050040000007060003204600910003000070000000000409900430602008000000070000090
000080900902070104045000000060230718000098500000000006006000030500000001090001080
054000002000000010800006900008000000940270001013000057080500000201000004000802000
010600300500803006000040185050000002100000000394000060008007009000300040000020800
004008007810005000000090500008004000607000000300020060090000705060000300000001490
000000000000009000080104006230500061104000200060010009090007500700000618050800074
020000007089604000000000000000000150000008409005790080200806041030201060050000000
090002600060800400407000019700900048600300000000700020000008030035000100208000000
820070500000060000004500020050080690160023080000700100008035700000800001600000000
000400070000020000000900134094000060600504003000017000740100000500000807300050000
009000020302500000000400610001007000050000006730009000000000208007030001048000063
010730002000001000970000000000000305006085400000097008035600000700400000068003070
000400080000036005590000700804000900000000208000070030030802006640090000700005000
900000480000320100000059000000003600510000004040078209005000010070000006000906000
560003072000006000800907004910500080000000000020000500080000000002004136000000200
000000000000480760002000031200000000300070210900308000000000005001700008670043000
004008000800000060920000037000396400040005000082000000000001002005000090000502006
006100000000005023004000078400500001050046030003009000100002000070900000089000400
000002300008000067001500080600003000000000070000280004000706400406000009080009530
000080750000060000000300469350920000000000890060540300020750600086090070000000000
060080007000000000902600003005000000300205070007000430000000508250300040000800091
000200000000030009000000607600800040100056000290000000040002190960700400005400300
000000008408609000107008006201903000800020050900700400030000000000500904500000080
000800000016302000003040065000008530001200900060000027097030400050000009020700000
913000270800000005000000000001270003000800000784600000000130704000060008490000002
041070000000608700000900020903000008000000200400000010020407600009000003000063090
000000540700600002010940006006070089900000010050080400695000001000000000040010007
001706000000000400006400080000040091000102530052060000005000012038000000400009000
300000000000008100000000834050604003001009000000100580000260900400000006030050000
010045020000003009000060130000600000007004008002000900004080062000900300500010000
092300070600000400080000000400008500030070600000020000900060030000000010507004000
000000000020060490309800201000004000732090000004600003000008007050040080000250300
000040003000063024700000800450020000009001000000780000604030200091000000800000340
700000000000009500050008401000000003000047000280030010009000380006084000072005600
200090000075000009100040030000000095009300681000004000501000000620800000000002070
003508720000000014100000000000890000006400000070005000800000200301002040450070300
100760900400100005000030002015009000002010060000000030058000200200000007007000006
000907051000030070070006200043025000000000000800700000020000060009050010054092030
000008400900200000002530007007300200025060009100005060581000000000006004000070090
506000800000000500023008009000100000007093006000000213035080070800006090090020000
003800000010000095508010600300200001600000007000007400000004000050708010170005000
009050014020000090005071802400000000250400000703020009000040005000100060000706000
500300000007006300100500709000030060046800020000000001300900100700000000000040000
402070000608000907000109000070401000080600300060037004130050006000000200009006000
304000080000050000080000097200401000400030000001600000905007020000010078003006010
000060003001400005609032000004010000070809000080007200008090070000500060000006000
000000000520800370400050001000009000000580600042700800090000006014060000030000987
300100087000080000007230009100000000608000702090000000400800030020640098080000001
700002000000005073065000000008056000093700015001900800402060000000031207000000004
800002000970000040015084000050000160000307520040160900060000000320400010007003000
000005090900217300500009000001000083005070000000403000100934605006000001000001430
308000097000809000000002040500060000703180005000000000050036000002000070019700008
000000003010500608400060070704003020000008000600000040100020500000705030000004001
010000005300900002000000000060370209000000100407080000500000820041009007070054901
800000000050100082002706004100000800000000006020008010010970040900020600070000021
400003500050000009200940010000010002030086000040500900000800700500020000601000000
000060000008570010007400860405000170070020000000000400000805600509100000200000040
000005681020700000045000070000000008010060050800000403000003000300050200700841000
500080720000002008008091060050040000600030000302000007700000106000500200203000400
000000035400090000106004002000500004000000609060000010390710000002000000701006320
000800010007009500000760300148300002090000000002090160300008004020607000010000000
000040300054000060120060050600000000009008000000420008060902000005000007000301520
200000300080020010000006000500800034034010098000060000050400002001090000090080050
500100009000000000100809700750020000080003000209000300000006007030000420402000608
800000005100900000070040039005100000080000000010030670000000020009000300600500100
000090002000006018700050000028600007000009380040000000300400009010300800500010000
008040000750800000300005000001000000005000004003054020009100500600080031000007008
089000071000078000070000460000197040000000900002360000705020009000800000400000050
015002003000900100900308000000004000570000800069000002026001300000005001008000720
200005000008090000509000003004008207000000100002400009000006000710082900000007056
050800000000060070000900100030000045007102060900000000000000900004050010072080500
400510000002000053009000840600007000000000008001002090050020300100000200080140905
020000050005000017300007000000640000000820006050000029090080500070060000430000900
502730040004000000003041900000080004000600008070000000020009003800005620006200001
570006000090040000060910400002000807000000003016000020007603000008000000040290080
800000000000840037006010000500000020001230080084000000690003000000009040010000075
049000600000410007003000000800060000006000005000000904000030020905008070300902010
009000530010000006850001090900000000060000000003000952005090104400600020000704609
003900008050300020000070060090017000005002000000800052008240100030080004060000000
804090010900005000005007000020050900000700046000000500000003708000002060067000401
000254000000000006500800001009070050400009200800500004030001080002300400705000000
000040095000000200146000800000517020900000501400000000070090080000032009010700002
000000800040700196500063000060020000000140700001008023600800002000000070000000400
205000080030000001410500600900040006000001000000602900100053009602470500000000200
000070920700050003006090700002005100500060040063400000908003001001700000005000080
060004005304090000500701004090005018080000040000000960002900700000063050000000009
708003010000000920600007003300000000280500000100420060400000000007000050000000196
200600085000050060300400000009002000480790000007000001000000000032000814070800200
000000009056400020901000000005632700000500896000001000000270000004000060002080004
009060084037405002000000000043000001010070890000000000570080000000000006000610700
000090040000000207000002109300400806040700030006901000603800400084000000200504000
000705090270080003690004000020000005000000060000090280036000000050001900001456000
300700000006004000700001005480100000062000001900480260039040000000006020100000900
007002090680000002000530600402000001003005000078000000000200004320000080000340900
081030900000000000400002060000900020009080700004150000000007800000020074008040500
008000040007000005500000200403520900000600700800400021900005000000002457000040608
000700300000000000070400059004050093000809072207004000540001027000000100062000080
090000200801740060000600900500000009009050084000006021000360000030500000002074000
102008000000000030000703009004000500008004003090026400000400200000091350500000016
400003069000801000000000007009108000000400708020000000004000003705046100608300500
008070950305200000000001000000000240020056000039008000100030000900060300050100004
000090040001060000000000003000040000708300092420000005002700350100200700340001200
009800000007040501030000400003100007500070004908000602000002005090001200000560700
075023000300009000064000009600080200020000105080000006000704002400000500000352040
000200000070001000605000000000030050300000607210007090501000002000409000084006010
010406080000000041380050200400000000000670050500009010006003705958000000000002000
000100000000000903090000027970600000060000180300002050500006008400300000000980031
000060010800000003360070900000020305000000100081305000102000640000002000074800000
000203000005080009601407800500000071009002008010000046000000600006040003850000004
000090067006108000007000090020500700810300005000004000600000400400000008090400200
000000080000052419000031070750460002004090000200000090070006050000300000001000800
004600301000084000000010800700003000805000100010070020060008049300020080000500000
400790003029000104000300000030000080206003000010002000107050208000000050000900407
000002047020000600009045000002000000080000300000100004090360000300400050670020100
005010070000005006031600200548000000000020000010000080006400050000260100090301002
810030000006080030000700000000026100400000700000000004000000045009052001503090006
700003000006000000200860000005000000800100052100070000008300000060097400090001037
030500000000100380080900041007000050300000008029065100001004560000710000400000000
000025039900000007010300580050008000000097806000000000006700000004000000080041093
600000138000500060090000000000105200020000000070093800009008040000400070050030009
500000730006520000043000000400010000608000900090002407807000090000060270030059006
000009300076300000000260701030000029000006085009005007980700000000004000000010050
740000600003008000205600030000409000600503007020000008002006000030000001000290040
020000100490060008005000360000008050000013000003540090500000000004021000000007800
008000000004065007000804200000010003016008904090006000000070350200001000040050006
000000008542100000010040300960000075080500000001600200009400000030200080000001009
000009680004000010000300000720400000006000009005001070090003000000050240100700050
000070380100000500200800007008002400405090103900003000000000009006001740000046000
008000003600010087050000002004000009300020508010607000000980200007500090000002800
038000040000100000007308090000000705000040186010000000080070060025900000003600000
102000003000004080040009001800093002090600010070000008017000000000700000009002600
000000000729400000000302608400000290000030004000200801000940700060005000030700000
000000100080002000700060003600050010070000000000410090000000000190640050065900702
100000000000007400548001006000030000010000040089004050600500030001090600050600007
590600003806000009400300080700050000600030000002904000000190000000070140200060000
014000600009010020000020080890004002500080790030000010000000060008600001000503000
000076000000300700400820106050907200600000000000200305080100000031089000004000009
005100090081007002060008010000300000702000605010004080000020000000090420000006000
000000008400960503000030060600800700005000004080072300000090400004005000061000020
002000000090300010500000007000089000720500000800200004004010008003006090080042650
002100004000005000000090106098040003001070400000030079076080000200000008000900030
620309000800000000000007620000400070037002010000005000409010500000006000008070090
713002000004000000080300501000000052000506070100000400001090300000703008000800019
280074005705090000000000200000048060040001900500007001800060000070109003000000609
000500800005023000400080000000000480040000000230014006000105000780040053009002070
000138000000500060140000058200000000305700800000000020006020009050097000802000000
010085009000007050000000030600000300020609000100000000000000803000020400789041006
071340900905002300000009020006000031000006405000090600042000700000700010050030009
000000000005300010000064007937000240082000000600030500000502000060018400409000080
408500000010000009060000030004017000301000000200030580000006900000002105500004020
000041900075000000000000038450000800000060400137000000091500000000907051000000002
100000908050300000000009040524600000930000670000000400480062000700080500000007003
000009005003007060706080000400008029000000086900600000087000500500010030301090000
029000001000300004000086000000005030301008700002400000603000000007090000000150090
000085060019700000000006000300001500700600940000050070200000100070802000004500300
000270004100400800600080000001000006000702010800003000006000050350020067002050001
000205030400080900010000080005000800000020009001860003004002000520000790908030400
000009006000082300000700208010500000009307000700020400300800700090600001670000005
094000010070009000060130054000090006008400037000050000300000600005002040700000000
206509000070000200180040000045000600000000000300201050002070040000030702000000009
000600590080009007400000010000500120000008000002100800040070080209800700006300000
015900000008700009030000001200081004080004000000600010047000090100050243000000500
000080005090002700000007019300490800020010000500000063002670000980040000000000007
081090204000078000040000070058000030300200900000000040009602000600000103004080000
900000071000100040850003000000000098000000204304060000002700000100002000070008003
000090000351006000020000000600850001000103050005900702000000403900000000147000860
000649000000070080090000020003050600860000000100902000002003060700090001004006030
000000020000009000976000100809003200007050006003084007000020040062308050010000000
000000080000000600030002705040005800006000104203090000100603000000400008000259406
006000900000000508050406001000004006020951004000082000903000000007000010500069700
004007010001000006080602700020500000000800100007004000000209008900006070060000300
900001070007089305000020000300040000000600050080000009001000000003190560000500940
000081004500007002360009000007608020010400000906000000000700100000000080702000046
200003010000090807090005000000007000300000062060080090080000005000070000936400100
070652000005040001003000080002300040300005000000700000708090000000000900000001724
000060009000002560030000000090000038000000105000014090006905420500070003074006000
060000030000000847100400500004709300000012000000004009003070000607000001080500000
000040051060000000090086004001054000300020010080003007509000003600400900810000005
000000104040300008001000000600780010500091300000406000109030040800000700000800900
090050000000210008700000900900008030050000740003070201500000003007080000100000600
930570408000000005000000109500900024002004000000800000028030056050210000000000000
403000000000000720006050090200080001540037082030001000002004003000005070050070600
300008000000020005000031082670540200020070000000000000406000000003000900000910007
000506000020040070105070002400080000500000690003900007000400801009000040000000060
000000070000028100500007400040009207001400000820600000007580000600000004000203000
900000003070000009508003600007001000041500002000040000080910060004006700390000008
403010000500000026010000008065390040000020000040001900000000003029500071000000000
000700001806002000000850000004030650000061800503000000090000060005000307070015000
010000089504000000700000160000008000400351000007600002000000504000290000006000030
040065000000000020350209087075000003000000000000003045000016200002900000730050000
008040509000300000020610004570063900003000060080000400000050006205006000040080705
010038006908500000050070000070050000000700200000890100081000502000041000036000010
030000089821007300000030000900400000300001000705390002000050000048000050500000241
090000000000052306060140002008005029000000000001930500020000730050200000007080000
500860700000000000043000950207000510090700840000000000000109000000020408902580300
008670000001002070004080950300000000010030098080100000007090310000004000900000502
006200000009000000020608095730009801800000006060002000000526007000000100000300040
803290000000050008000060307790040000020000060000006000040008200100000600900320500
000070008064080230200100050035009800000000003002006000070000000003001000600200400
830400000000000730200700000090005600000002900701900082100680007004097000000000204
006300280000000000070000004000107030600058900000020400098201003040000008000090120
060002000001000000000510030000020000900000004400807005602005010010300090507000080
000000000009080010006000038000073900300401005020000001600000002700000083002740500
500140000210007800400003700700000169000000000000060500100004200607020910000300007
080079010005400097000000800000020009400060000600901000030000048500090100074050000
010200004000060075600090200000000050000000000940006080580100060103085720090007000
000000000046005107003407080000030005300008006290000400060000700005009000009086001
500030000070000005980000000040200670000000092006804030000700000600480000708503060
009018600004000002700000109060004000030000007000065000040086010000409020020007000
000300000980206000000000867407000980008940000600000000054009070000030040000018052
007003400509000306100000000040006205000500000000090004000000010090024800080060500
009070020007019008020000003200090040000340005058000000002004160000800000060000030
005900600000043002000080400090400300000807000723000000001000000054000000069500830
050080090003500000209160000021000000000024006906800003000918000000000700030400050
000006000040000100003000900400000012900040003006820000007590060010080200008007040
005600070100400650603000000000100030800000001001503009904008000380000000000720000
146000000000400029500000600030000000014070200600340100390060000000700403060000007
000000000000001020850900070200000050700506200004000690070000000630800100010009730
010470000000010000003928000300080010000000800002040003070000006900000740250006090
000075400006000700002400300083000092000900000060120004900008603000050000000210000
000700201004506000000080000000650403007000010360200700008000000000075020030002508
070350060000070201260000700051000987700000500000000003000930000005080000640007009
350408000000000200428000500080000004000000010097005000900031450000750090000090003
090006200100540000500000000300180900020009008000300700900000502040000061080700000
010009020300007008950000001030000000000040050000003084000080490090501000020070030
000650290004000370070000001403000900025400000008300020800500000590000003007020000
104020000000000900009650700900030005000000000800500007002340000000000086030806140
000000007008029000000030600000008003002040090750100000000000000621000005070001306
000000974089300010000700080000415060628000000000002000400100000060000500900057000
000016000000000700604090001090000050000007000007235190000008000009070504540100200
070234050020907000000050009000002008004009100005400027700000063000100000000003002
000900020002008140400500070050007000000091000064000010000002980006400000003000001
029005100000060300560408002000004020001030000070000000090000650405000903300000000
006005000900630420000000000000004000010000083500800600240000590000010060008700210
200015000050400000060007302000000590000003001485000007000004670000700004009000025
050000003000043502043000100008007020000104000000050407070900008006000000100002030
203400009019005000040020008080090700504000001000000020090080064000007000008010500
000800000000000403091005800000204060006100000940500000010002500000300908800007034
107040003000600080060009000089300065600400000003000000020900000900080210000005807
009470008060080007400900060205100006000000000030800102900300750001000024080000000
000001200000092050007005006400500060108020000790800100050700010003000080000003000
280500006700080000050600400640900300000040502019000700060200000001063000000000030
030200007081060300600000009800000030100702800000380902300000020000405000000009706
070400600250300000006280000007020400504010300000000008009047081000000000000090006
070000200600024000805007000000040893400800000700010000030000420000000060200500307
006090800010060000000008302900800000000020607008570010080000570003005000090002003
000403001000600008000000090006200050700340000900070006400000000020008039891000005
000700524050000000039040017000000002070800405000372000000080000700031000004500061
360000029002000000009020070070000002500604001006053007050300000000900100900700005
026001700100000002000008006400070300002500000000040009090027800801050600000000043
000170080080009604500002701040005007010028000000060100409000000000090040032001800
800003100200000005600000072000000354003010000000070008000087406000001080000405000
300200100000000200085070000006089000092006004000000030008100000000700009060003070
007361000080090000000000205075000000060000391000600020800000009020008000000500600
001704090700035020000006100000200000200070043000400079100062400060000000308000000
750360120000900000000000000060000802080051000004000000800203600670800003100070000
000003007104000050000050000200060900500017000006005020001906030040001000008000610
000008090000500670000901002200000000598000003000000807801240000047000300650000001
000509000803000050090004000700000810001000030400032000060940000080600070504000100
080000109031020050002500000008062900060040003000900000050000000300000670700004008
000039001807500000090000800060000903503000700000000020000080210201000004730006000
005760000001800000300090500007000400000004960020080000500000080800030010040100200
090204500000300607600000000000005170170600000000040300903050000007010040005020090
000000158080070600000000002000032005007600000306008000700053000000207900009400001
040100300008900000900000451001003800027080006000200500000020090000000000080039700
410762000030000000000085009005020600007006002900800730000504000200000000060000050
006400001720100003000000540000040050005000012800000000070000000080009230060035090
000000700050020010089504000000002401000450380038000000607013500000000070200000100
000009201500010900006007000300040007000000100402006005004603000067000409000020700
000004007807500000105008040060700000000420000000001008001000005000305029009000306
009000030010000704000000062050020000604050000390060000000300205130800009000019400
010600000300048001007020405000000908000260000050003000700830000000700120905000000
000000000208090007001280500100004090600000000000060804900007200000000010002001609
000007090010090000000500801900300500060000003201650007080030070100004000020100068
000000004079008600026070000005060090000000800080040000700500008000400009900002176
009030005005600020080001604508200000000040090037000000050060000020004100000307400
000030062004002005000500000700100000050328001006000040962070400100009000000000500
900001000082000000407300009704030012000090000560000400000700000100004760006000001
057028040000000300004500090001900000000084050020000600000003000005000472000405000
027000100060800003308000005000604000000700090000030200003000062700240050080069070
030000000408000000600410002000004000009000130043608050900700010070000003050060000
850006002060200009430800007700065020000000000080009076000038000200000000090000060
700000065006002090050060002000007008400000000005010070000021800003406020907000004
080900600000032001907000030000806000740050000000029000200000150000085006100000090
070002100005040307800000006490006000000000000000015000081020040900604000050030000
060100000000008100000200070000005006052006400010002900300000007000000000704901200
040000500007100300300000800010500030028094000400000000000680000000700010005000970
009240600100008000080000509001609000030050000200000080300780020000001000000000851
850000009070086400010000050430000000000143200000070008700010090560032000000000000
040090680100070003002000700406300000003204050001009306000140900000000200070000005
009037008000090000603400009180000400000000002300045801000000000490080050800001700
000007490000080000200005000704000000065100280000308000100000008000000940007609003
020008409000070000030040060000050000650000002890007000003000800000019507400000100
001006092000070006070000500000050304900030005100062007302000000009008000400300009
065703000100080070700000000000000390090500060400000005000005709006800000070010420
000016009091050070000008500200030800100000600037001000460000200000020030000000005
070600000600054000000021005780030400006900007001080000000000086400000070103008904
079030200008700090000080073000000020000024000140000000024007360003010004607000000
020003500006020000040009080000001070709500800100000600504090000000060090000000040
900507001008000000000618000500000160006000020030700000100004006709002310000000702
602109003000000000950007002000090000086200500500008700000000600000720040010540080
000000020200080003900002041000003010407000006100540300000270000090000080061009007
060004000703080004009000810006010000002070038301000907000600000000002075000800000
000000009000500010032004580000070400207000000005069003300020100920800060000000090
026014000300025007001000490460002500002090000000000030709300000014000700000000001
470000000982600140001000000023016050000003000000200090046305020000000700000068000
043000000701004000009020460070006010000905003000000000000502000830600500000003640
000300000000609500060005130009507410020000607000000008004002000900004003080193000
300001400007000016000060000005807600090200030200400507000000089000003000102500000
000010800000000405020000003000003020005900000600020308104500009002006000860104000
090000078040600000020040005067000010200000050000028000000305080004006000501800006
000840600000200500005000080600020000093000706750000100070096400240030000300000000
000690050003070040005043006506010070001504000030000000064200000000000305000000900
604020500000000003700004000000060700000100200900007000090080036360000010041009002
600000000400805000300074000000600700000000590079310040084000002006701004000000008
900000000500600703000007000007080109010000048000002060020005080004009000069010050
002800007040002500005000060000007004000904003006000000000010000801060070027000080
000000002600000070070009003000970000016005200004008009108000000000610020003800604
380000042001000060500600008000010200090003400000900005000080000009036100800200000
206400810010000070009000000630540000000200009000083200405000020000000000001007506
070010003000400007009800020850700041000050300000000080006000200900100070000005006
380002560000000400090000000007005001800004020004180030000000007006003004000027090
900004003500900600008670000000000876030000000001890004005310200000000500307200000
000020000000000250002406100200800500008690700457000000080500000000900010370002680
050200010000006000006000750098030002601820095000010000005403000002500009900000070
000806000000003050008710000000000439300020006607000005750008000000000017000901020
600090002000716500030200000400000380000000006070084001015000030000005400700002000
010000700075040001608000000054000300000201000007000092090080520000004003040003800
000000548000000000001807000100002004008016093043090200000301005070020080506000000
004005090187000000000700403300006007000000506040020000000010002000000000002640810
096005000000000901080700000000018040000000800400000027009000080000600000500084239
009008000400600070000070680020800400500000800304596007600007030000000100003000046
056240000001070000000006000040600008500000209000809470000000706810300002002008100
020106000008000602000300000900005031003014000500000008000040706207801009005000000
060000403000090000002000050800005009000000620005700000056008072000070016008009000
670000050000029000000000030180030002006040000030900008000007003009006720500000060
004500086200000050060020401000860000000000070420000100008207000000100007040030060
000100070000504003020009400000600010006708000503002000000000184000900700308000090
000000000000034056000100780008650100007003004000000600704060001013400900980000000
810300006000000300090000005080070000002008010001004000048000000000280003630100209
001570400300900020020080005009000000500290000640000700000300008090050200400060050
070000000001000045250400790702300000900004600600809010000000206000000000806095004
000040009010900000000530807403700100120003090000000000000009760670000041508000000
300500040960020300085000209000070602000200000006080000800001060010000074000830000
000497201002600000000001000000060380070040000500030009400000070700800560300200100
032610040000084060000000000001008700000002000600090800010700900300040080050003400
100046300038050010000000020070000002902100700004000080000000070017900006000200005
040000800000000700506810040007609000004500910030000000082005000000000074701340005
000000327607100000000080000010020040035000090900300010090008400400000000056930000
000040000008001300002008045100000026000200704030070000400000090005067000006009070
002000000000080100100900280000090008307000001000423076070000900900305000004000600
000020900000700003100030008010040060008100050002073009800002000000800025500010000
206000080000200000090500060002000793009001000004008010000000004000009531615040800
100000006080400000400009000000000308000070040902050000520004600030000000000398700
000000000709000200030017009000000008000000040018063000001004060063080490000020017
300004070029000008000000260000000800140007000038002007050000093001600000800105002
040000080000009002000056009000000058671500030003000000000000390060302007080090600
070960000004820000098500000800040000000000192002000070000106850703080006000000000
000010000040300800008000512600000090025067000000080000000000065050003140301004000
000009306603400500000000910007043609008906000000200070000000000024000831009080000
740090600020500007010070000903005001000080400000000700000109806004600009100040000
450380000000270000700040001000000050030018709005403002094100003300000080020000100
000001050207680000003000000005070090020009004000100000010004579680020000000000020
009500040400020007000800203001050006000103780500070030048000010000000000752000000
010090000000400800000002146081700002509000000060000000430000510070000000000035009
100060093038000520020090007004000001070006008000350000003007800000000005000010200
008000015000000230700500900340000850000109000001000006102090080095302000000007500
060020800001004000032800096500030020020000000000100008900080060004003001000000074
000000008069050000000390200308000009004001000000000500002040050070900060800203000
080000673070018000000000000000506800510007009304000000400070200001030000000000084
100040300002300700000000500400020003009031280000009000970010000000007806050900000
208000000300802050000060100030008009600040200001000000480100003000007900050000007
040000095080400000000009700003800000406000070008071203900103000000200306001000000
000500301090003000052080090400062080023000100000000005080010000000008400004600200
080005040907106038000700000070080000009300010000060003041000200300000007700400000
000000000540090000710800609000001002080040050000000407000359100005000090203400700
000310900670000000004007000000090028080000406046002301000070032000500010007001600
000000169300009000008015000030000800000030000600508000004200300950000010201070050
800002000005090001070005000100400609000008002709006000080000000004030016900240000
204076080000210000090000004680000010000098000000500090103450006408000200000060000
072000000000900080000100000205090040000510390006800000804000705027040000509000002
040001000020034000100002608700000031080000905305000006000000000000760203638040000
008300000300000009204500800003104002089003104000060003000080046120000900000000000
045000008000200007000003000007030000098600402000091000003000005700040010000507200
010080050000200000052000149009002030703068000000070080507000800000000000040013000
000060000000530600270000380800040000061300000000050100705004096000700020004000000
000307000000085000743000010000000100070908006061000840004006000087000300030090601
620700040007004900401000000210069000006000000090000083062070000030080000000451000
060590004901030005004100000050079030600350900000600000010007000000000200003080060
006004000308007050000000006000400000090010004503000090000008009000590610001700030
085603700004708000000000098007015020008000035000000900200000000000050680000004500
900010070302000005700504000060020900000403000004005000000001009280007004090600100
000000000040009100073820000604500000000040030900067000000000500260705080005001000
000092000000000430700000508001304050040000000500289000060500000004720089008000060
006080300000093001080401005020030000050007810000100009010000600804000090200000158
003004100009200040040060700000000000004002007005398000030000020060700005000150308
009006070708020400502000000000900600050000030200870094000004306001000000000068020
000500700000308000090000000810000903000280040004000100900010000302900500061420000
100203000000050000500000803070094000605082000003000060009000100000500028000870039
005000000140007020000008067000000002050020010600304000908600005020000070400703000
000310800002090050008000900006100003350608700000000000204000078160000009000040602
900010000000305700000407001070000100003080060415000002526000000000500006800009004
100002300060000928009300006030600090000480000080190230200010700005000000600000050
000930000010405000309020700900000083050000060401000090500100800007008002000003004
000001800000300060713040000000200693030000000052900070098000500060010004000000000
000000000400269000160000000000600000057100000910002050000320800030000270709405600
006080001840000020000005300080200600067500400020000005000060000059810004000004030
000010000902005080013290000000400500005609023000000000539004007004080100000000002
070020003001068009008000004053001007600730080040900050900200000000000060000000008
100300000090200450000000006000000040040050092000009100000160078050740000000025000
080907000074060000500000070000002106140000000000703904000000050000800609096000800
500060080000000970000030001004600000056008000010023000040002709060590000090700013
000000798009060005130000060003000800000543000907000400008200000260900001000008000
510000000406000390209500000000048506700050002000001007600320000003090070000000080
509006000070000000000080009003040060000000408016700500080002100600000240005300070
080006900012000030500800001900000046400050000005200800041000020000020060000605000
000950000600000000025310090000000001032000050070100620000080530009200860000094100
500000009039001800000080200900000007002090005106037000000000090000068034008500000
030000000900060012000000467400100590150003600000000030210009000000607800300800050
400000005300100000000075008010090600867030010000000000000000703005900000930006204
007009400000000013031008607300090000000700000200510800010000000005000006080304002
007000010280400000009000000000201000030007800000006507508900000042000300300700250
100040006520000000000700100000008090006007020802000630600905002000070560000002800
070006000000080004203007080800064120100000405000000000706028000000700002400003001
270040039000000006958600000009000010002830000030000007005190800000000005003020900
004801000005070300200300006000600000000000800000405093801000200003004907500000080
000007080005000000020000104000902030014030900090050006009004500500000020003008000
900010500000090030003805004100500960200000007006008000500604010000000805000900046
040050009020000000700030410100068000008500060000002043070004000000310007000800600
090081000300600805000790000605000000800005004029800067030000200000010030200000080
200080000005017060490020000000000000006079080020100007800500200000000509002040100
005000000200095040090600300600000090800100000320000108060070009003009001000800460
800600090025307000000000000000001000008950064607000001000000076000204050010080400
924000000007400000010000905760091003340200000000000080006020008000017090000060500
040900000000008000510406000021000700000020009490850002000005010000000500700004630
003000017005000300600890000001000030000260008090005600009740080000000000400509002
500002096060700010080000002030000049040805000006200001000609008300000005008030100
050000000360004200008000900000500400500281000003009008000000000034605020700498001
000005030306940001820000000000020470000030200000000060060500002091700048005000000
005690000000005000700000000800004005000020060090500830679080400040030007000000001
000000200015000300040700600190030000200000098700000406000500000020460500000280007
009000000050320006300849000003001050500200680100000000800000400040050000006003090
001009000000130520450060100500206000896500002000000030004000700270008000100000009
000000002836009004000000060000010906000000700047300820001807290308002000000090000
000006402000080100000900530000040080051000300907021005090000070000200000368000000
009050608300000050006420070060040001700000000500107000400010580090300016000000900
084306510000100002900000000007000000600009000000620709006000800800002030100060400
000003060000000029700490005006000500940000001005074000069380000000100004010000008
000007150030050000800004030004090005600001090050000000078000201090100040040070009
003406200078000600000080370000001760000008000004000510002000003800500140000903000
000000000030001000001207500060030080000000000000500920800000207200706000710003046
014920030000006000090000010005019700200800000040300000600030072007000100001000000
000509078700040000000000406000001050370000000209600087060000000000420003000705200
710000009090002500600040710450209000000000060003000000001008900000310000070406000
000003000002008304700000000300900500500000000001200980000000090098001045000400607
000000500006070000200000908070001430000009001509800000040600703007000000030010096
009600008000300400420000095100070009000402000003090000200001900001003020008000040
050100000000000700029050016096002000000000840400000009008510060000283000100090507
000001007000002300000000600630000145020600000008000009870500000102800000009007401
405070301000400070900000040030000207700010000000050030070602009001008002060500000
800000740005200000070300021000640005980050000004000000000092000400000160103000002
400500000600000407590000603006000030000004802205103000000310009000805000010040070
010000600600000090000008012080700000000096830090001007000900300409030000000085021
002064005070000000600000908500200074000003090807900000036050000000000500004000083
600402807500000900049000060030940500100050006005030000000085700870100000000000000
005070601006020007031900000000000003080005900900102080370000002000500400000004300
000300500060720410087000009000900000800040005240807000600050020009002004002000000
030097200010004007000050000420000000080005030000100060003000600270016053006000008
068000200000300007005040006400700600870600020000000504000801000140097000200000000
374600000002007000005000040060900100900010200000073800000009000050030020729080030
000064090600000150001090200008030007100009000050800020000000000002908500800012700
010800020700600300080500070007009052000300000400000600020000590009000003050001000
000870300000600700000001060000300650005000037009105200080000020020000400167900000
003000000070030980000800060200070800600201000007600000015000090000003700068009040
600100000080060030030007000060090004005070009800005000000010620000200090007600308
500400000004000879006310000060200000008063500040050008050001900000800007300000001
306400900900021500001070080000210000600030005029000000005000168000003020060000000
000000350001004000500007041070450060190000000043790000000000027400002905000005030
042700000630000008001009500060200007097000361000000000050000090000008016000640000
