Seed: 1640217997
Cooling schedule used: t = 1.440000, alpha = 0.999900, cMax = 500000
000009600000080000003400590020100000584000070000002004205048006000000000408036002
000090000000007080007500600000200800060003700120006500030600400400980000050001009
000103070059006020000400000003010006560027000017080000800000000900700340000005900
600003040030000100009647000060000000000400018508020000200060591000070000005100003
506000090000000300200180700960007000007690020002030000000308900010060000008400150
005060040400300000176000500604000010000400090000130000003010760000020008007050000
800500000400100082001000940030090200000000100005200000100903400008005010002007300
095000000080005004700138000000700090000000071000041008001000645000900030063000000
082700950000004000900000000600002800401800000000000091300001000009000068200006540
000000184300070000000900000003586040000007800040000001005200003800000010020430900
600000700000014050090860410820040100000000005000000000000000970002007003103600000
060040000000021900040005000005708100079000500000000034000007000084300061000000090
084201607000000020000758001700509008050000034000000000300000000006000002010804500
000108000006020300800300000050001000209000030740500098000000000300009060087000504
000000800600000040000051000500008406400070500020090007708006000051000070000009200
030700000004380050006009010000000080590004001300050200070090504409000000000048000
052000490000000000801040200000500000007280005300090008010600000700008000008005032
000870020200000600039000000003080060000020005080000100040010508071000004300500000
020090000001003805000000060400360000790000080050010004000050070600000209005002008
000000024000005001100040000003000090054600070006080000700800600068002300005000200
009210005000008030070003090006000804005000000012000000407095002000080000051430000
000007200800000690600900030060210000005000000023008100008300001070085004000000070
000410030000806000009700000003065000090000060000000857010000009804500000000080512
009003060020900400040001702006500009000042000000000200018000000000000080302080501
100090000004010230090800500000960000018500000000030007730200000000004068000000005
006000000000306201009015700003080070800000016000200050007400000501067000900000000
009000072720800000301400000002900503400000800060000000100030020000000600000104080
180200070900008504000000000040156090003004001000900000600700000000000040020003086
006000090800706300000380000070052060100000020040000000004030001000000000051040703
000300670003008020040200000000000703087100000000083005800000200400006030209005000
000000200002009010000807003000960050000580000600030802930000004014005000000010700
003080009096003400000000070918000002200000040000005001000002090031004050000500107
400950030020000001000100040002006073000040090008070020000000060037890000500700009
200700000500090030007310050000400008000600095008000010300000000082000400040008100
090604020700090008000201503500900000600007000040000700901000072000000400008000030
002000003007000008800060000070050020000701000534080007050810006000000072000900010
058040000300900040000002003060000020500000069400050001000070090005001030003009016
000070000000004020002098053000001047003600500870000000054000002080409300000010900
068000009040600050000030007000059000000700000100020500050401060070000008000006170
000000200070001000100307096800600000001040020620050009030000000900000070706009003
087900200050000010006000840000020501000480060600000400100007050000300006008690000
000001007206050080000004005700300000041007000600000400030500006009003800150060000
009238006160005004500000020004800000000016709000002000000000040010600000000000298
004010002000028000500000030000002700700030100250000009008700350600100080300000007
029100008000003040060000090008039500000001820070000006000020104500086000600000000
900370000050000004002060090460008073001000500000400008000000030800000005000009760
007402006000060002002000000740200801060070300000809000300050000000180700100000640
000408062700000000040091700078002493001000070000004000600000305000007000000030080
040009007000005080009340010270000830000050006006000900080010700000098000300000000
070000010690800000000010000500900074080056100004780200000008530000000006230005000
800100360000002000000000400000008200070900540009300006408005012600000030100090000
085370000100000060000080000026900000300067098000010007000000200010090040070000036
950200070300090600010000000100089005007005000000000490000700000040000906836000040
060000004700100309002000000000000030008090002500080470900600200080050100005430000
008047090120900000070302040800000000002090604500001039000050070000600000000008002
000000000200107003060090020530428090000000000040009060001030046000800200400200100
800560000000900000064000020000007006008026070000305040040000003100700009007030250
080002004200000009034500200043007001060080000000000400000000070010300005500096300
100090003007008509000200700804030000000857000003016000010000000000000065080000904
300000001000146008020008000000080000056002000000005009940600300000490060001003090
094000750080000020007000908000530000700009000000100206200070461068450002000000000
500003000600000845010060000900005200008600570002700001706850004000000000095306000
000130000000005009000040800070060000000080406032000070900008000105400790027010000
060305080040910000500080300000500000100070506800000002020000000600000009000047010
000600203080000000070000000000046307007050006000001052003009000054000700006030040
809200060057409003000000008980500000000007000000000005040000607015003040000010000
000800004040006005800053000002000300500000007180070600000000100703000000000910260
010600080000130000000500000400000010200400009006003400003006800050008601700000903
000060250090020800060590010009006005000100480003042000300000000000000160500000000
000320050250060008000000004300100020004800030001000705800500002000001000900600400
040200500035400000200010000050070010090000006002003785008030000060800020009001000
000007003700083090100900000004050000906000078028700000000100260605000400000000900
030000060090000307070080000000001009001000280000370006280500000046900020000002040
509630720600400030000000050906200000003007001014000000000903002001006080400008000
400010000030700020020009470600007200000090000098060010870000060000006904000005030
040305000000042070000010080001000027000100800009607100402003000700000004950000230
080500000700690420009010800960050000000200300000004008103002040500100000040000000
050607000040000000702000000300080604060004000080790003006100800030000000008030420
450306800207000010008001000000200068030000000000013000000000601040080079900050000
000060200000370100070100080000000060780041000500800400300015006002000000006003024
000056810010708006030000470070009083000002000500003100000010020200000700050200000
400702000030009570000030980050600000004090060002008105009075800000000700200000000
000603009000000750008000004000000300000000001030090645010940003690038000004160080
060000000040018030000700800601000008390000000000003059009065004007100002000080000
050000000970001060006009000008500040100000500090703600000030005084000009000980700
000050001205000000068200007900027004000000000731000002000749030000035400009000010
000060000008701090450200000000002000003500209070490000000007002090000563204800000
300000400500000007086000000009020008000465701000030000400007302000200000010003804
010069000807400000062000001006007390080000240000008700000092000300000000004350020
690084300000300000205000000000407001900001600060009050500003000300010060070050400
040020001609004030000009000030700100000240008700000020100000309028000070065080000
000002008700000001080300054010090000490006000003005000002400087000050309001000002
020800503000200000005410098049008006600000039100000002000070600000090074000100000
900000000850001000061800000000900002012006800480100053603007009000005000000000430
070060000010900000800000390700002089002300000000050700340000560006100070900000004
200050000090020400005374090010045003900700006600000005000003000403000500000010007
600003700400700500031000000002380009900006200000010070090000018100000637006000000
000002000040780000103000800070600010800000903005010020004005000280400007000300080
000090003107000006600300700309004500718905040050006000500000000000008900000000185
300000060000003008500026940001802000700350000000009000430000709900000000060500010
000090000010500900290060000000003805050000041000700000408200059920000700000006003
008900000600000010910805600050007900360500040400000000080000024003000160100060500
008900200000074003000600400005003004002000900790800050000000018000005020680000000
150006000000000080006900000000614020085000300010800700004780000070490060300000000
000030000000510430000960000000100050853000004000200007004000006307000200180040700
610000000000670000900000240030920780080760003000080000040000070301840900000017000
050000900004010000800900301080006009005830070000700000002009060030050000040170003
690000300400000500000730400010000000008004069000302000024800930000200000000070805
500000400040503000090000000008005700100907500020010034850002009000000200000039006
000600500093500600070003000008057000000102003205000100000089700002000460000060000
000800000304501820050000007070680000000000010000030076006005000930007000001020000
860004020000000050001200070100000000050047600004801000045020037030006100000000000
200096010400000060000004500304000290000000006000007030006000000005200803930850002
020000003000000800000030007518000000030740000004000056600270008300601200000400500
410500600600000090000009010003010860290030000006002300051007008820000000000000500
000614007000000000504000000600002050029106400000003009008000170405000008030470000
000206000000003200700000500009010307800030020000900000001300800000087940050090000
008400930000003050000250107400000000000041000007000002009020000805090070030000400
900607051003800000000000080082570000009008003100040098700000406060300007000000000
040000060000007003910032000029050800001309000400000000060000100790800005005700020
900000006600010205000000000000100030008500019002300600070002008000400000020008507
000900700092060000080070140060802001007016024000000000600050098004000006020000000
200600400000089710037020008010000004004200030000070000000010000090008000600000580
403020006000700900000001400090000050030000200041902000900170005000000004750340000
037500000020000060000083000943002000000000807000000009058006100000900500060010002
009070086080000195200000000120000000406010803030507000000800600000004052000000000
900500000400360057003000000309010006000900740000037000100000800028709001000000020
000400000305000670970006000003108000000000050020904000080610304001300000002005100
700080000000304900000000257002056090000007000670090004980000070500000018000000600
000000071008640000000050000000010007030000480620000000054800000086001530090200800
040600000000000070301000050402700900000200006060001043090380000800046000070500090
730900002000750900000403010302804000000100090410000050006300807043006000000200300
500042900000060810000000007000018000600970000835000700458000000701004000003000200
000000400710000080402060100000050200020030000003009060901003052050000008070540009
084000010001000009900000837200840000700002000009000000050200000000050064000039071
007052000009800100000000300030000708086020010000500004600001003040200000001409000
250000400000520007600010090100000000000000005000840706009008250030001009460030000
100840000000003009049710060290000704700001038000000000903060000015000000078100003
050030000000000270000062005000090740090050008000003600906020800030070004010900003
100009007072080000005400006400000300010004029007900080000031000508000003090000060
000000901039500700060001400000006000300000810500002070000820040701000050020400000
005630700070000100003400280500000007002000034090700000006020000000005800080000005
000036000007005000340900850000300010100000300200000008062048000500062400004000001
000090300904300000010007480000005000730000010100020090360400000250006000007008005
601000004709060020002009008000010002000000060100800005030256080800400900000000000
400090005830010000006803000004000800060045070000070201000032000500000008020000004
003000000005000006800000009000087024000060000900400610007208300010050080600300002
000960000006100008000004000907000400600000301020405000040001089072000060000520000
079630000000800015000020007003000000100008942020000708001050000040000006005900100
030100400008206070710000060000400000860005007100000500000980200320000080900070030
008500900070600030050940000000001070000206000907000208092000007000300001000005003
508009001000000040076000000001004050000020007004000006080010600900300025100600008
000020000250700000000080460039000000000603010600007500000569080803014000000000009
040290500790100000001007002120006009000400080003000050074080000800020007010000000
500340070000000009007002001030709080080000000200800000045000090903000002002103005
000000300001000028058000060010400000006005010000700900900000080000083006700090400
010200300300000070645000029004095630000004000900608000060000002050000907200000050
003070000000000204400609070008010000200005001060000402320008100000300005007000600
030002000000000870600005090300941000006003020000050000900000001000008300450010008
908000040060000300000000006030020500207030080001807000050000002000260074000080000
073000001802070090940008700100084050000930010006000408000000005430000000000000179
000000800310900200904100000000000084007000000028047000000010005000000302140002000
600300000090620000050100300000040260008000500030000009400002900900010000006080072
090006080000900500008001000010003000072004060000000238730040000000000900040100002
000000800000006020781000400000000000506094002900007603805060010000009000060012007
109080006300000000000000431700900140000500009904700005600009070030802000000050000
800000000007010090000208005000000050500004302200000016008009004000030800301400000
510604800009008001007900050973000104004003000000000905000740006068000500000000000
050200700180000400000000093004000600502016000690070040060080000001005027000003000
000570000080000010010040003600000000408005200000400070002030000000006800000009650
013000760820010030050000000007040600380000050060002009000200080000060000000073900
000605000009038060000070300401020009008003007000000250040000700705000000020000930
080300000007000548001040300068004000910806072000000006000100050000030700000002004
000130400004000090007000206000060008000080021002500900090000570000001000600300004
500009070210500000000010003000000140000050039050600000900345008002090000400002000
540030020200000005000000700000500009019706302000013000090000040002180070000007006
000000850000638024000010006300092000000070100050000000007800090809400700130900500
000005803403000000005080900000008004204000000008709000060400021100607000000000097
000008040010050000040020570300090000000000096080000037800004160030000000900003080
000003006052000700300507009030605000408001000015000370000000800000320000100006903
008004901010000005005009800070003000000701400800090600000006050020000040007400209
200480010080600040304000006003916080050840601000000070000000003001003050000570000
000012000040800000701004000059020400020000006000060009005000000080300517300900004
900050804206000000400000910000079000010000500000860100000000360500004009030080000
007001006400500000210009004102006003050100200040000000000040970370000100006000000
002607000513080600000100002000000006007000500008970000100050007045000200000004030
000000000670300010000806000000004580005080074400500030103000047054001000200700060
600000000000000200084090005008003710003005006000200090000050049000610000075300000
004300200100700090000209078400600009000040703010000000090003050308002000050000000
000100000000040800001306000070000004046200003500000900602490050090000070400003020
009007030400000600020000080000070104005080070093400000816300000000500000000006300
000708203000000004560000010002430000910060000000000008300070000004003706020504080
600090710500000000001307080073000800000000509400760000980000030060025000000000000
700080001002004000300207000000710200000000008900000100007091400020600050045000300
020709060000020007150000000000090082981000000000030001870500000590800400603002000
805100000000509007020080000094720000000004090506000000008000060000050300002096580
000087019000000800040001027000600000800050000094000006002500000700100600900020003
000100900307000100100050040020000571000020000000005406700082000004039057690000800
760804000050070003000020090000600500000307002000008409301002000000009000007000910
000600908000000070009081004001090000600000080008003002060700020040050000025040001
070004000010000300600051007700000960160500800304800001000060000006907004000042000
036002000250000300098000000004009500000030020000007000005010860007406090600090250
006001000400800700000940020820090306609070000500020001000000250000407060000000003
600000130023900704740008000000100050030050006000006070009805000005030000000000800
006010000040826000000000009000200000010000002000063800470000308005008090009100764
020000900007050020000067005800030400030009000604500000300002000046000080000140706
040500000001002005730006081400007030083060000000000509050900004006030000100070000
000000000710905002090132004006380010000000000000000400000000065000700000127060090
300050400004000000051008000000030901100002060000070008000000702005400000080090013
067008009000200000100406000000000000000000485008030001900300000400050093850000017
003000059700003000028070040890040000000000500500200301009006020030700000000020000
083000000000000904250000000070000035001005080000000092900300071000940300500020000
030200010800090000000104079109000080000600007762000000000000050000740090040001032
900005004047000000002103000000900000200781005070002080004200070060050010000400508
600300040900050060000000700400080100007000050159000004030508020008030000000120090
000025008000000090900071500020080004060000900000000010400000780000010300806290005
008500200000003900079000060002006180601059003700000000000200640800000002090700000
006400300092050000053800000100000000000082000000000048000730801600000709007560003
050008030010430002000250780020800000905040000300000000000100000006007240004080507
300009001061300800000060074080000009006702010040030050502400000000000000000000600
007009000008040000649005000000600702000030400026000000000000149000900003705004080
900800460000004000000000709820040076009080004000300002000600000060209107082005000
070060030086400090002900000008009004000004700000800200130700500204000007000000001
046020000080700300900001000103005000000000070000070940300000006800006005600340000
002300000080004000000070500000080400473000600001000020000002000000049006530068070
000000490005020000004007032000700060000900040007060028300000000810090000700280009
000020500003000670000430000000010000006500040030900002015700009680000100009000087
906704001000900003400000020301000000000071000800000060000049002020100006010008700
709500003000000014002003900600000300000065100000000058060080009007300500040700000
105200680600100402000006590030000905800000000002030000004000008207060000006004170
300000000000403000000050680020009046604800900900000807003004000001630000560010000
020003009000007004630000000400700510800051600000000000003000000000012800760005400
000005000700098200060020030009040000240609005005030007000000090097000060000000804
080000090000503020000001005090405300042007010000000500018090000920000700000700800
803000000000000060960028400000500020010400600470000095000100040209030000001070000
570080041000000800046002070030024080004000500000006100080060000065000908000200030
700000900006007008900002050020945000000203000005000020004036001007000060500070040
801500000090000000002800009207054000005006020080000004000040300000000780010032050
000900083008030120003050006020014090000080000900300010080540000300000041100000002
003000009002037004000082000820074600600000400340068920070000000590000000006020580
000050060008210090070000000090001003720509008060020000053900802200000000080000900
089000000001500040000003020800900430020010007000070800000046000090005000450000100
290600000010050090050100800000001304038020001540008000000000408000072000000000630
009060001000087400260000000100608007020400008000000000080000030607030020005001009
005060040040100000900050820000003900490000000000708610087004109000000200300000070
001400000003705000000060000000000007030000560052090000800004200700108300006000150
900230800008500620070000000030005080000000000017004003090000001800007500000060300
000600000000001742000008000070000205200500000080030006003800000760000004000902630
000900000040201006905700002000000300400009000000423001060010050090080070270000060
600040002003000000900601000050928300000030205000004000060300910080000000500800040
700090601005000900100002000010030056030700200200080000004000700000000000050301000
001020050030000008070008040090014000027600000000800074089007000006000900000000023
004029070600005009090000310000160007402000000301004000800730065000450000000000000
400500000018200000000010056007001008800040005000007040730900800600000002000002090
005000400040006900100008070700000890090000703001000000400002007200800600010950002
003000040057000000004003100090000520000170000020000004000026800000701000010080905
100900600000016020705000000400050000008400003019000800500008000090000002002500490
000200001250700600400030007000300000000500238000006400700600040900000000015008003
000080000015000090000003210500020300000900006970030000000000032702510000890000400
000260100201700080060004005400070000000000000890341000000005001057000608080000043
000001507000024060006000010009000684080000000400002030005900003930840000008000000
000078000054009600060000000000000083001007090200800700100000052009003000700050006
080100000403200000000008300002400007007010040010850206700000605030000800008300000
002001064000000007000600080070006000050070001490500000001050009020000008084003200
005080000000600009000007620000500004410800000000001080000206100091000000030009706
000070040000100020050380190200000000007410500005000000008000000402000069000604030
000000100000685040540009000405002700080900300000000050000500000206870000000003089
092040307008000001400000020000000400500000070780060000000200160140908000009670000
000301000006000070507060100490200306100400090000000010005000020000980500900000030
700003800040650010030800000890000370005200100000000500006001007000500000004028090
000050108040030000900000070080006740030900050076000810800000000005060090007104000
004003000503801000000000040000070004000000807308200050000006000762000000100300082
300060004690000002000009000005740200081900050040080007000090800004053070030000000
000000001006005900094070000005100407030060000081000050200000000108090602047200000
008003090700000205304000800000000003080402000900008006050000000001504007040700008
005000000900400013020080040000640000006001500003000080000006200039500001000003008
000062059058004000020070010310400700000000090400000001007000120000756000090000006
000030000600000100090460000008007000200005800704000005060910002003700001000024008
007089010009000080608200000000000000013000054750020300000000000900074800200500003
002613000700005000013090000000000001000400803200000070000001504060050000004708030
000000047900500800002000905200603000150070000000040080020009000000100070080000024
806020007000500008201700000002080059007009200003600004000100905000060300010000000
009105260000097000054306000086000401040000005020500030800002006000000500000000190
090704010200308000030000060900000030004600000782000000020900600400003800000000170
000710000040900005000204060050000900000001400003020070000050000090008100700640080
800014000006000000409600180000700800001003792030009060052000000300080070000000200
090020000007004000000800105109003007060005200020060090600040300043000902005000000
000008000170000080030090000000067090010400030402000000000004300003009204009003065
000000008000076000000000020900080000021609070506240800004300200675900000200000409
000200040090001705000000080000008072020730060006000900008173000005040000970000008
060000000700025030350006170000000090200000650906000008000300004824000000000607200
071000000000920050000470020000003000000010005050090840005000400090002580047000060
030402005050000010000010004007650900100700008080000070800000100900005000700190040
020004008007030000003950000010000050000185000000007020400090006000810900070000012
000000120008059006000042000000000000004000605100095000305007209090000070087003010
000094000400000019006030005020000050073008060600700800001000000000050004004200001
905000003008000210300060500020700050040905300000040067000000000009000002006008701
060500000100704023002001000040170009600030100000000000080300900009800502004000600
030700001000360000000008000000004710004005300090010605040000003506002080700000200
700000050000620009020900701000070000305000900470063008060054000003002000000700030
030040700007000006040108000010206080020000035000000000070000000102000040083509007
000003009978000000000700020005028003007001000100007600000035000084000010090012007
000840000080000025000060910006004000001030080050109700000210000102000007500008092
000030008600400007058021000040805300020000700000000001000090000134000000067043050
854000000007002400000000003090000070200009500100063000000000080040810007006340000
609050000510600000030007010800460100050000006000070502000004080000090000900103400
108050000000900037000007060010800700000401050009500000021000000030000105580000092
020430800004500900089002000000000000000010503062043000100000490090800006070000008
600089003900670002000000000500000800040102000000000000006010580805000900000006100
000305090107002005400090200800500060000086000060070500000030000000000400235000010
608070000000006030010000000000041000030050408180009000005030069000900007060000025
032006000480000005000003007000010593300009020001000000000000604600095170007020050
003008052100000080000900300000030500200005004000004096002000400007400000060200007
500140200902800070000007000000208710000000040061000003400092050020450900005000007
400600000050001000007058004090002048000100200020060017071000009008004003000080060
001079000000000009006004080040090200300000000020000040000700150030080600500300700
000000306600941000900000000004008020000200060000400700003000100401600970809300000
830001000000000008700800050000300000605002000090060140020608030000000075010050200
052090400000000291060008500400009630000000020010047000020000000600000000900073000
008090010100300000000700004790500000004063020005001000080000036000000007009630500
001009000840020000700601000030900005600000079004500000000200067260010040090000000
009600007000800010503007009000005100000240000306000480002009000000006790010000000
500001860089000400300700000090130006000000003103004000400002000000080000010000078
000200000900030000070000001003000007008000502400150009105000006040003905030006200
001050000060700000000000307900000070008562000000970540502030000010600000000008230
800000040000640530070020000000010000502800000090053700003000000200007803009000024
700004000030002090600030207058000000090005000000960100000400050000000006305006048
060000000097100000000900024800700400300020009402000710900000000000680003000007100
750000680000050100002084500008013060000000027070000810100500200030091000000230000
008000002000008130300000000060005000001020705035010268010070009700940501000000600
000529000008060305006008000000700004030000000071000200600000140000402070000085020
205000060001000070400010200000200400008400001900000000106070089000009040000052700
000007400950003700001006090000000230060900805020000000002500009030802040010070000
000302009007000600000090005401073800020400060600000000208004000300009000070000500
200000704000068300003020681360040000009000000040800000500003907000009040001000050
000020900050800000080036070378000001060008300100000040000050600600000003800403002
007003951000000000200180000000010000000000600093005040000500000010947000985000020
006000080080000000024580000009000003000047010400620008030900004860250070007000000
460750000000306050000010600004000000000000028000800407730001000608007090000009500
000000200007000309900060001000300980020007005006000000801000500030409000000210400
000043000007000050800100400900000003080000500000305607060008000009710080300960000
008000037075000009000400000000090005004007008500100702700003000003014500000602000
007160200000040007100800600240000300035082000070000000900310060080900005000000700
080000015200800300000004002000001960100000080640900000003007040004090000500003100
031000060500000000024000001900046080005080009000005630700260000090004000300009000
080060000327000001091200000006002400000050000210080060070000900800004300003800050
050040009003000060800700000000600004005200000400009208102000000900810600030070000
004390800050000009000000060030010002001070508000005040070006003013208000002000000
003700900005000600080490200040000000200008190001000700000085002000041000000030001
000024090600000100080900050000000000074080060350000980010009000000705640000040020
000050300706200051002000000020100070070000000060008140000040000900000007040537090
010000004090000807006407090000013900650000300001048000025700000000800079000000530
004003070000500200900000001050900002309100000000060009100700930700058000080000000
069014703030600400070000001040000026000700005000040000205030000000005300300009010
100000046009050000700000903080036700030400090004000800000503089000002000400070000
000000406004080700000020001030100005800390000097000000005030000006007000009005248
900300010001002005000006000000009000850030704204008000070000050000004031100000608
000603500074000000500047030080500603060000900709800000000090000900005301000010200
005000020030000009000010450007900060020600000100070500210000005000004000060830090
080096000607080400090300000009000540030048010021000903000000100000030050000604020
015000004000010000000400030040002078700050090001000000050100900920007006000804000
000050000008370000032108600080005000000043009060000004010000003600000712020060040
400060080030508090009003020008000000070090430600084000900012000007030000000600100
006000048000020500910600700400009800050200001000000000600590020020000003081000000
000007080000000000091320000004000076000500100702800350920006000000000000475090010
172000305050000901600000020000000037006500400093041000000032840000005000000060000
000040098608070000000000002030000000500700900000604130304000500700018000000003400
000072000200000408008000000040008320000090800005100076530000090009000000020760000
002000090000502030006370000000080003000000009804001000000065000031900040040000007
901300400004200000000089060302000000000060800060003027200700040009000010703001000
054279806006005000020004500090060000800000007740050000000107650000040008080000010
002050604000014500000008200090000750000042000200905000830000007005000000007089400
900507000500004007040001000009000380670002900000000004000000093180060000003700400
060201000000000000001305060800402000730008005504000008000000000000000600405720039
900041068025007000800000000009000102003200000080000700070052004600004000042060900
000070903600100700000009102050007800700065004020000000163000000900086005800300000
001500000000800007000091000060000020040006003500720080089000006400205000600000100
000012030805000010006000500600070400400060200052000003040087000009306001000000002
000008000700000908309000600003400090000200010000500803005030070000060500890001060
500098200020000900048100030007000000002009004000506091060905080000004100000000000
090800100008090057200700030000000010001000904600009080000000693800200000053040020
000400079000000006070205000020540031060003000010800600309074000002000000000980050
000000805040020000830050600500008000300100400400907020700006008000000000002000100
500000002010680000009300005020040100680000000000500400000000020300054000107090508
500070100608005000090008070000000890020000000000700056000900000037062005100040003
000040000003007050470301000005000003004080510100090008067930005000700060000005800
000382070070010000008000500047600302000203000006040000000000061500030004800004900
190000500000020000805900300406302005010406080500000000300080002000005603070000000
010203050020007000090800400000406008140720009000000040800000000000975100030000760
000104900320079000000020005090000080503200070200000013160000000900002000005000104
009800007000000410002000000070050062003016000080030000007005948010200050000009000
580034000090000700007206000750003040000900000060010009030009160000050004600000000
000500002003100000002704059100970030060040020000600090005000010300000700048000000
000000790000003000740020300200000800005208900000060003000510460009080000800306000
019000000503104290000000004100006070090003650000000412705030000600450000000002000
007009008309000000210080000050024900030005600008070001000502100000037000000000340
050030000090002800004890000000700400970010000801000000100000085035060700000000906
700400800006501090940000500020680900408200600000000000000030400085020030070000000
004090006000000700610050000000000405000310000078000200040700008000260500907005000
500680000000010940001004050000037026382100090000048000090003004000000100070000060
000300000800000090096070008045008030030040000200000700000005209020000000500703800
070001060600900800040680075000500000001203700004000382000000007090000510032100000
000000009720080040000064050340001002008000006900000000003205010004070000801000004
000080900002009705050200030000007400030000070160504000005000100300600004000000009
000000604000057902100003070607000800000096000300000000014009050860000700000040000
000000600000020008003504000000900807702000000030046005000260050000007094570010000
003040200000009760500070000034710000090600807001000600060000020000000900002000003
030007920680400000000000006090010003000009000005023000001300600700600400900000010
006100090750920010000040007800000003000095000000000469000008000620000000490000305
007000001043900800000003000900005000000070302200301609080000700000000000601400903
006000004007008000080310007008000500095700000010903080070021000000800010050096020
000010070002900308090000006045830000000005000160000007270000040009004000006029000
000002005000100002034000000068009000000200800000050604800000701090080040001300250
520000409900200001000009800000074000200050000080000134000000000090000240360047050
080020000000710600300049000001090002068100000900000700000500103004000020720000000
080050030006030082470000000050024008800000600001080070010000090000270006600000000
400800030510000007300040000100090080004308200700000310000000500090003000070200060
000872000300060570000030010004000005000007600070400008000300090209006000148000000
004006000000015700210903000900000000037200006060000010002000093000009100000600084
500700600000004000007050480300000000100270800080009053800060530000000006070000120
100500090050000100200007004000900000006002000001800047000203500093000001070000803
700001030000000094000000100019500860007100000080040520500804010006700000800610000
004030500008000000200000030005006012007001053006008700000100000041700360050084090
000000004400500090010903000030072605060000070007005000020000000005306010008400200
000503040100086200000001006010205000003100000070090035958000000300000900020070500
603000400500009070200050000000001000010600003080704001000900080000000004000320750
000020000010080090500000107067002000051090800000400062000000000082000006005748000
000000509030900000500080000000504007028300000100600020001000700063000008002093060
000800002002070360000031078600000004003004005010003020006008090009100000001709500
010020000000001300780000090000000700305004000074103809500008106000400003000005000
000006000000079400005000673000100004380490002002060000006010029890020000000000030
000170036900000007070000280090002003600580009000900070002005840008001000050000000
400000100003000000068500000000002000002809700050040008700065800045070060600400001
000001600005070030023040000090050010000806900300010000007060200200900080000000050
000060000010000060060180430300005000040096120000004009900000002001700680000000007
098400003004000000000700009300000800000010300061804007040000000900207000013000076
080009000103700060006000000640000030010000907000058000090804005400210000000006040
740006009069000001100000070030007000200001300006009040003000060600053700000040090
050710040000000060040096300700000050038070000600000002800164000005000090000500120
200106000050000001600050940007000250800000000300860000000040069000095700003000500
300040060080030900090700340450300000003000081006002030005000806000001000000006000
900007050070000600000050000000040003000001000006090478008000760021800009004005800
074000000000590324000001000000000906000900000820000000002009001050070400060800072
720000600000008402000000000070003000000050000103046000090600701600500900050017030
810000000005060002700030600050400060100000205002098703000000908000940001000000000
900500140000090253000003009802040001005010060003057080009002000050000000006000000
070000080010800009080370500000010006600000205009000170007060300090105000400900000
540709000206400030009000000000000040850000009004010203000001005000080070610904000
049200000058060009000050000000000560000000031620003700000041200070800000300000070
005080001000900070010030000004000700008400000060800040700390200020600400006004803
000700020000004600200000030000500090010002005640800002800009000000060018160070040
006000203000700098070803400000902630067000024000000000604005000500009000080300009
201000000060005307040003000070400020003760010000000800620000000000070905007000080
507000002000107000008300090600000009004000380002070000001003200040520010000000630
200104700000230001804000020050803000400715800009000000008300070096000000000000506
200000610600074500000090004000080050000000100000009003190006007500000000807000090
987050000025800000000300000000075490000000061009600020000060000453000200062040300
000700001001098000004050030100000607009000000700800200000200040007046000900071020
020019000403000007005730001000080050050000204004090016000051800000300000600200000
002060000030070190000000070008030000009000608700025000050700980004000001900003005
008001000040052080000000005091000700260000000007609500004000890800030000059700060
006080700000069005100007903005010000700500010000006300000000030039004200004800000
108000050430008600009053080006000070010480002040300000070000015000060700004000020
900508000000090210602000800000000000000070403000004087006700500200010000104300970
305800000200000008400003096000108000070600032000000004000904060093006070000000000
000037000000080900100002050000305002005000040307020800009000008020091000740006000
700000800200008600000020703040000000061009000000100090100700302800000070050060000
700008409008000000900402030000601020000040000200000903000000570500000100400790002
900730080006002000400005607010009006320000400094800000040000003005610000000008000
000000540000000907000406000000035200020000000004060701001053060200000850053240000
020000500408090000900000020093006000000001600806040170000000000700900013602000004
000010000090030214070000009000020107720090080030800090000600000509004000600001800
300600002090850003002000087068005000004380070000940000000400038001007000000000020
200008704070000100000907023000040000680003040100600090029500000000000901010000062
809200600000070080600000105006004007040130060005009000200063090000000001000040000
008100007007008000005300920009003640000000000003040050050000000030700000082094700
900100002250000804000560000305001000000020000080004300009000000470000083002003070
000000020870001009000600000000093002020000800600800504500960010001704000000050008
080003160010800090040000002000050000001000000002001900700009086009070050005004200
000070000000849000054000020040305001900000500000060007600097008030000000078400060
000700800604900300500000000360009004008003001920000003000610000700000409030000200
000090038005000000000300062400030206020000007100009000236005400007020001000008000
020600000090800207000301000009203000000000800306000750600080000000100409008040000
200000030005030000009100000004028050030506002000000400080000005056980301007000006
008700300010090000000834005000000700074080003500000280001250000005010600230000070
002800000460509000030000910026000000007000530000140000004000002070051006003200094
001080004000354000520000006010040000000020080870009000000700093905600002000000050
050000008280000400603000002020050000000030009060700034070080001105003000000920000
300050000005007040468000000700000100800096300040085009000004000000003928007000010
038400500000000300002016004013800000000000790000240000000000800005084060004703000
003408070008000104900300050001030000000804000687010000000000015015060320000000400
002800300600900004400007029000453000000070000200000600870010000000000000030609805
308200000024000800000604300036090000800005009001070004090000000000008210000050003
060012700290000060000004300002450086000000005005900000000000007800700000603001400
012007400000000060400083000000149000100000908043020000700605030300000600009000000
000009001006000000000800900700060053900085700000100002860000005000001020050300010
410000008007000000080000000000500640100009007009064080000320051000400300002706000
000400100000000000210703005030005806040070300602004070009000060405000200007080400
815040000090000000003579100102008070000206001080000400900020300000000006000195000
000004090090001004004206000000030000705000020200000600006009000020800009040000053
000710800002030000000052900060200508000000600500008001800040730090380000000007004
000000861008600009027000000005001020000000903000700005010046080006013000080090000
400003087001900000050080020000007850902000000007006000005004010790000000000060400
050800196700000000000040050200000400495006070100005000008060000570002000000090300
700900006001000000504000920080096701070400000006003048060801000000020000000000039
300107000006000090004000050000008065509040100740000000830006000000000000005200004
060000420000010853200030017000800000000067000094001085020000000109000200000500040
310000009009000070000000000600070000070140023002090000560900210000003004904500000
001000000700309000000200805000000400020070009019040003800000000306000210000006704
000020390500003007030790000003000000078001400020006000050060000900000106800050040
720000040001000000060000009003800600010036804000000501000601000500048060080209000
000000020400007000000001380100200074900010000068000050009483005000000000830000001
208601000000500000070030000630000040009000020007064089410000002000008001500900000
460008000000062700008903500602000000000050003309007800000306000006040000070000900
400580006100000004007010000006004002000600050000009070900703540000000000500100307
020000600650040070004082000900017080800005031000000000000000019200003000700900000
400000000003400001806000004002309000040006089080007000008030007000190200050000008
090007600000100800000592000000700068500800040000050700002400080004000305310000007
380000700000900000701030004090067000208000000000058209040000005030090100800000060
008426003900000006040509007000000800000030079000900050209305060070102000000000040
020970603300005074000000000000000900290708300000060018070003000003800000900050200
120006003000708004000100050210000380800000060070000402700600900000001000950032000
000800054000000070050400000003000008901050000000701309100000000005009040870016000
020007190009000040000050000806100700090060000305800400000900000050000064200070000
500600400320000000000090000000010638700025000040300050007050800009002040000080003
090000600010700040002060000000803109400020000060010000020070005706000408005000900
000600021020000000086003000000000060904010800000070040800067010200300070000020604
020500000503010090107000050006038500000001000080002006000000941075040023000000600
000000400030000070002030016000009300020800067700400000000040001096002004503907000
300000010270580000100060008040070000093100000005004007001005700000007250000000094
000901000200000003010500040006009000740010020003000600070060030002080907030004250
205001000080500200000008000800000002400850060000900030000000703100490028000036904
310008670070000000605000300000005000800700560000039100000040050596000000004010806
009000005000020609000006040003005061901008050045003007000000000000584010300002400
018704000503001040000600000300000700002005001000030080080306004007000010100080002
061000000000070000004028030020000003039004001706980040000400500600000000000857090
800170000003200100004800002000060720900703000000080004009000000006090040070004030
000000120000080000800630700000000009410708030062010000070900300006000090000300042
000709030030000108001004060300000200000500009420000350000200000910800000008003970
000000000042000060000065000103000040000008000000007805200003500005020307006700900
060900000009000800008005004000402000600103050100060008073000080804000100000040007
510093000000200001002008000305000000004009200200700830070000000000034090009570310
000000002240000000007084510302970800001000906000100000700010603100000000008602000
921000800800090050050071040208360000030700060000080900070000001002000000000057000
030000800002800040010007002007000000000085000000630000000100000708206013001500964
000020040900007020008940000000002000003000000829700030000003600580000100400015000
410008073070540000000003000000000900137000080008000000000060702000090860060800501
040000720002180060000005401008002940004003000000000006000096000900041503000300000
003002089000060000092000073000618030004070000070000000000806090000900004300050002
870006000900001040000070062050003004000150000000000800030500109504002000008000020
003009005004000019000820000000004267040000000000308904000090000109050030500100000
042005007000402600000100000000060100006000000000901408300000079504000000070580004
200009001106000780000060040075000000000170009000083000020090000608000500000030406
004000900000001040000087030150000000000006700400500609000000002500023000609000001
000009730100050000000000006900003140040020007010007620050180000030204000009070400
008000000760050002900204060205800000003020008000603100000000609000000087009010000
100007000006350000000060020000406905000000300090000007700100000000000002380900074
050090013200605000000000046003004000600080000004002081000000000000000805090731000
000130000210004000800000009076000050900000000500820000004003007030001080008070500
000716008602005300008000000000000460100000090400630000806900000300800070070203800
007000018000350070000000409000006000020080091000000720900007004106028000003400000
000005046000280000030000001000000004800530000062000073006002450000040102010003000
000050032728000000090100000250000100307004000000070000900000060000060480000830029
009002000400080700007000689902340000000070400000060000000030006840000010050100904
035020000080007009000400000004080052020103900079000000000000100160000503702000860
000000820907050000100000000043720000000006082000100003000007030098000007020904000
470090020000020090000085000300400000500000714900008600000061000000500900134009000
020000000006597200810000700000050000000084509000720340050109000000070080040000006
000003100800900004000002579301009000600000401004000090000607000700005206530010000
009610200000094000000000000901700042080003000400200000200060050000008316100400009
300020000002000093000910502060090040005700000039002000007600005100030000000009100
400090000000000002030000051009500030006100500780600000000002000090401600520006008
609002000000500720000000840080005070003070000020300180002406005000000000060000000
409100000003908400005000020900006500008007000007510080002030090070000640000800005
300600900009780600210005000000000048400000000037900010000003702000800030000060000
007000060800300000051080000000090050100600000000100036540000000030001705000206080
000900020050470390000005400015000040034700001206000700043000108000000000090006070
100070000000042000005800000401000080000360001600000005200000607800031020070004300
000000100400020060037400090900030000000809000001500800208000400000607020060000508
008400600000000052750009000030600028000000007005008400082910000000004800900070006
900050000010000003003006100002000614006009007000000502024000006600025301000084000
000120000006400070408050003000090000300004090800001007510300026003000000082076000
600000030007016082028070500060000000800104000000250900000000000014900003905000800
000580009500000040830000001070004200000008500003000910020060000005120700900700000
000260390290000000000000001002500030004000260050000008300005000610038000000007980
000080047000060805506300200070028000000040006000000070263000500001400000850600009
000820040500000000007900800010000700000000600000084009080002050060409002340600000
200700300000280400007000000091002740003600008000040000106900003350000010000400000
000000000806000001000500800020003005600092100039000000390800000000740209100006700
001006307060027001050001060000050080302000000090000620800600030400010000000008500
003100470000090800080027300030000080000016000400000560054000003000040000906700005
802609003001000004300007005090005000000008000036100070000000900000570000040000350
000408200900702300000030000302006700050800009800003000004009050008000006006000023
000960005001000400000007089000000000000008652060004103000050061020000000800010900
065409000200060708000000000001740600007006000000005203050000080800000100000037004
002600000000000900095000080200008400000060003076001050000802000700010000040000037
532008006000000009700410005000300900003050001071900000980600100007000003020000070
070010002800470001050000009002000080600890050900000000000050000020000400019006000
030029000009000100020040080000230008000008090500001000080000460000000000473600200
400800000760020509020000300000500904007002000000780006004000001103070000800001002
730060000000009000905400000370050600000900040020000709050000420082100300100000000
510000300064001209902800000300200100400009000000007060000500804050000600000080000
001007059080009300094000800602503000009001000000000010000000470140030000000820000
000912000000400000208000005006890007003000009580600000000000490040001350000000100
901000034000000600304500200700020803800400009052000000000104000000002008070003000
034005700000920000800700650150800000209003108000000000070009004000000000000001297
074090100610084000000000600002000830009003000060051009000000370057306000400000010
051000000900030060670040800320900700010050040009000000500600000000700280000000906
600000090100070000400000100850102040040000000000005006201508307000007050007301020
000000000000600700001700320072006500050400079900005600000030000017020090098000003
004070603006000002900003071400530000003720005000000206000040010000900000057100000
200000004000000000541070020108703050005008070000000860700002600009805030000000080
900030210300000400004056000203000100000900000080007009000500601000602507060004000
001000800000002000030000001090081607100060004008040000000609050075000030060008000
250000001097040000004070093000080000000204600700005104800600040000908200000000000
006107000000095040007400009000000800013000500208050000005006700070002680060001000
090081320000000050401000000040098002000000080800207060600430000004000200200760008
007300000300000040081009002095700200002050400070080000064020900000000060000190000
800600000037090080000000739000080040040970000003000500002300006050001000000500801
000040000080029070500000013000000600619300000000007001000054000125000000090200730
100009007007000009030010000560000430000450000000080270350100082000065000002000090
600005900000160070200000080030004000540070620009600030050790000400001008000000200
000020107000005000769004005300000809052308000000000000020400301010060500080100000
000070000029000500408600002004000705000020608000709030703002000010000000590067000
070020006021004000003006900900008007000002190000570300200090070086000000000300004
000000100200007403000000070960820001000001008013000007500090300006080000090504800
902400005000320009000050010059004000008030000200800000000200000400003000503700892
983004000070200500002001000050000493400000000030090060000080000200600805000000031
004000001070000000910200700040089000080070063000500007200040006006930000000007080
081900403040800000005306700000603801000007000000000090070000600029000000000419002
003010006700002008510700000000000000090080307802000000009400080100037009004005000
000060000600000073000210000904000005000000080830700900000400010015020000340051008
050301007000025000906000000000030060803000000007008090040000705010900400000206008
009006000030010060710408000000000008000201034100090000061050000070000290002000800
090000000007006500800037006040805000000000400780000003068000010509400007000510000
000000093409000700600002000000000035500090040000007902010000000004700006396200100
040980000000000300000406702080600000000704010509002040001000900000070051300200000
004000500000200063700081000069000005000000370300040090000012980801009000070400000
000600020006203000090008000000901500079300800300000070720500608008020000013000040
060130050240900070009002000000080000800000000006000020050290063010000002000070004
080000000092007003100200000000070635000060700000004012060000007048650000300080090
000000008000001600263800700300000045008200960401000000040003000530012070000009002
065340000004700000000000021010090080002000590000006007007000000400200010080003006
006000000300100407009020380030050014040000000507030000008000000090518000000640020
000007000601000080000004532000005000900080000080000247820019000000640005000000006
010500004009012000008009005060020507000008000400900082000060070000201008090005001
950000008300004260204053000030007021000390070000000000500800130000070009000001000
500000060000748100000520000008090200000057000000000043490000010100000527605010009
200050070107800000006000000000040009000093501000102040008000090300000805040009003
010000000278010000003908100020030010050004020097000300700060002000007005005400000
000001007000000600007500004709020500080307000060080020040050800001000305006400001
200008010100000670090700082000273004000000000004580000000050000003001090602900830
000178002000000000009003107300000900000086000006490073605730020900000000023001000
001009007400570090000203001805000300063080140000000000008620000900000000040000070
000000401200940000000201600000400010500090007007003000000000700000507008308000960
000480105040000000000500600300000000090001500270000490002800050006900004080003009
000070009300908500097020008000010000450700000080002017500000400100004980000000000
760000000540089300003005020000200000100008060020910800000001090000600030681000004
000060000200000146010090000480020950000003010000450000001000700903006480040007000
030000100000700006020004700000006010501040000300800000702030005400009030000087060
000000006000040000900681040060000080200000401300020000004009800107004520020005700
000000000020049001600000354500000463000670000100800005000000000800901006460000910
086000010000376800700000093500030000004701000000094030009100040803000000100000056
060050070703000400000306008007000001000085004002003600600200000024000510010090000
400090800300074000010005030007050000600000090009000000000002900703100008860000007
080000090009050700070020100601098003000276000008000000000513000907000000500700800
570009036090000100000600000007003001610000003050900070008010009020037500000000800
000005648000007200002040050007001030050308004200050006000009070800000000030002000
000000769004700000080900010301200006400000500200060001000003000070000008000012003
035082907107000002800000000300006009009040700001800300000210000700600840000070000
900007080006089100000100700000000000007205000020000009075016004800900060001500007
000800001020007000004000953000200000050000030300000680002040000000005090580090060
430000000002000004000000580090400010008105000000002050300089700060000000001050200
200010645000800000006000000000709000002400003490000001000000097080060300057000006
000700009000005000963020000600000005700000020500030090108004600000200000054103008
700059100009600008000080095470200001020003000005070000040106027802000000000000050
090007800000051000300900100000000000106008904830500000072060001500000400080002000
000670030640000000080000000000508406002093000500060009000000902000005007407080500
001007502000080000340001000000000000007400200000005308602900054400070001000806000
900200000030080007000007014002003800003000760001406020000021070004060050005000002
002008090500000340000350010000090100000400005603005900009000600000980070080076400
008072300001050009900100804009000008060000735000080000000008003500060490000720000
000000080980360005000700001800040003004002600090006050000000000760050490000098000
008000007300000500060070894010600005000700008009004700500000000030910000080043200
000403960056002030002060000500820003001000800000000040080000000237000050000039070
098051000020004050405090000000000610700039025000042000000000000602000980000080001
109000700020008000400000980008010037000000002002003006600001003000506000040090000
080000054000087900310000000000005020107908003060300090000000000500000000400509217
000000608100030200004700001000059000000010704000403050400000000530006090706900100
000056700900000000070038000026000000010080039003007040000000100030200007281003004
005207090400000000090008300000010008000050030200964000010500040000000086000070012
000480006000260003010070080050703000000000020207000800005000034700000000640500102
000000030000900000715020049090000005080046702020000000000800000000603070208100000
090080040030006075805003609000300000500060000060700380000000000008001057600052001
000509000050700420903000010000900004500001000704006800000400000080007100030000240
700900000008000000630001020070000500200560109405380006300600001067000008000000090
000000710900002080030809000009054000001030026000100000040000000800043600600200090
480007020070400000000096005004000006008140000000000090069000810200700040000930000
900025080002400097003001006070000100000000500000052000600000009040089003000230000
004003075090000100000080300506000000000100000000030280070000020901870000005010004
000000900850700000000090140003608000910305000070021000701000090400000060095000002
060000300900000000048003057400900600000600090300720005010090500000148000000000002
000000906004008050009102000000900004050007603002030010000000100407006802060009000
006090000870000200001000030100600400000000058030008009000935020060020100000000000
920005300000000000000070009700100000013200000000730908000000281000690047001000000
604002000005080900000057000000008003309610700200070005020000600800500000090000040
310060000072900000060000050004000005030270000090300060000040621000018907700000000
800100400700020301900008000000600000000030026000080000000740600060000075003010009
003000500000608070000000324806020000010000630000100009009340065002001000060000000
000100003000000002059008000000090041103020079008030000000000607000904008500210000
070000900001200600060003004700050003000000040005060001300104000009000008400900007
640300000508600010000012000007001800000700000000050090000903650900000082860000970
480600900000008002002000000060071050200000007003052100740000380306000700000500040
020500090001400700078000005000214050300000000002000006783000400000900020060000000
000007300200300000700000029948000002103900080000000050000405008070200000000080760
003000500070084000500700001030000000001002060802003010000800009000000800010097020
000000000010247030900800700002600800040090000000000061400035007000000108000000200
006000403700036080050800000480000050300000600010009000007900540000000160000700008
140300000006000400850900006907040000000690000000000028500208700000003210000000004
000200600700004030300000907000060094030000508008100003400000000010087020057020000
020509070000000801000030000003000000045000002800605007001008000070460000000150046
206109000000800600000023050000000200028400060100030000703080900010000030092000801
400000600008000940005200003380060002000301000090000010120007000040009100000500000
910000000000000070007010002040000580600097200002806000000480000508020000000600790
306000875000500040904100020000000000460000089000037100001000000008040000020700010
098000400000000030006205000070300000105080000000000012003100907050003060000700008
000000205910000060800470000000020970500000000020008000080700500009060401060204007
200000189000000000130600000500700000002008003090000002800490000700002030010060007
500900000090530001040670000000800900030000005068010002300049700000700400007000000
000302000000700640006500007030900060000000021014000900000006109001039408700000000
000000603590000007000902100003040070001086040900300000060000002030805901000000000
004000030008040000700000014000004109800930052070000060097080000000790026000006001
000000752080004010103020000000030005000000000070400809500007900620000030000800500
200700008000006350700000100030000000007600090000809060000012500900007000050000001
000000000049020100001000020180900000002500409003000800300005700005600010000470002
000580000200010050004000270710300000008060000009000000050400009403008010000003005
000130028000004300004005000065000070270001500030000900002009000900000600140700080
000006020000540000619020000703004002028000153000000000530100090000700000000053017
006000140030400050190000000300000600060807000200009300405076001000001062000040000
405300000090000006000900000800010900000000410040890000059008600308070002020005300
064000500300000210000906080000000000090053000001800730200080040607005100000100000
000000000067003401000904076030000007720000580080000600040026000970000000800009300
060842000080000000700000009057900004100067900000000102040080000300000740000090500
000001630046009002100000000004070810000090043000160000370000020000040005090800007
050800013800051900620000008700090080000030001093060000000300000000080000204000006
090006000150090700300400060000062050000900000007003000040001930000700020600080005
300005000125000070070200008080500000030086000002400060001000003000070020800040500
000060050000800740010000200002900000070010805000350000006000300000084090007002060
030200759900000000040005020000008500050060002070300001000030697400000300010007000
090500000000076090008000063060000180009000302007000500010340000000090000306010000
010300080020006190056000000000000015900010000003004007000800700090070001200030400
000002000000030900920400000300006700004200308001000090036000000400001005580009060
706000000120070600090000000080006905069240030000500000000905700000010020807600003
320070081805260000007091000000009000000040720000000008630000204000000010700080035
080320000072600500305004000000001200000000014400000068020040006000060401000008070
080009003407005080903600000000130004608020000740000600000070009000800010000004000
503000020080700000004060000306000080000100045000600000000009050290000008700050301
003410600200097030840000000027000000000000005004073080000000020000030406000042013
090020010700500000000470800001000020008000047200000000030069002000100060050000090
090500600610080900704060002260090000000000000980005700000000000300200074000070003
300200070070000105050040900080003000000801700020000000032000059100000400000508020
006000008430920060000000940000080120301000005007000090010800470000014800000052000
000008000030100750514000200090030820200000301006000009000000006005080000000706400
000006000000010006020400090000051470039000500000000060100020000000005004703060810
000005310070100400800004050000800000230060100508300700082409000000000030000016070
905000006000700030000000710030004000080000672002009500000000300010006000000241009
009006000236001000000035000001000980400070020000400100004000000000009402087000693
030060200009000004000740000001000008206805000700020060003102907000000050800006040
000010305000060010400705800000000200000080000640200008070800964000007000001020000
006970008000040000100003070000700900900300605000000027060000300008100260004092000
000302560400009000603008007701000000000000009000601802500040006002003000007800000
090700140004006008000200600018004000402000030300800092500060000000000020000003700
000400000907230000000000027500000000002008153100000900200701600000006430005020008
007000908002500000000010720001000000805200070000903040000300600000470000500008004
000000008020090003305007009004702000690400800058000070003800010000900007060010000
001000540900025100086001000000500000000000700005094006008042000000860304200000000
000010005100458000008900030000000000209805007600003000004006980800000500050009002
000210009070600005000090000800000960250080400060000030037008040000060000100040000
000500910000000007710080000060290430002000690008000000045036000000025004090470000
403700000800040056000010000300000000060100800002000097007003280090000040000002900
000305000000040020006000007800620300001094000652030000024000010070000009000219000
000000041700000006801500007000000050490070080030008000004000100100620000002930000
000008004600010900000000020000700008102650000060002000709860000000040000300005400
900000604680000090501000007006902010000000000000007300400603782003050001000008000
000061040270003600001000800000030050000002960030056000710300094400000207090000000
360400000000000490500200706000010900009003001003008002800002000000074100010060000
000030000308090006950600340000007020500400000003002100800000000102000950000700001
000345000490000000001690080000006740010000000620830050000000070000008005500002904
700006000093400060000870530060000010002000054480000000006005000900004000240300800
900000060006023400800000052675009030000000070000204000010040980080000300000098007
810009002000000000704300000003400007007001090041603000400700500060910003000000008
006084000900650080000000500320000004010500006000007030800000000070001050000800903
020700100071209000800000000000000010003001900060500800040000000050103600600002750
100000020603000700500000001015006030004070092060000040000000900800231000000408000
020103900100009302800400000000092000002005060005380700000000000097010000018000006
000092000000800001000005294000000000053000007020000985205074000670008000300100600
000502008000000030040000000070000900500201700010096000300009050002003470600000002
100070004060000300009002000000006098070050400008000010205000000001025070000064020
000001080050008000480200007800000900009000403005000020320000004000470300600030200
700000002206000400400800090060080040040910000005002109000000300000300080000005607
020006030850900000900007000000309200030000600000540800009070050081000700005102000
500026000000009460000700000720040009010800005050003800070010534200000006000000000
560370000000090000000000007302000506600000090080000002007051324000800070005002000
407090250500700900000000000000400730080006092000300060370000000010874003000100800
140600023030000000000800000006201000050000002001000460000060805000904000020507010
100462009043090000000050000000005300010020000970040600009000061200010000000007250
820000006004007918000060030200000000030006054500400201000140300000700800002003000
071200000000800030002000801000000400080009500000004007004601000000035000026000700
203017000870000004000020000000005310000300008001000000900040700080000240105090000
000000000670008590209410000000931020060070080300082007000000008400000050001090000
120805004070016003000000000000047200003680100000000390080000000009460000300000062
070000003001006200800005007050600001030002000098000000005047000000000030700001086
000003010000600409000500708348000000700400001100007060072006080001980000000002000
001300000700050009000800500289000100300014002000000003020670405000000060008000030
052000060038005004006002900600000071107503020020000040000604000000000000000080300
000580002000040900006007000000001004050400006008000500300800005100000620060003090
000002400800006000013400008030000020080010003000680000070000090406900050300020000
406005000000002503120900406017300000600000090004200030000601007000740000000000084
000050000097001006260009000040600300001000080008103004034700100000000009016000000
031705802000004500000320610400002000007000000020800034000000000500087000642000700
000508000000000500100003047000000600000090000040602150310200000006009000402061308
090000600000178005005030040000450000003800000206000000002300051010005037000000480
000500206000701500004000009002000000000628000000905700020000008073006004401200090
004000009000000070750006400600002008030000900000000250905107600207980003100000000
003007000028600000000003900507006080004000060000500000910030000000840000000000270
040790005000000008020010960005000000000005684680400000009120047000008000000000026
000701000201900600000600590000200070062107000004000030900008700300000480010000000
000800000806007050020500034000004005003000600065100002600000000038070000000052008
000002010000700080310000009050004020021000700000500000002080004003001506000437000
000000530000190070628000000530000040009064200080305010003600100200000000090051000
009700000700300001048091003080000100053204000000007005000400760000008000000960400
000000385080007010000090027070004000600002030000980072567000000000000000400500100
208100003070060000000090408053400800000900006400000000030000000604000510905007000
009024000040000080002007600000059000070000400080000200000590000050800010001060870
000029308000006000000000100010005430000080700020340500690200003030900000008700000
000002900000000000030800725280000063000000000700040000500074030006105400001608000
000600730098002000500000000001043000840000009005007280000000903000070100200400007
070020008000100060405080001080009640000600720000000005500407000000000050006500092
009001002000508076100070004092040050000006000054000020930000000005000000006029000
001000670870000030300000000000807050400020090007000800005006400008302005060009020
705000012010850030030000080620000005004001000000000090001746008007500004000003000
006075000902001700407000000800000071710030080000000060000800005000540300001000090
000310000010004000890000200006208005000700010208000040000070006000100070003806000
005004000008000302100000000010042000030605100600013040000260907009000008000030000
000209000000000620600308704040000001000017800001006070730000000002630000506000040
006000705000160009008300000000008002000070000039005086090000001450000300600090427
009003000000017000200400350300206010540000000090000500000000070105000806000700002
070020000060005000009410005820000000900600008000700200400000009080003070000050046
500006004040000000000200508800090000000500061090000200000084003030002006006059000
000000000508004106006050400900000060060000012100070003000000004280040005670800030
000000000008070010610582000050200030000000007704003090800154000000090500040000070
216007000000509000008000002000000028000071005300095000000000700071004000600000803
000004090860002040300800000190000006500279003030000000000020034010000080600041500
010005900900000070007090003080100750700000006040000000050004000260800001000903004
003040800000500006000007030054700009000000600000003541000070000502009070300006090
900015000000003012801027000000080900060001057300000000007050000000000083002000460
090600300006000000400795008008010000004000090160000400070040050010302000605000010
100030080085400000609000000000002075000040010000000038304800900000000050020006100
050010006400005300060002800000200000009003000610400007000020105700001908086000000
000000006010800005430050800876100003090007000500060000000500600300708000000023704
050090063004006000000000150325000006007000000090001000000500020800000300002609004
000400300064008000000060001080072500001005002007000003510600000000020010703000900
500060000001000020060700049000107053200900100000005000940001000000290006000080407
050000800000001509400030000000085000000009025000000000071600004090072000800090063
000900200000060139000703005049800003070000012300090040932007600800000000000008000
200600070040901000009300080080103004000008090000070600504000007007004009390000000
003000200007001030000290040000080000100030804600705903206000000040000000500810020
018000000602000580000020030060407000000219000400000090500031000000080307080000040
005300000080009000263000000048005000000100005090080012000000009020040003000096007
000000000051000690800004100030000000000005780600000940085003000000071020090002050
006103008004065009000900000002000000060030807300700000500000060040001000670000583
062000030000006900701000006000074000000000003000100750807060005103098604000400070
080060002090001648000300000000009005045000097000470000800000000630800050004920000
960400030000008007000090400000000903170905000000002060000000710002030005050720000
012000830030060074000000200800000300005043080000000002306000000500200090020987000
000700004060000209280010050020003008090060000504007000000800070000005802006020000
013240000400050090920607000000000005004000810000706000600000200000900130000078004
000970000500800000080000637078000005060000000003009000302000400000250003000640280
600203800910070000042008000800000600000000180401000009065000038000300004000102000
000000872500086900004700050900000200000040030180350000000005000000200590309000007
020160000008304001100002000000403000005000007700800003000000020000000610043208000
002510000060008500308000000004090020000007003000200047000450000080000006070069000
870000450009400010000001806006340001490020700007000000000000070048000000050083000
000080000000340010906000000005000000800000900074900002000008270040100058610020004
800006007000000004020000090000070460000008000010905003009207050001063009000090801
971000000000000016000058003003005008005006900140090000500002004000780050000000030
002050800000064900050070000200000000300006400140000063000010000034500082007000040
240000080650010200000000190000000861000605000000090000030100007706050000000087430
000000000630080000018030900000060405004910730007000000073000000809270063020300004
200003100090005020000004000007300010000001048001000000010900072500047800806000004
500300200001000003060408097370000002098200000000090060002700500007500030000930000
000902000002051008003000010300000002007000050189700000690040000000070000700009031
082090370000000205400000001360000000008020000000030097041700000200000000900160002
106000080900018040000000000070095000000602005208700000000080200090000053705004000
050001308000400001900800020000000070108003000023070400002300009300100000006007002
030000000004500021051000800100000000008001050300060900049600207000070004000304008
000203000500000016007000040003009000040000007856040020000006900300000480100500030
000005000500007200020000300800090006000060090700001030006000500253009000070400080
000000004070204030102005006000000005027090800408030000000000510000043002601000000
010000000205170003300000097000000580400200010008503060000750020000802000590300000
240006000000000800005004006690802050008000000700400900500023060000508270020070400
006000080020000094030892000005034600000708000000010005084001020013400000007006000
021000409000509203700000500400000300000900000690700000002600100080000042060070008
000040000003900607008050040004300200000608100070090000802005006000002050040060300
150000642002000800080000001020000000340007000001030506000603004068090000207084000
020050010950070000000406000061003000002000980030040000000900008370000006006000040
010059000400002605009000200006000000900008000050030007000000410080500003200010000
070005000000040000804607300000000003010030467500004200005060720006000809901000005
705900800000021000090000000009000407501000600630000059020003070870090004000006000
700030001020000300090100080050000023000207000000064000006000008004000109100980040
000000002109002350000010890080070000200000960000060000028100400000087006005309000
600700040018009000000004015500900001000500360090086400000000600270000000009007003
045100090000050000003024006004000360008000070070500001000040009010000000000060425
500470000000006180020800000200000001070000000090005600000000003780009460040610002
900500013000703004000002090600000000050000402000000060000020086009307000401005300
000970050900000370046000008003004020481002000000030000200060000004200009060081000
005000300300000020094000010000108050008040000070050049060015004002007000000803070
000000000000040537000018000034006000500000006009700003005000010092450600007100000
400020807000000050030501000800000000009082000020390000010000305003400200045000000
006100090000500000420000006800400000900070003000009024009000100000900080030600500
070300400020010900860040000000006000009000070000083041706050009200790000000000800
050090000006200500047000009000002000725009800003008010690400007001080050000007001
082000000700004100500000020000460807000000000006201030000000700009602000060035040
702600130503040802000000000000700000800502000090004603405000019000000005070001000
730100200000700800009000000900605000000094000080000507691300000004500060000010000
010000060070000852050094000000100080000026400100903000603000000090000203027030100
900600800006702030000500004000100080100007000020080603400005020030009000500000407
050708030000900002009360400024080006800400000001200003008000190000001000065000000
320000680700000040000800000009005008002300000450201000000043001080000004001090260
000280000023000001800400030000601000630050000000070009005000092000065000094000007
005030020009010000003980000000000000000104007000067014800600009100370000000050300
700895000400070200000000000006000100802000050000040600000004000013009027670300900
000400062000726000000000310090000004047100000000005030000003025509000000600000040
070300090000000100003000050008100000004008206000009710060000800401090000000270000
009000000000090032700004010000410800002060307430500009020100000000000000650970000
000000002082070340000540008703089000000004000090030800079200000036008010000000090
030000000948000050070800032000907600096008003000000045000042007200600000000300008
007900040080027000005000000010000902000300000000009800100050070300000200020010096
080000040560002000000500970600900000304010000807200000040000010000001400000600730
006390080800000004030050000260500310000000000018006000080074000000200700300000209
000900740000004001003068000000000000018005030900120008750080009000602000000000000
300000002010000005905004003050000000000093001004706000000310000008020700000008054
000100020090000008014750000300000600070200000000907000089000070200400506501000000
010000030006000004800065070060070000007900002002040006000080400009000010003400050
400910000000002300030470002000098000102004800803000007000000401600001050204600000
020000000000009000301700009000905700760002300100400060008300600006080500000090807
030000009070005000069410000300000605000500008042000030108040027000100003000200100
000023010460500700002009080000400000080000079007008000010002030095007000000900001
000050300060030000300000024002070400010009800080406000070005008520000001000902500
005089014000040800000000260020400350700001000000035000600900000890050000040000008
000040008032096400000000200206000054070009000080000000000700800150008003000360079
013000072000000600602407103700800060000045000081300905060010000805000000000000007
000800000050002608010750009300006000000000000000400780000209100080030050420000000
007012000003000704100090060700003000900008100050700200000001000320500800000000950
092000000730260009000400060009070800500010006000050000000300004005000100408000093
040008000206400009300000600007000010000200000000009580010000003005000260003894150
308000004000007028006000030000200000000400610100038002050600000000800401810520000
300009000000100005050020830130400000804001000070000003000002400005070920007000081
130000000000056000000000539600000780003000001940007000060704000000009670000030150
050809600790000000041000000100005020002000405000400867008300000000010000019007038
670090200000000000410000030000000010009200003000054089700006000002300090030040500
800600300900000021006040000510070000420000000007000030004002090060000180000003700
000000310000003500400009006901000000000000085006050021010030060008020000007600040
000680000000040908060000300003100000045070001000000279097000105000705000000002490
800500009500010302073009100020908000300600900010000670090260000000000003002004000
580170004100029080006008007300000000900006002060000300000502000000000401701090200
500000000007000040000047100090500007000006900001009020002300084063000009018000300
170030000000080005000000030900206700540000000000000008000700050009460307080002001
030000409008050100010008500200600040450030000060500000000080300070040060000300020
000000900947002000000000038090580100502307000000021000078100000000403060400000750
030500000804030000000009000000600040023007900009000500005900301001020080000006207
000000400240070050010050390800000001000007020000923000502001000980000000400600503
400600003000070060000405120010900540900300080500007000200008000090010300000506000
600008940002400000000006203007100050003200800045060000000000300006009001800300006
000008014000020007580307000000030200205000003001400000008600000009080600340000000
000005209104830507000007080000608900007000000200000100001420000400000000008300005
030940050000200100104050080002460000360009000050000020000000007001700000095000600
050008000006000008070351000040000905009000000800200001000607109003009040004010002
004000000800009000060004500070631000600070020000000800000000705000792004003080000
207530601000100000000060090000403000402005009700098160000000000503000400810000705
000059000008000005901000080500068007000400013800000060100007000070093000629000000
400003800908021007006000020000680000100007000002000000000040001000800069003700508
001060002000005004000030100423000050000609000000000010500006008106070300708040000
509080300000500046000000020000002900001000080460000000000200070030000050008003401
600004102050000000000710000204001000700000006003906000001200807000007020000590000
030000002600420007050300009000006000008000900069100070004005000903840200070000840
000005900000120007703000000005000302030000000010000854608000070050084000000019400
900070208308000950000800000700000801002007000000100003040000000009000040870390000
031000580004030000000890000000000405300040061000020090070300000500086009003001004
063000005000008040400005702200010800000020063650000000008007120000280300900000000
080070000900203007000600090200090008400000530607050000502000004000407000800005920
030070000080301060004060500002506300600800000000000020800000004907000008000200679
050040009070600000403000570000804300000000000600701090300000600920000408040020000
000020000090004210000005408605003000100200006034000005020000500700800009010000080
000809070702050000083000000409000000070002003006005010001200700500900186040000020
720000009005000006800009000000040050006020000409000007580003040000100082300004600
000004590000000004000510083900000600400209105002008000007001040040076000009800000
000000000009800501160009000584000000000300009000050007000000712032004000807090400
000540001570000090000002080023090000400080300000050702004003000081020000090004006
009200060010035002800700400600070500320008000000000823000600040000901000070040000
000003050030009040000100008250000970040200000000006002003020400700000006090080001
000000502600007300000520080400006000000370010025000400019080000040002060000700900
000000650470000203205000000900000002000076400030908000002403510000005006040600000
050038060000000002007160000000300050102007008490002000000500900089000040000000001
100040039000100005900000048200000000000098060560020704006034000005600000030000000
900700300407010050061090070004080001000300000000000203600000000000002000100060790
040000000008020603023000000000300700000052009000809500500070010206001080001900006
408003020000020000900004186000200047060000000004000910600480290009000000003070500
000030140054000008000200500100005000300000006060003080001000907090000000006008013
006000009720000060030020700000800000167000020002000105001706050080030007000004030
000600080500007304000002010000000008014300000720004000000030607300405000070800005
100760400090200000004059300600004010002000500040000900008905030030000105000100000
080000024007100053500000000001200000050003006600009070100800005004061000030000008
050083000000706034260001005081000000090000400000340080000000057900007000000005002
405090017000406090007000030053000760700002000006300000080004300009050086000000050
000000041009008002047030009000050007000200050006089004100800605900000700500003000
430009000010530800006000400000000509000090036200005070000950000002400085600001000
000450010000000000000079000000000079700026540900500860601005003090800006020304000
430509700000000900000800320860010400900000180000007030050400000340090800000020000
000020100103007604009000000700000900014000008000190200080600050001075300030200700
000700015050200670008000000000000040000600000914000200000003700000508020301029050
091040000000008005000061029076050004400000500010300090100000000000009000548000000
082050790000908000090200060203000000049001005005003001000010200107005000000600040
900750400700000006000400010050300080000025000000010600002006104007230000049000800
064030000000190500000007800000004008700000960400003020000000015600400700078020000
000050080000000200003040005010003000200004000080000610000000050004809067700200003
000420600810000400000071030045030060009540700080000000600000900901050000050109000
200000670000030000000057000940000300060009050000081002005000000000008010803600009
000030607000500900100006040000900008208000000900000070000800005805070201070000006
020000063000010080008900000000068070089000500700001030000006000004200700301009000
008007000100000700000003019200809300070001090050600000006040000083900000000000602
000501200540000009800000003600200000370900400000004012060300020000000596108000000
000070000000500004400091250800000060026000007704050000000037900109400700005800020
001706050040300060000000100079500000002060010060402000900040001800000002000090730
275608010000000006004000280000005000006100050018000000000400060800002579700000840
800050100000000406026104000009000043500080200060000000000012800071030000000005900
000300029000098000000000307000004000002075000430000001000001000905400000003006580
102070004040500006000400000000800000705000400400000050007090030200050009300001080
400130800002000000030008000003860900000000320800094000600000070007600201000075000
000702000009000003700065100000400500100050008600000042045100009000000000020009070
300700604020000379000008000000007000080900007007000912060010040009080005001400003
000630004000000700790400201802000150006800000000000900000109800060002003070000000
000320600906000000010000080380010002002000000000680037800040000040009000007006014
007000090050000030300700460040050900000000002980010000000100000008400001000697300
000000010521000000000900407000030150000004000008500902600080090000740000807020003
000046500041500000006008090005000900400000008070002006010800000062405070009000800
004007000000000130001008006000000310100450000000803009830000720000000090002634000
800000000000000481000020030000080546700203000100000000006009000091000000030670024
000060705730001040000009000000000010010000476040000009091405080280000090000200000
000004600700002000540630000000009001009000074000570930400005020003100006000300008
250003090000200301100000000000470009071000080000000240080060000003090500060100020
007090043000500000006040007000060300000421000080009000001000002305000009002970050
000402030000860009020005000000000570100708400200000006800104007090003010030070000
605100000207000080003000900000000700004058603000740058000006800500430002000000504
040020900000007500010040006050000000409000235200600010300801600000030000900000080
000000000060002905405000012080000007009106000500240000000700000600000008700490026
000004000009000400010692000040020083280005060500900020050008000800060100006700000
600040002803060070090700000762000000000000420500300080000000930904056000000000008
100070034060005700004090005000200000042700080000030620000000900003009007050000000
004001078030006000000020000070000590092000000100005060000800040600000080017090600
000600800205100400004829001020500000300080007500000080030200100040000006006400000
200510007000090500006000002700009000540600200080004100005160380913000000000000020
