Seed: 1640217847
Cooling schedule used: t = 1.440000, alpha = 0.999900, cMax = 500000
006500000300008900000000040205070400004300560900000080002040000070903806000200300
004807260000000007000069000080003000700000009306001020061300050000008030000096082
000006003206007009710000000604000001000000070090050060160208000300760000000000300
008040005003009000400000007079004268016080000300000050000000703001000080000391040
870000090204000100050402000000005000580170000300000050000028001060500007000960040
090000050704000000000008000050000062060005084008300000000504097001072405000080020
000000008907003050010020000000000500520000406000002030080000000003001749000094002
406000790000910300020700050002830001000007035000100804060005000000080000007000400
000000300001070290504900007005000000010520070600010009760040050000000400000306008
000000473000900000047150000000080010071060309802000600094000200000000040003600507
830000004700000002200701006000000300040600000503020000000050400002009100480030950
000000050900004010000920007000130000025706400000000000800043002000000600230001008
900004200070005008405070390000600010000040700820000030000700000010006800000809400
201005800000000000560009007000043020078000000000000900014070306000090004607000001
800900051002000030300100020900002060000380000001006005400009007007060000100830000
530010079200004300090007000002000000670000008000800010000000824000700600065200000
209001003006003000000600108170506004000002800000340000000400010050007090300000000
100500803000040070060300000007230000006000401000090730002600005004009000000005000
084000009530000000007304000000600950070805000040000018420003600000460000050000130
000020090860050000003040018039007002706500009020000100200900400300008000000000700
000000000006430001095060008001206030083075000500010080300000000000000046067000100
000000010510000060003020000800030092020106070069000300905700800008050700000000000
000000000240010087000030501000960000080040070000000003600800140002000000001009305
005040000060000020000000530040000071190000000056073040000010900003000007070065200
000002500019087000300006018900400000605009000001000002004900006000005030080010000
001080020000000005600940030015204090000005300042000008026000000000300000000000086
009010405002000000000007080100608000000090600080003500640000832071000000030000000
000001630000450000010000508000700060600100870031000000093000000080030029100000087
000006050070200000010000400004007530091004000000500600620040005000801000009600807
000000000020047085003915000000020004000600800015080000000400030890100070400000008
300024906060010200050000074000000000006800030000301700000000820704000050001007000
853002109000103700000000000780020050000070000530001000300000008000940021200000006
005000080200000006010050700009048200300009070050300008000901427000000030080070000
080930001005470000060000080800000104052000030000000000030600005000105900040080007
003260950000003000600000100000000700092500004100704300000007000000050039020400006
000030000034100008090008060000000000200610090080000005000020000500400907002560400
000007800080001007305080009000510000500040070000000600860002000020070000000490001
040206500005000082000000370000300905000409006830000000607003000010050000000001007
010000000008500600000400030730001000000000790002000040090070450205000800007006910
007040600000000048000102000090780003600200005080000000016009570002000000800054010
075000000000200000004006500002980000000020106100705000800010205009000003600070049
004030900000000008000800307500070030030900002070040005000509000009008004006000010
000000973740000800002090000074800000000070001000069000030108409000200008006000000
020003408680000000000008007000690000000000300090002004207500030500000000003041009
800030002600410000030050000006000049307900010050040800090000084000000300004100000
090400100301087006007000000608070503000000060100530000000001009000003008026090000
000010000300009000000653048400008100002000450030200070000000507000904006020300080
008470000000060010097010000070000005300007400000800001003000059026000308500920000
000803000000000030005000010000409003000000702060500000400000000200380060071002409
002500006410000570790000000000310704040900002000005008000000000000600905601040020
100002403006000012000050007070800000980104070000039000620000509000000000058000000
057400000008003001100000500000005603040100700000000009200040180600020004010000000
400610200506000000080090004000000000020300100900508007009000800601000750000104000
090030002000200870380000000160080700000600000000750090000005308405020100020000509
070801300640003018030006700000500809003100000000040560700000450000000000904000000
004000300800069020520004980000002805008010670090000000040000253000000008003000000
900060000230005980001900065000000000020090340000800750000700000300006070700201000
009007000000602100140080026503200000600005310000000000080050000004006000006400508
400009000020007000005280000108900200000004000000500013000400700060000051007000824
000000000900000850300000214000000007000980045064500020000002000538000000090050378
002000080600000500300006009000067043470000000005900010500000000801054000060000300
600392007040000000000017000007006900005000600002000073000185000030000050000600408
000390007807001000900020010004700000590000080000000030006000140701000903000400200
160009000050004000000200800900400062600000004040000070000007090003050100200008407
030800020050410003009002000306100000092038105000000000040000001003000040980040036
703004000000205400900000000000130008800500000060000070090001506000900002020003004
100500000090100380000004000805020000703050100012070004006000030000900002000610400
070002400100690000026030000600000007000400020703000090900003050007000003008701000
800000060092000350000108000400690030603500072200000000008070000000001705500300000
030080010060050004000002300023040500000390040700000000100000035600200007070000080
000601702000000830005080090003760000006005000080109070000006000010000005638000001
102000080040010300000807000000000406000071050039050870007000000350000600081009000
000300046079000010000028000058070204003000000200080509080040007001000600000700000
000050061050003900100009400000000840005390000090000002021070096000006070400010000
170000008000650904000000000000500009020060000306048071050900000001300000200000050
520001000060070800000804001080500470009000052206000010007008005000000040040000900
190040050307001800000000029008020000040000005503900700020000000400010900975400010
080100000070020090001000706003605007010000000000408000400300900000090280900000000
010002009000006080603940000000804000700020050050000020079400001000030000068007400
400700005000004800900520003750000109000305000000600307810007000000060000500009004
000700000800020000000000134030100000007000900500400760002000489410006200090002000
000030070010086900000000400009002800000810040030700000008000250007000030402000000
070810040009040020000000600503002000010005000702401000000900370000008000000004012
000000002104000000600001030050020700040030050070900000005800024010043890003500010
180000300500000009000013000004058100300600050009000032040000008700100000006705000
600005200000900700430070068006093000000700001001000000570000000000000602000020530
500040601000007005100000800005900104000300060068102000070020000001090000009800050
000000200106000097309008605600080000010603000003040000050000002900071500800000301
100040600800001020000506001040017000000020000000498200010004006209000017000000800
041900200000000007502000008200000800000005000900180045400007500090000004037050100
008000700003700090000423006106500080900040000005008602000000500000104000007000300
001006000000049000060000092700320000080090200910000008036500020000060007005000300
003700205000000000000620040000000000025800900108000300000007030009053017050000802
000008030000210890050000000304900028000130900000000000006002070803000600500090100
000001703000970000800050026004300000680020000050000090200000300016002000900700008
200386000040902000600000000000000600060700830904600500500130092002000000400000006
000060042020000005790001000500000090030002000006010004005030000900600300280000001
030701800007300005500600300000209000800000000000000562000002001605000020900070050
004000000080000010000005630000002080810097300030500000047000000100048020600030700
940030002000001000800900007201005068000270015050000000100600800027100000000000300
900008000008290000003400100007000002100004500305120000090500400400000680070000000
000069030000040002900500000004000090000083007016000000003000610000007000001052700
000000007000030812000147090070501000905000000000000600046000528100480060000200040
680349200200000000430000000000053409090001070000080000002600004708090000004008500
500270060060000040000000300000006800670020050003700010034002008020000570006080400
007000001950203400020000600001060000042000000000000008700008100000500000804007206
001070000000109000000300600047500900090000030005000070030007000450020009609004003
700008100050000000040000005001002000095800020300000701600410000002500000000009670
610005020074000010020030000000003000000100507450070080000240890200000700000007003
000000040710000000020010930000070300002000408400036020095600000000520700006003200
800704900000000870005200004061000083000001002000020000300000000090008730000100400
001000040000009000070000300000500160098300007000870000060903020700000006509001000
700000000090600008000429003000046300069000000203007015004500009650000700000000000
000800390000050200702000005003064000000000010015030906061508000000000000230006000
000400710030000600010009400620001008000060000090000070405700023000054000000130000
024090800030005000000000007040086000000003506007000020001000009092057060650020070
000200081008006000000300450040600073002800600030001002090705030000000000207460900
003008040070001098900000060000507010400000000010946050500210000326000000040700000
004000006906000310300700005500000001000030007000502084702001008100800000000004000
060040000000000005400030610038007040001003002000009080070000006000700001002100090
800000069300000020000450000075000240004905000000100000708030900060007000000200050
090000500000007246006000008470000000000000080080002630200048070100006002300000000
050400081100009040034060090003015000060000708000000000000007902602050000000601005
000910050120003000009008010046000080000070000300000000004090007002000008700250903
940600002003009000000700400870400000000000509004030600000005000037000005006890000
000000600000000953007109000005070000080913400060008300000060000000750010004000020
060200100010060040000080309050800003800700600109000000000400000000072096000003250
472008000080600000000910200040003008000000500730000900003700000000000490000082107
080020904005000060000950020500000102200497600000000070830700090009003000000100000
000007900170902000200000406030000000801000000090700320005004180000000030028300040
080290005060000020000000000000603070278100040100000000307000001090000200040006097
900400050056002000000000020600007089000080400005060100018000900700030000009000706
010042000600300009400000805003090080900761400000003700702009000300000000000050000
000200067690043000008000010100038000800500002000000001040600000000010070002000500
200000000050071000000340007401000038090030070000090040109000620520000804000005000
000070005310000006000300780030000098000405000700890100100060007002000000080021000
080060000100030040000000015000090400008500002600007039057006020920700000003000700
402500000090200080560001040200040800080000600001000370600900000000015000004006090
000000004009100800010006000090348057000079000340000090080000030200004000001500600
090186002000005807010200000000010000023009000050700000000000004140053000702060058
073150002000007000008000050000000000980000310201900080800402000009060200400031006
200007500000090030005206700460800075000000090090030000000000060020000310706000400
005090003300600200012000000060003400007000020100002900000900300000018500020004007
096008000000009030000060070600900240000815000000000007005031006030004001002080004
030180000600004000000500020300070000000631400090000170000000700800400000054008610
007160000000950600050400008502001030100000050800700000700000196000004200003000000
042000090700000100000062008050003000006200031003040000970000005010400002000600007
300000007500076902000000050000002630000000000704980200050000060070100500900000004
070040000005000002000080490020100030908300006040008000080401000091007300000802700
000000000905027010004013809000708600600000070039000004000030000000001296001009000
000002765067430000020080004080009500000100407090200006040000008000000009300000150
000001002000006075370090060081004600000000000900000007008030900126000000000217000
400600700005000200010504000000000008007041360300002000090000000000000002080060071
009000001080000207005071000000000600064000180020040090000300008000087000100400032
400030690010000004900000002000200407002006501000400000600000080020500010008600200
030002060100000000020184000000006409000010800000500030080950100002008000000030007
200000030008046000000000100030700010800300079009018004720000000000090600900080002
560020400000000075700400000390000000800057002005100008000000000400010390000930201
004206010000000006000000489900070050050900208080000000240500700079030000001090000
000210400005000002020000069009160800003070040700900506070090000001506004036000000
090000050037000010400027000750000009210900700000200004070090608000060030000038000
030921000000000010060750000007200000090500007800000450000004700050000030100600900
260001000000000000000400003050000000020000751001006030400050000700060900008910640
800062790705100000040008000000000001002000000304005920027009006050030800000600000
180905200050100000700000160006000000007602080090030000020050010000003000008070000
000000004090402000000089200035904001800700000200130000100260040600000050020800030
010000500600000004090600800000060320008400050005310000000079040000006002400020700
080702003004000009000000060000004030206070005000063180000000000047005000009300006
000907000700005000061000400000040001026000930500000607000078010000000500040103020
001060400020070006090405002000006000600030900007009004200003008003040000005001300
700009000000650800040000020000403090010000060260500000000030600005900700000208305
046005000000090310010000069002076590400002100000000037000260000000001708800000000
007610800090000060500008000000050003760090004080070900000000016029000040000042790
804000000050300640710020000000000090020001060408705001000040080001500000000600305
000100500206009000009400600400000000001000049000806000964020070070000000003008001
000007856000300010000600000000001004060000700010980020420100300080040000300000007
060007109400000000015000000000001065003200000700400000000000030070904050000065980
000080030400000750700002004002003409060590000000208003807000000006070200000039000
000741002900000740000020060000010203001060000000800007017005090008000000400003070
000000804940000030000006000000312060005040900000000402030004007502090000008030000
000800105807000000090050604008020000400000007003106000709080500600040000000007060
002930005500080300000000000000020970000000001071000502930006010007002000050001009
590630000020000010000020900004000079005067800003000006070004050000870090000005300
054000200003010900000085000520000000090052003040009007000090014600004090000000300
703000006000290014000800000010000002007500100000048009900050600004000000001700390
100009430500000100000000070059400600000907000000060500031002056405800002000003000
700600123080500000900000000005000600040002010000003708006200074000914000000080000
900080010030047080000600000003008002070090000800021300001700000086004500520000000
060000710001000008000400500002340005107008004300000020000000907000062100000830060
060050040000400200051000000000000000200003910809000702500600870007030000040002001
005006410080003000009700500000002000600947000000000060300080040057000090900600308
700015000030020100008000009004003000000700800810090024000600200500001746002000000
004001006050600000072500008007000030001800950800000072000007200008100000900003000
000000260003005000801600007000086020000900300100000008037209010000040000650001070
080000500500604709000800406000000000300900062028300000050003204070000003010005090
001009030000048001005020000608703054000000008030600000200401070000000003000090020
004500009000006008070000030900080000067300002800020305050400000700030010000000070
000000030080006002900020000003000400200490705790000008002087060030000000005001000
000570800000600009506843007820000070300006010000730000010050008007000340060000000
800000900000004000027306040501200008000001563030700010170000600000097800000000000
000001050000284000106093000900000508018000009030010020000020005000006042007038000
040000050003000179000006400000760010000900002006301000400090000590000000207605090
001060000005097260000000930040000005000002000680005090007249000090070008000000000
008000100007030050000007006000000005100003060000050900051040000000390070230008010
030006000690230007008040300000070900004002000180000005000060003359800000007000080
900005100260000509070300600000508000020000000000090000607000040048001370000804000
600007000030000020007000084000000900918020000064100000002730009000000170080001005
600007405400000000000005020010000038040070000060030000800000002030108600700206900
200091000000000006600007409000003008000410760075080010710002000530000800004060000
000000490000020300130800000007080000040500002009400071204009006006003080000000000
000007000090180070400090850009000004000368100000000605960030500004802001000600000
000002000083500000740000500400000000000001300006053801000000100000300009908406002
008509000001000000400180000000000100085070006600000092534006900000004060060000058
380009000107008690406000000832007000000020109000500000000730080000002010000006903
000800006000500700008902000005007060132000500090001000060000000023000001050009802
043806100000507030000201000007000059025000000900000420206000008000000007078000090
300500008500023060004080300700250001003040000000901000065000090000000070007095803
002850100083000097010000000560000200000600009090010000000500000000007030109030840
930000200804020106000070000400900000020500940070000500041830600000000000060200050
000006500000540000201000000000030080090000073100400000800650007040002100010800600
700000030000190020306000000002070000000304005050000400004000100690800002030402050
001000940007000006000006001860000000000000235040900000026300400380700000000420007
020000605000208300007003009800000046000000100000094070090002000600109800048600000
002006000580900000907020040000200704703080000008004000000500430000010590020800000
000500210002060000090800000005320000080000009036000070300040000000085030174000050
000008000040156000302000000700004006209030000000000000600005030030200590400090070
710090403000040500300007000002004000000000046000030007690000020080002000500800100
060002053002000090390070000000006300800030604001000000200000040070400100000103709
000000000046005210000030800030801097001020008000500100600000050005080902400900000
043005000000030905050600003000000004125400800006100000000709020010000006900008700
000000003809041000003800000081007600036050000000000020100700002062009035000600009
500060007010000630093010005002007540000000070000500903030020090004300000071000000
029000700003006000008107206000010500500370060000000002000001020197000400000400005
900603700000080000020000000200000030754000002060700090070090450800200100010806900
020500010000923700003040500690000100000006000408001007009700605000000940000050000
300000190000000047800007000207010000008000050000370060500004300600800000090036500
070500003006039000040000090805001040000068009601090080050070030002100000000000014
000008000100000009800170200000000006031040000900201004060027000000600050043000070
041008070700000031000060090090300000004006200802000013400000000000073050080000060
002800600060500300005000981000700590200000004080300000150608000730000010006000000
000000008402050090010002600059070480000800100000000000000300050003600000901005070
007009006000500010600083004006020000021007350003000090050000000000690000200000405
000009008000300000004050970030700000000500090050004006070001040900000102010806500
005709003000000201000103040003580092900074000000000400397000000000000060062000700
000800300301720080002090000050308100709000063000040500403000000000079000000100007
000000025200031000009850700080010000000700230601009000000060000420500000108000600
005008200100960000009014500000007000030000720000500001870000065906400003000000000
060040001000007080050300400600000059000000800402003000000000004000050270009084000
078600000100504020000000840004206170000000050000010600200300000006400010000905260
453100008020080030000970200001800009300005600800010000010000000000090800900030050
078000030300051000050070004000300005590040800006000700000180920000000000000900470
403000000005000008806005420010002894002030000000900600000040000000208150000309000
030080000245003006000070005013000700900010004000036090004000020028005000300000000
000000000020054000604000002030900020090508006000340058000030090800190400050080003
700001000000400009009008540902004080000000290006700000600379000000000074830000000
750090000060004200000020000080000010000806000024000700000410300040200008209003006
004000070300000006000060040800006007020070008005240003040900000038000000700080015
000070049027080005001000020014000590090007060000000000000700002050602980000045030
002570010000000008000030000098400061070000000004000800200000000000023040001008076
000006740007020308000043060050000000071000000300009600020000000600004952100300000
001000090900800030000050800070603089000070003000280000000300047563000020040021000
008001040004630007030000000050096000601005020027000008100070935000000000000000704
030000502000100008057600001060000039000004100000270040001000000200003000705040000
060003000400008200050060900001080000000010090040000007080005700600000021003700060
000900042006000500008720900007201008000000050003000400000057024010000000080040130
000200708902000500000070004050800100000045000700010030041080900209000080000000010
079210403000030000031400600004009100000000054690000207000020000708000000000001005
074000150900000000010460000200000098050000304800090720000721469000000000000608003
000024007000908000003000000980010050200000609007000000058000000006700301000083045
800000020005020000046500900010006000000070609700000040009030851000000030008400200
000070001803005200000000540300000000071000030400690080000200600060000000090401000
003000006040090050001800030007000900400500000000200604706001080090420500000000001
006000000300002000050010240045309000890050070000006000000030004000045700014200060
005040009300200500000006001070300004409000730000000000046020000000700002100000068
030400000000620040040078602004000060070310000020060500000205008000000000900000005
600070004030000000420300900000006400004000590060003008500007060010008070000030800
007003600009000007200040500000064208000301000000000970400007000120006000006802100
000000000100000060300050741910080000800340000000006200000030085003678004000000607
003070001000000009000008070300001000542000000000235060068009003400000700000084050
500080000000300001200140080000004370900000000080005260890000000035209006060000000
000900000070000015800020090015000006000390500900107000006000004080000037200000000
090010074310000000000000013000500007100470500057000000000002030070685000600001400
010700090600000050400020300200017000000000007080600400050280003060000085900000200
000000000020000000906080070230800000000090000180003605000900500000070820010005043
090008076500009300000073400070000000208600000001000200000030097004080001050000040
300901060000060002069002530007100000090000001500090040004000050703080109000000370
050600204000102000080000000060007120098010060500000800005060000026408090100000400
200003000190080000000500003080900004700030005040000806000100608015400300400000002
060000000000001300203000000080003000006000005004679000000020061009307004005040008
000062040005400070200003800000800600608000107007000005060000090003025000004007000
200040000580001004740900000000000500008050060000064008000070406076003080900000003
030000000700906000900200600003400007140020050090007000000000005009030200000510384
006800501030010080001700002069000000020009065000600820380050000000000050907060100
800004000100090560003000000008000030000020100472083000900050428000006000000000079
000005802400068070506070000003000000020000006040807000100003000200050700008000049
006000007000000005000071690090000060000087100200400000350009200400000700008006901
000500003030002008090000612000060000000007064809300500016400000305000007004000000
028090406000000000509000800005002700740300050000050008060809001307001000000000200
009005830100070000000260000000090050010003002008000007800000500024000100500007040
045000060001000027000000091000938000700005003006100000003090000000056072080007000
009300020000000000352007080020030000500800300600009750470000296003006408090000000
000000000300420100090000506030006400007010000006008070000500000600907080500081002
000000001005000700308000090200150300001032000006800012000300008060007503400980000
071400008800000030030200170003100045000023000900050080000010490007000002000006000
000050000000903400000401000700300905000060004060098030503002810210007000000000320
401060920000000080000003006290380600300002000086900000060520090000000000002710004
093080020400063801000050000000000000009810050080294000000009002370600100040000006
000080120091000000600003000000500000400079083000000096860240000009000400020000050
004008009007140008000005300010009600600402000000300000400071580000050102200000000
008000900020000738000096002010000070700020040094003000137000065600050000050000090
040003700000010000900008040590000006106800000008200057080000070000035020000600005
600807000700030080009200003000500030010000070200300900000108040000650007000000609
004000907700200300801090000000106405008300006030005020000672000090800000000000002
007030200250060700809000000000080520068000000500003090701900006000000941005000000
091500000002800009400036080050000800040000000000083700000040010000301600037020400
900000010002000607004106083700000000000005020010002406000014000000030000009060200
000060003820004009000000700059803000700090001000000000240050000098000360503006090
000017000176035040000000090000000070082090000400071000200000700090004010000500008
000068140000070090001400000000000009760000082003002000090057000400000305002640000
001700600023409001600020300000900006002000500070600000000180070000000082408030000
705030006000005370900800000380002004000081600000000000800200700600307102102000000
000020009000000240860000000008000050609508000020070890073010000000007000000049306
080900000070600040435000010540000000900000005017006004100800050000020000000017280
100030650090000700000904030069210000001008003030400800008600000026500000000070000
000000000600090130450000006000300607004002000000000800200905040000030001785010000
050700000080050092006000008900042050200000400000090010078000000000000100500304060
700000002480000300030500807600000050800006700590004000000000403000018005000003019
008003007002009600000500090040006300000050100530004000006800000100090080000000705
010700600005020030809050040000040070000000900007000061300805000060000307050009000
060500100090004000500090007000100082008000060470009000850020000009000020000407005
075406200000090100000000905031000020200500009090008007700300006000060000000074000
810400670600700000004000200000306005072080000400007010000600800000000000107200050
000007540000600200200050060900000000430009000001000093600100400080305000007060032
084005000010000800005019043000000000000060309090000650500006000730100000000204080
000000940800000305073000008006004001301507800000000007004005706200900000000100050
100000098000700000925000000800090200040000056207063000000000000000006820009071400
007008009003100405800030100080940000000007000000860053400506090000000500130000020
930010006000630000001080902005001600003704290000000107600008001500000000000020000
000920070200008100049006003000105000000090860500000000005000090600000320021030504
002000070004000016901030840008050000007940001050000000005000930200000604800700000
080010200700005100051600000004060000000700020006041870000803060060090082030000700
430010708090500000700080030000000600047000023000900000002000090000700005083005010
010200400400090000000000000001900085003001009090500200800000010060402000300075008
000000810907000003000004079082060400030000008000700020000300090409000100000650000
000402006007060000004010083690300010000001007300000605549000008080000090000800000
070300090000805400040096002980000000307000000600237000090080007000560000010000050
010500009003200006809000700326080000080000000097060000005000100000170063000000020
082400000310008004400060007090205031008000000000010640000002900900600000000000003
710340900500061080000000000600402810000000000075100040000013200000000700304005006
000080037040900000030000280219300000006004000000700000000000520102009800003500009
400900080000003000070020004000000001000080400084015230000070320003009000002504700
009000040040580000000000105002300600090000000050100080038092007000004003020003090
001000903000009500020300000600000007570010200002000034093047000000005000000020090
500010038800000046100000000300700005082030017010000080050060000000205300200903000
800000601000104200060000790000407006300008000000000850100800040054000010070000000
000007020008050140060120000120560700030090000005800000607300200000000379000000008
080020700010000000000007006096000000708600090000300040100030000064002010300401050
400080005000604000090000000026001007000370006100009040002000000605200004000740502
000627400008100000050900016010000000400000208000000060060001000200070004900560070
610800000004000580000037000000000100000900007020008030006070090050000300080516400
000400000002030004000082730000003005801009000204500007008000010000050800090100600
000000005005021000000980007600000008507600400003008000001050249002800030060000000
500002090000109000700605000000006300089004000350080020007900010100003000000000540
140095260300060490020000300000008000400000900600000040000010000000000580200600007
034007000090028700008000103420900000607000800000601000000000068080250900000000200
702900006030040200050060010000030009609100005000002000060010000000300400078000000
000000040043006029050000000001480000090020008070000100060000002500010470000850000
030002076000701000280000400860005000073090000500000009050609204020000000000200801
500010000090000001400352000043000000000130007710000048008020000000700620100000709
900005004000430000700900000128040000000001060400009002007000006004302009890057000
210030070007096030500807009100005000020700304000000060300000800085001700000000003
059300406000050300006700000304000508000000020010025000000007800000008005040600003
070010900000000610804000000057080009000005102908000000000038020206401000000500400
705000400003064290000080000010005300002010000004000007590800000060000978000000060
010035070600700051700090080070400000000020003149000000020000004300050000800000100
008000210005203000070004000042001000700400630000500009306000000080100000000950060
000000000075000694903500002080009005000006070000280000000005003800094000000070806
009000100030009600001400000203900000010270000000086003004000802000000950308000070
210000000003650000800200009040106250000000700081000040000080007900004603400000000
000054100040003005001020000037000204006000009000000730020000890000460000300708002
000059300000800040190070000073000000850910000060003002000000680000107005300200007
000002003000840209090007050000900004604085000200700100170000000006000000008050900
005300060020001007000400008000159002809000000070600000080007090003000051040000000
000040207060093000075000900084600002009002050000000000700020830500001400000507000
000800352100000000800200040903007605050090030000000700000050000000062000690470000
900000012000008006206100090000010000630000800000004065800095003410600000020000080
700000000010080003500760000000000600130009700020000500000010089000890000007050300
100007002000000935400050000780000400006020000000000010500400809070300020000802000
005000000004209300002004600000020408000300020000068000903000000060700009740900280
405009370000200050018030000000700800136000500004006090300080000600490200000000004
204000000050000007000005904070100000005032000008700013903200100000800000000007309
098000000100080000000250000000600004020000100013400070005900400007104500600007029
000300508000006000120000004000090050040002903000000006000008310090000080032650000
000000020000019700670000000000104900005000800004090602053000000020370106090080205
900000000040053000020000050001070820070010004003680000000006072200000093050000000
403006080090000050500000004000090040610300000000051700039000007000067000001020008
690001050003000004400500002000060007008020005560000000100000706046000200030009000
000090003000070062002000904500013400800600000007005000053020806000059300410000000
502000000040500031019800006005080000000050049130060000000000004080000710700300200
009000000800000620142005008004900000600054307000103000200070030000080000097300006
000090040070203000209800070030600200000324006000050000325060009100000008096000000
000050069200000000000946000400030902300000074009100000000000000100007035640005100
506080400400200000800045106000000000000100690009020570003900000060000019040003000
201000000500000046300000200600000402000501007005403008760005000000009000000070614
500000084080006070039000000002900005000750039010002040251000000000000008003020500
000050080040080500900607000651000000030906007000002030019700305000000000000200074
001000040403000000892000007700400009050090708900080350100508000000270010000000003
160080000000000050090750103080004570001000430450009800000000000037090000000000312
802000000340080070000301900000819000006000000008074230000000600003700000409000002
054070008706000050000000000000400520205000003000000067000039070008020014100006000
010320400000800100080000020000701300302050006100600507009005000620000004000000001
020000007800010000043090000000400000084000706000105003000900005350000008006008490
000900100030020000000000000082060000067000500000000704000090003001500670073600201
000050000003040080064000051090060740300001205000000006002000010580000000000407000
200000900030007000040020800810070205000000030003009060025300000000080010000900600
000000010100290030000000905000030080630000000004908700307410000001073008500080000
002060087580002000004005010400000061800000720006000003000400900079600300000020000
000007092000000000007040030080620100043000020700000500050200600600080200009010000
000000000905001800701000050000037080009400300800010905600000000000790006037580009
000003400670058000002700980020000070000002000000300500000000000390801020741500006
500800070030000408040000003705600000020000000060025010100006005000001900976040100
402700600060500030000010000000008002200900000900670401600000503107000000000080040
000030600300700008009028000001009000000800067700040050000080309600012500020000000
000010004000000000008240750060405090000000006403700010006050001800000000071306009
060300100000000040907800250001000000000000300000529000008906020795010000010008005
000043000006000070350000610900000700007000463000020090600005000030700052040800000
000209000000170600000400100008060010010000002009000040040512070500000200000700009
001000000004050000308900700000000206000008040800006305060800021070031490000000000
003002000000170020000000600001008307800060000020000009006017040400800200302040000
004600000070000028500007490640810000000000000000923000080032900109070200000000301
000020604804000030050000009000000700002047500007600003090003008000500100000064050
001200950000050000080010020300020001040903700090700000800000003000534800020080000
903000000006000000200579060000800021030004980009020400004600000000002000500080100
007102040603007090000000070070004000005900000200000630040006009000090080900503200
000007000870003200900800000090000013050620900000000000000090000000080560720014008
109000000700040086005009000000060090893000000000003510000017008300000040000805020
300900006105008009900400200000007648000009701000000050006205000003010000801000000
007040000000001090020005000010000009400060007059080140006000754590020000000300000
000000000004031200800070004900050430006000000080306501000090050010000080609700000
060030000109000000000000206840000100090007400700900025000056080200004000008000009
006050000902600040400000002600001004098000006000800700050000090300070000829503007
090007000105004080000000001910040003000020008046000007700085100000003400250000000
009130000000068000500000000000090008301007052046000000000000703870000200200079004
000201050058000270200000400000304900107000003003009610030700000000000380600005000
070040200091700000800000500000028000060300000000075019000090000300000067940000053
700003000080400000291500000007008040800200700050009108015000000000000206600080004
100480000600200400800070010007300290080009000010040005000000070030900051500000040
086207040300000000000008006000030090000002010070510000000006930040000075200053000
000005000100000008700490030000200060010000509006030070450700000020000001000060090
800040100620000003109260000000070002000000970001300040003405008000000560200000000
000000000600000308030004105021050000000000450000003000800100040400029700007000216
090001060170308200000000000006050800000004050009000020680900000000140703004000000
047050000501040060200010800000000100060300405800109000070000000000200000900400207
800050063030010000005000000319005700000040052000000000782000001053680004000090000
050004700087001090000000000200000430009000010065070000100800023000000600006309001
200070000000003400700200310016024007000060000000009800070300000100800000004006080
000001000260000007009000300003207000000045060107030000000000000010700200530090800
000070009005300000067540000000000213002400007080000005003050670008000300109000008
000006000300000080000500002002400060030000040009870001060205038700009000105700000
000000507000076000309200000002040005050020040000600000004000690025310000700000000
000007000000000952509008301300000009805020000007030000000070014000609700060000503
000000005000065200098000700003000006000710000000009000800290600070006048900300050
000040028000002030700090015090000000107000800052700394000000000000530600470001009
100804090050000003000000017027400006000098000001005000000000000036000025008072034
060200007057400006090807500006300010040000070000021000019080000000700200000000860
012000400603000000000900070100006250000000304046000000000400905900700001000850000
503000000060009008007100530002000100700006020300400007206540000000000000000028400
500000300400009005006400080000002000800010007004003100085000703003907008600000240
001200090045806100000004200029007000700000008000300500006000001008105003000000050
006070500100000207703000019009000000000406900508009704007030000200000600000150002
400008090003092007600004500024100000000405000000000700000050010260000000050070860
000040006400100090008009002070008000943200000000000005030807000002500100000060003
000900000000000053002304000700006000080000001009080304003160028104000000050002000
000740000000900300002000015098200000000180760300070002060003200053000008000004000
000600002008500010010008060030800100706309000080000000004007000060000309000905078
000000000740090350200000864070005000020300000064028003000060190000702506000000000
000504200000980000070000008000302540040000000120075000216000000000700060300000420
000003005000609100040050900006080239900002000000000000008700060600130050504060000
096000000240900000000100050050000002100000800400003060300000100000050240000026070
089010000600003900000850000063100090008900704002000001000300007000040200001000506
200010850600074100000000000030500680010080000000041000090300004500002900000000002
000090035001000906520070004000030072052000000000008450600007080040010009008000000
170005030000000800025390001960008000000000678000000300500000000200609050009000460
000900300080010000000000107004000002800090615070050008209500060017063500000000000
826000900000000050100000086030000005050008000007050021900064700000010040040092000
403000000000800000706004058000007005009060200060000390020000080670050031100900000
600958007002000950000070003090500100000000000000001802008003000000000000030109276
060008050050200600902000000009040070000070200200100003000500000000300015004027030
050036004000908000000000060300000010000290000700004009900600200240050003060300007
200806000000070000080000900004500706000009002050000400007301000090400020043000080
408700100030068020070010000640000507800000004007001030106000008000000009000020050
060000031800060020002080050001046000000730080008000500000003002070400090004020000
000040001000800000067000000002364090000009000308005000013000960506020003900010057
000006030005804009800130000004000006100300004003000090207000600000090280010007040
300700000400090010000001020004800000100005070000006040000300000748010003050060800
002000000900300010001027004806000050000000007107200430000049700400003021000010800
020000064900105000703082050004300000007051300090700080000506007006000000100003000
000000090000600000070019050080000007006240300034006000000004038100007069020800000
074010000080900070900000030020730000006020350000060402030000000400080605001000000
000000200043000081600010039000021000907000004000080050031400002200000008405002300
400050007300020600600304000010000003000001459007000006040060010000030000000209005
000000005900010000064000020710408000000070003008000050100020009542900030000004001
000000864008090000000002009000009020070403000100000000840700500050100600007004002
000005000570020000090000102000013080300400005002700600000002300910040000705900000
370200001050083709000000000060070000030004600709600010021900000000000850000040000
706000000530007004000008001000930005000000037000800460160400000080023090300080000
000006079106700005400108000004000000003070080002310090000004003030000000007800060
100403800700010900090000000000000720900008061402000000000500070003064005800001600
000000006003700800001400005054003000000200600160000000040009380300000000005010024
000042970000050003603000040500009000001000007069003800904200000315070000000008000
002900000000300904610005000003000802201860000507100000000050000700003400000600103
000216094080007000000000100000090083009070000430000005200150600043000000000802000
201000700000000030080000109000759060009300800167000000070048090500200300000000040
060000010200619008000000000080050790050000000304000000000070602090200047030080009
080043001507060000000100000000035900143007000000000604006000709200000400900020000
003800006200000530009200080080700600010004000507910000000159360000007010000000900
000005070100060080605700002501020400070030000092514000009070801000000009000000060
000200009090080603006005040010008000003000000070090300054000002009001000100607800
002030100170002000050070060834000050000000006210003000000604000000000000400051090
000000100706800000400000206008000900609470003000306000000010075000009000010003600
000000029000001306632000000070408000903260000050100000804000050100002003000056400
000000006000000005910700400300160700006507000000030049490000020100003000200050090
300607000000000040200000067000900000607800050000504180092003000800000000000700309
000780002100036005003000000900007000018000706400500000000002691000890030200000007
071009060400070000009080100000007000200000005315000800004038000000400000920000640
600000100001003080003890070004900702000030000300000000000740001039020406000006000
700100005005062100001090260540020600000004008102000000300000902000040700600079000
005030700480700023700200061000506000070009000000000910094000000008304000500000006
400390000601050002020000590000005900000900007310760004000000800000040070060000010
000000006000040170100076009094000031087004600000060000300000007002001000040200900
000002000000804130000070000020503009000000450400026000001050293040018700370000000
760200500000074000100000300400060003050031700000502800006300000009000007000025608
000000006070001420000082703000070060207000040036020050090130000000050000001008090
009000007000027009805000060030901000020080000004000005000059036901000004000000070
000080701006200004030100060084730000000004000051000000040050000000600800900007600
005100020000700005900000000400070000607050208083000540060030000040801000000906300
708000051000100040006007000420003000100900080000005026500000307000700000000000810
080000007004500060206000030408000029009006000000040000007200006002710085890600300
009080401300007009000000070000549600060000090100008000032000007000805000010002038
060020040000000020050009000010084000000300005407000080908100000000700900002005603
000105000040000100080020600310908200008051004000000700700000000600209000000004079
007090004000176500000000600400000207020080000895600000030010002000740000002300050
700002950200000008008069007000310800070005000603000000040000032005007000000520001
000000450000000000400069200007520003060001090000000600000800900640230007030000000
009400000080001003030028900000040082060000000200500010005000700906050000007004020
007804000230007000000010700300456020000030009040000000100000600020041007000000180
400089000000004006006000300000400000000005107027000008060150080000000002098007004
904800002200090400051040000503007200000050010090006000000200007000031800600000009
000300080400000001050000300010003068200006940307400500008020100040009000000100007
000650000600000000020090500040008020500000001060020007983000040001030006000002008
000016000680000000003400090002000469040090710000000300020050000000040170760002080
000000500000000300523000007300009000805070040060400850980004000002001000000230060
080000120090000050500061700000010000805407010604008000320090000000000009009070040
500900006020008007090160000006070205400690100000004700105000400060000000870000003
000010450007004600900000000090060100065000030020000007800700000000800001000025009
000000502020004000300000086006900000000100000100205730004082090200090000080030050
020090060000000705005006000500100009701340500002000000200009004000070100000031620
008000400000002000070080001020009006054600090600000320400008000000040708009750000
900070000000000000015000080000406032090001007004003610030100006009060400170000000
000020076360004005200700000000400200740010000506000400000690000103007000005000012
000090002070002010006000008700120400030000060000504000009000000020350006501007003
003001047000900600005400000009030000000700023000056700301080000000000200206504000
000000804002080000065709020700005010000037908001000205200000000004010000000068500
000900007070001000004020050600000020050004018000203004025000103090000500000310080
070045001000721940000000006901800600000000100703000200052030400000080095000000000
070100009900050007000020000160090200000005900500403600014000060006008003800000000
080000015000030000700060038012406500000000070006029000000005903000700000008040000
000000030600005072100000900001000000080090204029300106000069000000008700060700400
007000600430800000002500100000900000061000080000100705900007000004038007500000060
000000004300600080000514070418000000000000000050900700005070018800092630000080000
000075006000300070500008024007000000050000090000054080340006900000900040690080000
300020001050080209802460000000000000510000006080700300000000030900000008003200067
500060100042008000000000000006070820000050031000920000030200008400000000028103900
005200031008000005902004000006002500000100000000900106070490200050003000309607000
600000200090100000500020693150060080000300901004000000482000000000200000003040508
009000450400080001007000602000030000104670000200058000000460010000700930000000060
008090020000001060000845000900000005830007006070900400340008000001000700000503000
050007000000000003009028400000000201007630000008000060012045700000700500004000080
090400250100000000080005400060000005000672000020040003000706500000090001300000740
000010000800007000504200309000000000000000014050004732020005040600400000071603200
090000003000060010436005002050002070002080000000540000008400035000070040600900000
000320000000000070000016005100002000300000908600009340079004200208000050060000000
000400032000000060614300000000080100090007000058000206106000004070004000900705000
010000008705000100080060304004009005009006000000580030031020746000000080600000010
065004000000010800000072009000000700510009048040007500090001000003040901700005060
030500006904300700017480000000000107000005068700001020050000200203000000000004001
005300109000820000207000000500006000092001000000500030001003000040260000000090008
500000130800070000003400000000003670000598020000700501059000008360050710700200000
000000000170000200000090830006070009700040300803000040004860900050400000000005600
029400000500000008000013000700006049080000060600008002001004080004200006000000070
004000060300000008070036200009020017000005400780040500000001070000380000601092000
000905080000000704000000062002007000400080000000000453508041000000603000206059000
000000007080250001030000400000003042320000100007010508058001000600008000000470000
000000000508002000000540020060300000000058019900000004000010096020000080730200005
508700100760900030000001045004000600000300000090000072000000009200400080800670000
080000320000006100000000009000809010002073006093000040010008600006500000500030007
009005430108000000700010090400000006000480000000301007090020500030108009006000000
670210005000070000200600000000000190000080000480000070020400800006300000830069047
000020903500408000000900010000076004070800000000000302043207000700000006080000040
100000000000020050004900020000001000950080001080007900030500086000006049008004000
035010000000056000600000024052380000000900108009000002004000700001097000200800900
000008000000324070060000130420003057000080000000700000009005002008000503106000000
007500000200000080050010003000032000000900058400006000903060001000705000000000029
600030000300000810820050060080000000000900070400500001002100089050006000000097003
000500800584009001000100006090007500001000000000400090000000040039008060150200300
050000030006000200000050801075000010000008007400910008010400520000030000000800600
001040000900082006200090507000000000030000168008021000010004900000706000070000000
070060030000200010100300209090000006260400000003000050000040075340801000600000100
050000000001904000600020000000600500009001000010308040504000009000800030000100006
028000600000090800000107240000009000210000000000040080500076100060000000040051003
001000800470300000009000500000100000030860005000007040000000731000050020608030000
000080900006040000072000010504100000700039100090050000000000000010300204020006308
000074000600200000903050000100060750040038006000000100080006010001020030402700000
300600000000007049104005700000401000800750001000000900008000027000002360020000500
700000000460015000002049000030860405000001000000000002005090218800000030000400009
700000300008070050900400200040701000003065000200004000300000580086000400000086021
000000030084006150062005090900001000005000000000084001000700300000208000040000086
000030000064000002002010008000080460000070000500009300690700000000800010827005040
000507000060000030008600704007800600000020015004000000690000182000960070000030000
100090400090010000600500800502009000080000003019007000008350007000700500003000006
200040807010002900064850000100000700002000100508201000000600040900004000050000029
000040002807010000002000370000309000004020000900750200040000003006000785308100900
003054010085002073100000000010000000000100950000003600004890500200000000000500006
070020590400600310006000000050000000600090000003054100040801000300000000018075000
050740002000000760200860000000000091003000000900201008000000409020080030105034000
000070508005000040608000100003080000000130070070642000009800006300060000004000005
070100000016940000003000060020300400100004500700000030809060040000080000000490020
010000900002000073004830200000000000060000030008052000709100400050000000100084009
000371062000000007000002400038000005010620000750000020003004070082090106000000500
090000000028300600017080000000092000360701400040000102080000200000900056000070041
000000705105002000003000100000000000058090640930850000000283010000010009007000004
006470001700280400080005000000500080000000200000300000090000070004860500001030009
003045007000080000009006031007000500800000090006198700200060000000000009001400360
029080007000000509700600030006900001380004005900050200001000000005070000000001094
100008040800075030030006005060500008090107500000000002500694700000000400000800000
400080003000001000009205006015009300000060028002000000000007000500000109000310840
300107000000420000500000000000000008403790020600002190970000005000065000080000034
000610070035800000000030006000002801003000020401900600000000000590000042042000103
000010670508902000000000000002000035300180006900500800034800000600000000007090100
500001000000800005029300400600000000091002800005097010000038000004000600970000030
050000000800092000000600005300000760500070020607010004700900400900200080086001000
600005080007000002002003504000602040060000257000000000004807001500301000000029000
060030000259000000007000040000309050000007006020065907003071402000000000010020860
040065000100000200006002704380000000000304600070000050003580016001200300000000070
600503020020060000005201000000600000007305900001090850000000006590000040000047009
019060700800050000000400200000000106070010380006380070900000000000604000380090000
400001000090070350000060100007002600100800002040030000920000000018900060500000870
090840030004000000000000087001203000000790010003008702700000900400000058000500301
000009740000200000000000802000073680089004100170000400740800500006090000301050000
060350100000700050040000090003600000000009087000000410180006004009010000050000000
004000000500820014020003070010005307700400060000900000300001005000000040092000800
098000016000000804000000700060040503070509001200070000910008000700003002050000030
000002890009000000000001052306470000000010040700009030000020000205700008004503000
000080005020700400004602000030000500100005008800004060260007010001060000409003070
008230004090600000000000620030900002002050040000070000910400000050000060600005100
067200034050006090200040070000064000005003000900500720080000002000000060000010408
100700009050003000000650000002100607000000000046900800910040300080000000003020010
108070002009003510070600000000009800010200000000000073000020701000800004005000000
020500067000000000005000080010896000500007100300005006800009000090340800002080304
402006000500010007009000008000950000008001030063000000010089500000000000000470006
400053009000800100502009007000200300250036000070004060000080014100000200000000030
000000509000097031200100000030059060000031000002800000070900000004000080006080720
043079050000006900010000000500000020820600700001080000000031070090005280007408060
080000003500200001009000080025070009001460300000000000000900017040710060000000905
900070200008906000001000004000032000007000540000000000002500070310000002050400900
006300280000000070010000306902060000070002000100003004007085000060400000200910007
001800426004000900500007003000000000030950000659010000070640000000000800000709200
020050906008900070050003000003100200000004010000800509030506000070000800200080060
200500001060000200000600059790004000008007105000030007080002000601003000000000400
002000300000690070100005064000200031000070000000000509057400082001700000000960000
058907002002048000007000050000300000100000035000080040000400200060010000040230900
000000600000039054040500001050016390900002006402900010005640000080000060097005000
000060421800000007009050006500600000030004060701900080005040000000003200000000000
780000000005010260000300890500740000000001004600000080000000070090803100000000005
000007803100004000579100060600801050000200000030000001060718000000500007000000540
000700000003050078000800062008060010900000030500200000290000000001000900780006040
030200900000800206000000085040008000000500048060090500020000300000405809100700000
000600040000000098800003600500002000608090015079000000005700080000085001900400007
050010800004000000006820007000000006080050090000300250000000003002070000403605100
000000005002078039300609000040002000008051000000400910000010807200000050600000023
501020009000090060000036100005000010100270040042500096009600300080000000000000052
020000018189200000307060002000000007290800030000043000001004800000600500000020006
000080009000007000020003600900500207010200000003040005000070063000600400001000800
000090000000608030000032080400000079625800000079060000030004001007081403000000057
000250400007030090100070006000080700004000000900060008720005310009008004600000080
006010804230000600809000000000002000900000006001308020060030040000600005000740003
000040260100060008030000190080390004040000000300500010870001403000000000000056000
104020000800704000005600100090003008000000913000060500340200000008000700000005000
300000842000190030000000000943071000000000600018300070009007008400980000000030007
000120700180000004020076000008010000010000036603000402070430080000050063000000000
108200760000900000052000080020790001030000900006000020083000170010450000600800003
007001306036000004900070000000047108500000000009056720000000047000160000020000090
100000400005000003200040000310000008000701200007600000030209050400056800002300000
005010000000405000007000039300900000400000602020001007803000010050003040600002000
000003000690800120000060908100008000000610800200007406020000031300000690045000000
300002670008067040000905010001200760000008005200070900070040000000000800006300000
020043015006000040005601000090000354300000800000007000070060000200804030000050080
000002310300068000400103050200001080006080000010000600750400030000200405060000000
700000020029000460080090700000003894040006012000100000070005030002600007000401000
000609000020180000000052000900000650005800043810006000006408710009000360000000000
000090300070160902060050000500000030104700006006800021040529000000000007002000000
001000000000000097000087350700000400003100079048500000300010760004030000000245000
070080000000000802010700605030000000028030000060000100400200090780410000000000060
000000020000380500090000000037001000000060940000050008000000091084000200670094800
002005100050000008000024000000090260000060050504070000030000005700900400000216000
000000001400206300000013802370000000001800000580000210000600004000940000030020750
000030008020000090500070100010023000080000040000065003600000820093000000700240000
065000400700500018000030060000007003000000026002100589500360000000008090000000004
040200000020000180000006000067510000200070610000000903801000000075000002000603000
007000500001760000000300000500009200000007604000000710080000925000602000300085000
300080000050001260000006005000008002100000037980400000004650000000009000560300080
900000005000003806007509100050004001000010060706000002005307000100000057000080000
000200080010050004000800500070000048000000203004030000790002000000068070302010090
060000700000030501000507902039080000200041000050609000000000035000060000008100600
000003700010060508900005020009000003003040086000008000000007010000291000800000004
006003100078600000403000005800390000000004000019070000007000090000005000091040568
000090750000000069006102008060708100000000005014000080300010004200006000045007000
100005000043920000590070000002000041000600593080000002050040700000000000070008014
070205400406000007000600005038000100000003000020500008760000800080020000001407300
000000000850603200040017093070000900060001000200086007000100000007020500000000738
003040020000931007000007000072000000050100400000800059080500903017003005009000100
005103490067050800001000000209370000000502000003401780090000000000807005000000001
005200003380500120000000007040000010200008940610000008000000000007309000461070000
850000000007096050060300700000000000040100600205040100070500060300004007001000920
000003000000090370002810000008000000700000601001600905000057000040030000000104050
012800000400002701000400030000085003000090680009100000040003060060000500000078040
020080090500000000009007300003801040260009001400020700040073000000600004150000000
000000000704008023003000800100030000092405100000000750000000270507200004030100090
104000020000000100000086904000900308009007000000058001700030609800060030040200005
000580000070094008000000006010300020009701000080020000100800600005000104420100000
081300005040010000000086000000000000000200300003004680150038007007500106000000002
020000060000706300008020040400009280000400000000300100006201000003000700780050000
200400500470000003001000907000006000597040001006530080000000002000000005000371000
000400000930068000000730100560010000000000020029000830000800300700003409000004052
090600047005040000008000005100090000009000710003026000036080002000007800000500000
000070000000501007400020380208000090007980400160407000700000800501300000000000003
005003000060100020203058000078000000000300001020900307080004900000070080004000005
000070000105200870000300200000000080073610000049005000607000004000002000010004900
710000040500672000009000000007009201000208009000030000408000506000040000000326090
100000005000020900039600400000000041200030000064009020000070003003146007070002100
070309000600500000201040300050000600030007420000008000086000070400000090000204000
400080000390000005006000041000810000050200803200670000000000050027030908009007000
000500301000006048800100000072050000004010000509300000000740900400000080028900000
040000000000359100000080023009024010014800300080600500000060000700900600500003000
408600000010030260090001005005000000300008000076450003700000350900080000000060020
000070930800030000001406000600000070040850002109000050050060000008000100000300200
000030000405000281700400000090000003800700040000002600000000300200070000004650908
089030004000910000300004008000000000076000000020500406000280530003005000005009700
000003000200000064007010000003800009010007005908004006075400000060005300320000007
001600000023000000600010080900004006002057300000002041005070000000005002000800010
050307200000904000000000008600800092008000000009100005042000030706000000000510000
060300940280090300000510060000070052000800003005000000700031000006008000912007000
090008030300000700000057600080000107000400000001080500004170090053009001010000000
800002004010090850400000900002001000000260000900000006026950030000700040050000070
000700300850600000000000570904083050010004000000100090009000400031000000002400809
807000000050008040000040020500009002000000000004150607070096000003000000006023059
080050009700000600000024100007001004010900000000786000200000908900003200006000030
009000007047006050001000080050020600000000200060108000008930001000002000000700300
000098020100000000750004800002030007000000009830700200007600390000001000046000002
018000320000084009600030000000041000050900070700005006309000208080000097005800000
700200600600000300000091000060000001908000040002034000400010790300000000001050004
010200006000000850000007001250900010800000009003840000030070520000030000900008000
000300205402000008850000049000009010000005874000200000000620000005000000004008900
000000370004000809300000620085200000129050030000000000000570000540100006060098000
200050634060000000001000080070008005000560000400930207020000000000000040035070000
721005000000070050400000600510800000002300084080164000000080000000410706009000008
002070000900004065080609000700100000000000102000060008000701030095000000003280004
700004092000503600000800007900060000004000000500109000000020004003000500026000180
008300007607004080000780000709006002000000004000050000030002950000000003400100000
080500000006034000502070001300750400000000300015003090000010005200000000004000006
000001900700000000200470005302000000006004009000008400060013800003000091000056304
000800500040000000005061200000004030000620705000300680071400900030000006602007000
003070609006090000000005010780250000001000200000800701030004000000000006569000100
300750900006000010800406200900002000010070000240000300080003700700900060000000490
000002006600700104800500000050400600304000002002008900008060000900100000000000050
002000407000000003090700006100009000360400009040800000001025060900080500080000100
008005300706000092005002001900000003000290710017000000800000470000700060200000000
600070000070056004005008000500710000700000902000300008030000150200090040000000203
800400009293000000000000800700009004600780300020100000307001020002800000400003570
030000508005000040000000306051006009780050400003041000000000000070010095004300000
000005009306900070009000004040006050021090000070208000700030400100040326000500000
300002600026001080400007005185090000900050007030000000060070900010300006000200000
000000600041900020000003079020005900006000308080000100002890000703500000008001000
700008000000600950090000020907060300600092000008050000000000008000040090000003175
040006200020000067010000000000802705200001090000000003703050009000009000060007500
500008030000060000200740800050020009100090060800001005000080002970000051006000000
060030100000100690800000000010709300003001800709000004000090082304000000050006000
208400000000020300001000050900003805060900400400005100050000038000000006093000000
000020069000309001000800004000030000180700300705000400804901000200005000059000000
006020097390005008000000000000300000700061009000750400000800060001000000607009085
003040000900000701000000200008090400700300008410002050009000002030010000100603900
100020000000000000004708030000350000010400900290000057025900100009200600000004000
800600400000040090021700000200000048000803000000070503050009280600000000140020300
630000070904700860701900005000070090005083600400500000000060002006800000040005000
500000300003090000004600900800002009000000075000043010950000608020060000000010007
060005070000000069290008300040009008900530100000400000000700006008300000071000403
740200600000000010900100050200000000034008000670003040000900003050060002000051007
700800400009000005000040010320001000000006000040050370800007000070080051050004009
604070900090000020005000000000014009800020400070009030000400002050200000300600870
006000480034000001058000020070080000040200000000100806000030050002504600000076010
082000003000800257090100000000308009000092400300004000070000000104000800000600025
740006000003000608008003020009038001000590070000000002500000000080000290064705080
030900000000023800000000051021000005070090600050040023802000004300054000100060000
000003000030560008000040600087000003002710000040000090000089016050300000600000000
003000020502001030090000001005000000900405000630000040000090000007020083000003452
090002010000008407400000006680000790009080000040100000000401009501600002030000000
090471000038006001000000900200000800800509000500020007000010003000065020001000090
743010080000307000000590000300000000068000001000089030030400060007060000500000820
000004000500009002000000604900050000040083900100060083009000000000120050006000100
010009704000010080000000090040700300509062000000000000100000000600000807008073409
000650340000004800700000000000206000002015000405009000004030090010000006080000107
004030000006000105000600000500040003603008001000000289000000000000209400000850972
600009000009006300005200700000405000057060900040000000200004003700000006010080020
002000001800403500000760000708000030010000600063009000307005800000300070200600043
080000200000007693100000000000000020900004000008000504003059001700200800050400070
000061000000900000080070963000030000504002000028690500000006009050000200700380050
000081032003026700020070000009050000001600000800009006004002010500400023030000600
002003001006520000000800023803000507070380000000000009000090100000701000004005000
906001030000040005000059000600900000000008020003200506792005300000000080060020000
080030000020708130000000050000200500700500400060010000007603090040020360000000080
107009000200070000000600008030000400000000003570043090300802609920000000060050000
080060400010000070200030000003170000040000700000000025005008006460500800000000104
040000000500020000000985360000000900910000850000801030006079000204056000050010040
000000470000080002000600000002000080090007003603000020089450300100090000004860100
010000060000000030057300800182000700000290000000007380900001000600740000240030100
001000030080000000200800106007006300000097050590400002000540000000300000002010407
007020000003070060000308009300900004000001000000080053100400900000007805460003000
150309000000000800304000600085000000900000720270080000000700100090800500001500009
000009000406800000730004006020001000000002004580000002000000000000073420150200907
038020000006000080000005400604002007100060005390000008000807060000000710209000000
014000000000007006035000094000000502100056000403900008000002700572100040000040000
000070000003160090000000806080000000009005000572008004050000070306041000040300600
098000000200501008000600100600107034007000080510006000000030000350000200001000090
070000000000105000060042007000003000006050004000060395000030709537001060000004020
300400000080050009000009714900300000510040000034000060008024007000610080000070000
000000000630000050805100400090300000000010087070080964040090600300200000000007030
030005200040090600500006000008040000000789006000600030800950000005802000010000400
800004051000000024620000830400500000073100000000700008200000000031620000000000180
006700209000000400730500000000000704050280000007403800005060040070300008020000600
000000071001350800600740020009600007400000290802000000900860000008000000000103500
000000901000600200070405030005080006009563000100040000300000087090008000004050000
000000039100002007000900510050204300008000004000000860004006000003100050600090400
008000000000093700100000005900200000800004300005781000400002000201000007070100046
000000007005004032800000600000309004060800300390002100000050000030000070087000965
050090000039000605107300040900005300020000000005200001400610709000700002070000000
006020308003000750000000240060009000700500000500007000000070061008610090040090030
000960010000000000470000800708600300000080060000023000900300056602008907000000003
000007040002080057090105003009003070200000006106700000020030000001029600000800000
006000097090000004200000050007200009000480010000010075603000000908050060000001040
050001600072000109000708500090006000008000000000090260001409030420003900000060000
000390000940001700000500006032000000008007040000060080180040002700180000300000004
071080000800040000090300100020007000700200000380500600000001520000820004000600090
001030074050000000000000908578000100300950200020000007000706000000013000000005603
070000002200607100850009700000900200002030000030000570000000005009405031000096000
076100004300900007900000030085000360000005000000000920003590400000308500004007000
000500093030000060002100000000003020805000000600800507009004000051970040380010000
004096500600005002008200000500308020900000000067000100009000000000803000080000415
080000030009600840010000009040020000500000090060817004000905000003000060057002000
000094007080501300090002005004000900008005006000970000010407060243100070000020000
800600000000590020006037000000000000020000106090043085004000000017000008080400010
060230000051000000000014870000405000000008200090020000700046038500800002000700040
020700800000080006000040090103000000040050300002000004000071040050900037009008600
050001800030000009000008600004060720900000000008140030780000090000213500000000100
080025030006000004020800000400009020803000100090006005000903000000000309000002540
003007000740300250009060000950003000000200079002000400800000006005000300000590048
900300058500000600000940010050703000300090020007806000100050800000009000006007300
080400000400370000006000010000040051000006090027000400009035000000000200001700040
000000078970003000000020500003950000000000000000784050016000000030200090005030280
000003008000700020060000704700900060310002090980600000002000000030070610040800003
206017400090065070000030260800042300730800020000300800000000642405000000020000000
005029080000400050089000400000001300500000046008002000041805200070030000000000007
370000000008070010000600040050003071060000902000800005400000500020709003600000020
017300900003005008050000000020700600000091340000006000900003000000908760000000210
009820000380006007000000020000104050004085090000007001020409003860000000400010006
900210050000090600000700020000000400246000000007000190100800500060009000302450000
000700100900003700005100060050280030081500000400009000000000070008000050030600008
000000850045170000200300900000000280300000090000008501060000040517006000000021000
080060000003002000100000049032408000000010904000700030004070003006031005008004001
000057003140006000060000002080420300004000007000001008000800030075000006200000800
370000000000080000000201008000003000960500000003009400080905607100000004000070510
400093000906780000000200001108009530000000070790000200000040000000037850005008007
608000045200040000010006000000900003300402000400760180057000030003000014806000050
000090300000800000030200009200008507006013000005000080649000030000000801000007600
700090000091000060000700002007350040500614800080000500400001000000000006065900004
000005073007000960860000510000700002016050000000802340648000000009000000000009000
000090040000402060100003800010007000060050090800000730306040000500600000004018000
605000000400790208000008000000400057001039000000600040076000000050000014100000009
000009410430000900200005000000000560008000000020830000000001006540080009607050000
060400000700600000805000090000086000000700000610200480108000009000040005200000107
820007000016040002070000009200000000600405903000908000030001000900060000000000810
064070000070680009000005070600000200000000050042000708300000000025003906906000020
980103000000800720000050000702090001001005030040000200500001000000070400020000500
078000902003000600005000080007200065000100000629008001800070000050020309000603000
300002100010300670200084003104500800002000004070009000000050200000001000050000007
002190306000000508000007000050000100070600200346000000000910000060003000915002700
090070005000000006000806900000007190000000020005080000508293040013000000400750060
004607000005200000060000058028400007400006010000010000001000000003005480900000001
000000000000300510001000280000900730070004090006100004680000020097000000350007900
004509000710000300000060010000200030000800506002000800000005000800004900307000080
900000000000900100000080200078050002000406000003000500000030004019000700005260080
029000000108500900500601000300000402002000890000000060070010039000000000005246001
068400009020010000009000001600004000030120050000037060002000003540000027800000900
200060009008900300000052400031000000000020000070040006400006080085000040006100200
470609000000103070080020001830501900000000507790200600240900000000000000000300002
026090001000100706000030500080000900040000107030075080003010000400500000900000020
000070040000000027280000300006009000400000050079305000020060005004900003500400086
020000600600907450009400200000600003000002000200073008100040700000030000840005000
360000004000000018000090000006089000004070000008600079400000100000025790700060500
080000043030600000560010000000090805006030000700000000390007120000004000010000004
800009004000007000009605300000000580000800012000270000500040803400000700102030000
600070000000060081510400000000000020409000003002300069007000000030690800000000376
000000050007080601000096000810020400000800000620500019270009000000070100900600030
030002800007800604000005000950600203000008000010000490070500162000000000002006007
050090000068000000000300104000004605003000010296000070002080000000000023780040000
000300400140000003080010200009400706700020001000000080401200000002007908050000000
430070850020300000008000140009020071000040005300005000000600007600008000010030600
300000001080370500400000009020050000700002036100640200070400100640010003010030000
000060000070004912000000070200300401500008020908001000609200704005000000000030000
000000200020007000008650007006030040405000098000000001090005700000200050087004900
004300002000026000900000000510000000000290000083050100408002006007000804000600030
002400000300602000860050002200005000400810070017000000530000008070086000000100050
908040005000100208050020043000000400010500000000900056000000000002860700600070804
000093210000000000903000000400000000000700601006020708095038000600200850010006090
200000040000790005010030900040200010000000000009176020050020080701000004300000700
009000300010007560508006010002450081000020000400000030004700000090805000030000000
006870001005000090000041003003002006000097020090010000000000504050030000180006300
009450000020800700087030010002000060000000030008700005000904001005000002000018003
570080300029000706003000004000000000251000080000870000000091020062000070400000500
009050020050000710170300000004000230030009000800500076020001600008000000900020000
800032000500600090000100050000020060063007000002309700001000004030000800700001000
600030275082000034000000080035400000000000000200987000000170000703006048060000010
026000003000080920004500000000000006807000000010030090000000401500070200000320800
090000200002080060000130004000000000008000120750010008000800052003900600087005040
240013000900008040003000065470600080009000000381009000000080050700000401000000600
000400060009020000005690080000500000080060700072010004007000091300000000068005400
040006200380000060000021040009010000000532000005008001000800600000000008600207905
010090000000580710004000000020000006000740008030600100000100060080062000002000904
002040801090000000078000200000090608003075000400800030005010040000006000000209300
000060420020005010386000000810203000002006090900070000070000500000000004000052160
000000006009504000708009024000000340090080000206000100905008000000100070670020000
305040000000007000000090030000009650009014003208703040000005004400008070800000021
000000901060500080000608200030070090041006002002001000090000510205000030080000004
000005640004621000500000000000200730000000005300070401030800000400300158100040006
009600305000000064040008900420070100300000070010356000002700000000000090800005600
000006105000807002040300060000500007900000086600700010070004009809000000001000700
600007030090000402037000080000041000008060050000092600000000109000080000006004300
020004096050007100004060000000300000713600800509000000000008900091000250400200001
200050000010608700408000000704000860000002000090400001000030008003200109900080002
009000610300000080426030000000003007000002040907400000500007100000000024010206900
700900002000060100000000080079608400100000200000590000003006894500000010000000300
050000610000000000203700005000500740700040000010200000400800000060905001000030090
706502004400000000029030006008000000600300580000200000002000650910708400000000070
000004000500300800008090016102000000000030500300600090000802004700050008009000002
080000906906000304003000070000002003500060480000019000805000000000024198000007000
000000000054600170000015000000078002007450900800001067072009000040000500001004090
603704000090100004200009000050006000900000007000095003010400006039000000006030020
000000924700000061620904000040006000000105000108700009060030000000007080000000042
000001700620080000714000000050020000009003806000000031080000670072400008000000090
700000050020000006300517000216090080500060000000000001070304020102000500000008060
000800970070030000000021000048000060006980000030000024400000500309060007000010200
000790210000008700090100058080000605000007000300820000270000000864009001000000090
040000005007020080003401000080070904004005700000200000000032000105680000006000300
090004051000006009400000000000000500030000000014007020009008700001070204780030600
028000000500086000049050001201008300000000040000000902000392005000000709080000024
010300007040005003000904000067000500800500170000000060000090010002000009073200400
002400700000038900400290030010000000009503070070060000200009001000004600007010400
000082000008310065700000010143700000200050370007004180000000000624000800000400700
000300060405002701080000050090631000070005090000000500000400000010003008007008200
083009000005000000060000070000030058008900760400020001000004006900803005010000000
602007908050000760001080405000900070080005000000308004200004000040090300096070000
000000800000027060005600703060370000003000005800960004096000020070000950000000000
000050702000006000034000510070901060800003900100800020085000000709000030000080000
002003605008009210030002007200000000506000700000035000400070000000001000100000480
504081000000900000000070000100260008002500900007000060700030005003000000091005807
026030008500000010000009002000200000000006700014350000000100836008004900000060000
080000000000050690100000000005004002910500006608000003003080000070091500400060000
400000000500006000000479060070800003908000000060040090000000800039000004200300100
070050603100000000902060100000005009030080060290700040000820000005001000304070000
600030000030000002080752006000008150070004000103000700000600020006000040028007003
800700061010800200060000000000200600009000000000080193000090000200040050705003400
000000014090300700053024006000000000001075000830000100060008000000000930900040050
000081004070000081004050600000003090040700000020006105000000030730500200650000008
001050000085061900000000002008000070000000309910007800000705000040000200097100006
004800020200006310000000906050408000030000007000000080000064070023079000001000500
701006090000000600009580000400600000000894002200300000035001704000040000010000300
000020000000600402906000000890000100000042080002900053040070001003200500500108000
205046080300020040000800570102007000000000006007904300001000000960008030000050000
012006050400030000300501000008000000106029000500000070020005648004010009800000700
000000000246700905019030006034200050050090000000000002060024000000000018020008700
000008061000200000040050700060805000007060030900070400000100580080040109005000000
040078000800000100001004090602740900000090057005000006403000600900830000000000001
060009034504000900030000070020007498000056000007000020090000600000405000001600000
530060000000000001010000020079000008006003000000490000050007230900030050000640090
903000018008000000060040300500002007000000000000008200300020060004005002012009800
004000080000007109080000000800506000030001060010083700700020000000400510020608000
003004700609000000207098040000006001000850072006200400000070000300000015800010000
000000900000704500300000006006020000023000801170900000087090130000006000900080200
000000000000006040740900300530040607806300000400100000000001090025600000000005021
000190000004000700000200800009000000600700400015008003040000206200030087960080030
000120050000048201000000070000086002340007805000900300008005000900000004026000090
620080000070000341900000000000040020000900008000017500002000830500006400700090006
800050002070000000010090300000000009080017000300086050000004000050200690007160004
309004000500070000600030017000609830100000000000000079400005000080006005006200094
005008001003000506000090000020030000000006009500040600640200000090180007001000000
050003001001000260000201050000009000070060890403700002000000400740000000002070003
000040300000001000900800106075000000800060000004003600700600010200050908003009500
708000200020600900060000008201070009000000604080500017900040000000001000000207506
040070052270190300000000700001040500300000040028003000030000600609700010002900000
805030020000090403000000060000009680600002900001740000023080070700000500000000200
020000700009000508800960000006000000090005201000030005000020300204700000000680004
006800020147000009300400000000500870601020000090000000070000090000030148000008260
103000080450000007900006000000050906370000200008000070000000000000509000000240605
020000001009008000400230000000000860900003700617000490000074900005300000070090000
000520370900000500400030000130000008000087009000400000700001060098060000050000080
200000100940200000003160000000050240000007836020008000708009000610000009000000007
040007006000000000000001023700000000600800004005002000003600010002000805004079000
000804300072030000003002005069000040030007090000010002007000000000000806016059007
080020704076005000900000000160080000040309008800000500090000200000000043000160009
080900070010000400000000603000029000007030060304008700070000002100002300005061000
000005000600430100000000020000802030001700000970010600430068000006300004790000000
300000900070000018020709000400003100002040030100025000603508020090000000004002600
000704000000190000000060500020000019007028000030000075008500900090000008001040006
900000046408005070000000000000030600030260000090000020040000700520104008000700001
000072400009486007030001000004000500306009000000000000205000980000003054000100600
680050000500072300007000019403000000000100907050000200000000103900005600000090000
000700000200000401500021090070003900000040800108000002000204030700900000003017008
000006000430000001200401000500209108000074050000100607002000005609002300053000009
020000005090040000400000010810057020000002109000000050002500076000409800908030000
120000900060030000009704000012000000000002804400050006500008600300070080000500007
300000076045300020020007014460010800000500000003000002000000090010400000090080100
200070000040090200907040010003000690000750000180000000009060300000004005000030470
000004009809000010010003060001608000040200600000050000000030005470000000096102300
500700020300000710000040005005480000800000030000090002080070000009030100000605080
500800039060050010004600700009000002000001840000005000105000900000060004020009003
000006700004000009908700000000904002600000008000260470000010005503000000710080000
700010500900000002300750401000400000060008004000005900048060100000200000009070005
900504010500600004700000060109000040074001302000076000008230600000000900000000000
001800009062000000950000004500026000000000302009000040008035000000007160014080003
030280009000050870000000006010040000025000000000000607007504100062090000000078090
080002005700010000000000000000408200810000000900100730000000600001065040002004070
021008000000002340050000700000000400970030000000509020014000800605000030000087500
000000000040250900079000060000314008050000020000000007020080000000723010506090000
002080030060000810400700200010300000700100000300020000000006421000500070900010300
007405000030000800050300720106700000705049010000000000900050000008060009370000001
050004090000002000000070000907800000800005600000410030014000050700090004000500780
020090460009005000403008000004001050090003001600000090008000005000370000000800740
050000090008100603000000080001000000006410300093000027000870002070000040000030000
351002600000806000070000001000000009010000020005380100020000000000009042160703000
001084070200030005600000140000090000000000038700340060504007000027000000810020400
507000080000200007080009000900005700012400030070000200200004000056080004004070300
090008000400000102008670040000500603560040070003000000027003400000000006640209000
000000000030005024107090500000310400000006089020009000602500000703900050010060007
002758060480030000000400030000007000006002000908600007070100009020000013000300502
108000000020405000040370920301000000000200700006000000000010870000000000000890461
000300000109000030400087600012050000300000000000040806081500000900060041030200000
005000600003000000000841000008090500006570000900063000400080960000000070020700080
800009000000000412010000000500000006000100000008040050902006100060083070300000020
000009042000050080008040350410000800000000037000120000501600003027000600040090000
030200060000000280090003000050920807210400009000000000000030001000081500900000000
090068000002400908010000700040002000600007030020690000000020010030800000080003540
970085000000300000050040100006000081005000030010000960020908300008020004100000500
000604001000080070000009460000002004090000150004000030003000048000001200608090003
071030060500400000040000000010207309600040000000000001030902050000000070980000236
070000000000100080600029007002000008301002000500000406000007951400060000750900000
009000700050000009400002300007003400200005000360000108000034070000000000043057800
240005000500690000000000000009010003080020000000780500060001020000008047100970060
000540000700009240005300000006000907570000304003050000302400010000006709600000000
006008090050026003030000000000900000000005010180070500020004109490000257008000000
405600900000000500000079000060000008051702400700016002008000000070200009009407001
020000010810250000000049200300590070002730009000000000100083000003007400080000006
032500040000031002000004008000000900904762000003000074000005700081400006600000000
040000180300600000000804300001000000602003007009400010100070900700000500000095060
000006000720090000000042509001000607800000000050608000007000300308400050000310200
900004030060000702042000080000005800701042003000060001050000060004000200000537000
098000001001002004600300000700000000800609003010200090320010400080700600000000900
000020000090000804000000950003000000602005109000006000031000072000580003006200001
000008094090000060000100200326050000000700500100000820007009003040000907600070000
000002703020009050010470006000004600800000001950068000000700000008025000000000012
000089310500020800000000004002100070000500000170600000003901000060040002000000700
009000800001200000300040000092600700400007006003020900006000030008006005070900200
090100500052800107000020000300010000007000000008007460000060000000000001640290005
009000010200410700806300000000030270090060000480100000070080020000600300000000109
500806009090700060000023100008000500100000480000005007206007008000000020007000010
000003007000190020500006080010000002628300100000060090275000000060000300080000005
200000010000100003008040005002703100003408000000009000701000058400000000600900270
000006308004000001007403000602000500008509000000008130090004005405000070000260000
600700308407000600000005900000000500000906001004580000380000000200008005005061070
300040000007000002502070108000003800800000406031004020000000000058001900004629000
900000000508000407000045600376000000000006010000900200021050040000000008000072000
036902000907401006000000000000010400000305600604209003009004000750000040000000029
010000000000060350002003007009710000001300004070000080684000002000206000000000038
001000050070000800000003109800030000007040900030002004050009000043080500000007036
700013200003400800010000000000000540000009000005200087900000701000050020058700300
000003806000050109780006000073000401000000000900030200540900000200000040009701000
800000270050000000004690000000800020060005004013072008000200090400000000900040001
600098000000007800040500090007001000830000940400600000370000000000000050950002078
308070560070000410000506800000004900910800030000000000020605080800010000507380000
203900100070301590000002000000100800000000709000600020600040008052060003000000000
054200000080004002060000080000570000002900003000003070001009000043081006000030000
108005000060000408200000000000970601040003000007860034000600000000100080000059026
400000800000000021305007000530100060700000008008900000070098306000040000061030000
007401000100020070060000000000608207200000005030200800900004706003800040040060180
062301000000007040000000023000500700000080900097000002230006000005090000780200091
150009070090064200800005000000030000000006540000000096200008004509020010000900000
608000070000850000000000450000008027100007900700400000870900000025000600400230000
106000000052600030000004600000090007080302005900081000020030004000000080009740002
