Seed: 1640217670
Cooling schedule used: t = 1.440000, alpha = 0.999900, cMax = 500000
000010050000002400020489000100000026000020301040000000900000270003100800600040000
000700060010080000009200540000006000800050630504000900000600008000070000900001007
000000000008009007000027045807030900506000001900200700050400000400850200300002000
050000600468000100790003000040060007007350800000090010000005003200700004000000920
020030000007500000300000002006800090000600070000007054603000009009050000800020030
108000000300010600064000090900000038000005060000087014000549000007000000030026000
070060000060010020500009000950300008000500010000000030800700600020000070600040092
040005301058001000000060000400003900000070028060500070000108007001020600900600000
006000030079130000000089057090060080028000900040020005000405000000000001300000060
005010090003000608160000000090000200700400000800020060610090400007500000509200070
062040080000002000300009004030000000200078009748200016600000400000007000000160070
080000031000500200009000000000000003970600800504000019000015070008009002350007080
000000007000820053394000200000040700400500009180360000006000002030000080001050000
000308500080000004020100000700052801100000600000900030003079000000000005009020008
001000009040000000700920000000300000006800004020075900000060000003041070004000280
700000000400030680001504200080056000060018500000000000000000097004000100000903006
809000000030048000600003700300000000050006040000890000020000014000007850001020030
010000500008025906000300000000040000806000002007009010500004290029050000003000001
900000005020004900300007100000050200000000600405890300043000000090000007102003000
000000520600270000000000000010000300040100090500064002004906700350000084008000000
080060007090801000012040000030000000008090100500000846000000400100030209020005060
010009000000000805008070000300600040050003000902000600001000200005067000090081063
000050000000900100600082000000000500008063010270090003060700000010049720800020900
000600089100050006004000000001807000030005000080020000005070000000090147002000930
010000480090030060000500070030081700000090205000000300027003004000800000861400000
708000040060000300900070100630900000805000000094038000050060000000403700002001005
031000006020001000400000008007005000000290400005403019000900021070064000000010000
009006000008005709040800000003000005020010004000078000000000900407100002352000100
000070010000200000000100470674500020200000080005010000061003000509000702002004030
504000008360008020900000341800692000005000930000000200080201000000040000000709004
000100090809000006000000400050063000097000100000400702040006000280000001030000048
380050000000000040064009003900001000500000030000060200700900000000070569000004700
000008000000040000050700069008400900000000300500900027900057030031002000200000870
030600089800030000200008060040360000000090000680000302095000607000000020000000401
508300009092400500000000020106040002000001040307500000050108090000000030000007000
810000006000000400600000003004700200700280000000004009000060050095003070408090000
902806005004020070000000009007400051400000007100000000010500000200098030000000600
000000000100200038028100000047005000000030740000010005000890000060000051009040063
507600000080000000043000080000501400002000701000430006090005600000100040001309000
800004079000320000020000000000000010000068004970000050003009001090400027400005906
009003000000000087005000010010080060000270000000000002100005070200090104006807000
003002041700008090090100002040200800000003000900067400007000000000080106060900030
090000000305100000000850004068003000900000007010609500000400000040560000001020800
905000000000900070370004000007140030001705009040060000009006003000053600000000820
009000005020007010400300607000000089300049100000100000530200000100004500070800000
700004600600000020391000008030000004000003710900600000000000003108090006040000050
000050000004008601200900053000000702910000000020370009400090000000000500100006098
000000500280003000070000080000900006600000390804000100005000040007004809400205600
400090108000000259000700000006809520072000000080000006605070000000005010040060080
620000700700004500903000060200090601000000020001003070000079000000051000000000105
800000003000000250007300600308007500000000000060040018086900000090000870702010009
090200000084090300007500009000000004002001803000000600058007000030002006670000020
402090500010500800000600003000200000090000040840000000007000000003106070000830002
065000020000208004004000000830097000006000000790000040000050008040020360003004500
002007000030000100000000049070000060900080000000100830050000006019200004000596002
100400050000802006700050000000594010053000000400000002638001090000003400004000000
023000060000000070601000000000050000030000009059001004005700200200800610000240005
890162500000000006400095000100900003700000950950020687081000000000000030500080000
500000000000003002000005180702080000006000019000000470800937000060800040090062000
200000407904000000103000090000081004000200506000470012008003001009020000700000050
002000004000400980008006120900040310006200000003600000000000060081507003070000009
008040007300600090200090000087000000000000000050000418005020970000016003002004005
400000300090408001000001007170000095059200000040000080002704000000003009000080100
060000000519600040000005020000036900700002100035000000000004050640800000002007300
000000570008030400005000000090000050400905020003002008000003090600020000042600003
100052007006000008007008053010000000400000100002000080604005070070200000005410009
050000640060090038000800000700003009500400000040007013010000700000030084000205000
020040900700000600040690085000002000000900030068014020000000000094100008070820000
208000610007009000000000070040003000000207503000000700005096008180070060300010000
704050000001030060020080300080600000300045000600000510408001000000004650200000800
000006000004000162001403000080300500000000800602709001030507000970000005200090000
940032050080060000500008090020009000310040000000000370090000001100000007007000530
080000007503002900000074100004960001000000600060400080008000005000010200009600000
600028000024003000000900000079000010000000039001000206000014007050609000030007080
000756830100000760050000000540000080730005006000630000000000000001390000200407009
007000300600001025008007004009003000506090002000040009400005003000020010100630000
060070003005208061000400500020000400040160000800009000030590010000000000250000000
009501003032000000004000005305006200000000600060090508200000060000480000093070000
500407001008009000020000000000010500800060000140008900700006000002000003003500470
210000030000006090030000007970300005008702000400000000000400000700060040800009150
050070080000008900600002700074000003005040607000900000900423100010009000000080000
604002000000080070010000000039040007005007190000006040080065000007000201200000000
020500060800012000000080000000630059405000301000000007097400000504300000080200400
000500000000704065400080001980000026010000070006005008100062000800009030004000000
690008100500071600040000090200000007010057046000482900001000000900810000480000070
000009080805100020000000006000901070010050009790004030000048000073000000040500097
000506000000210090560000700003400006009000040050000903000003000900805207000002084
000250900000060047703000000004009800108000000327410000000000050006000071400070020
000000000720030000051002300000007020080500036060000405000086000903001200800700500
007000500401000070000002086006070038000160000800003000010304060000080000795000000
000000019360100050000000000020000901004500007080007006008300000000001000045208700
009630050200010046000704000008000000050009100003000020000000607400070000800001005
006080900009000400000050030000060000010043000700002003057900080004008609030000070
020010060000980000000060400006000700400120008010003000890000035050000006060000010
003050000400001000007940008708032000200008700000006005006000024090010060000065007
700006010000500004000400800269000000000700002300000058500004760007030090000610000
000100409604000000013000005050800000000500034000017800007000090800900570501702000
200034000306010502005006000008020003000009060000100490010650000000701040700000000
010008009095000703000000080001600000030001000008327000903000500000040200200105008
060080070000006290900004600050000004000030100100760000200800003000010000008007040
000980000070000004100600005000000300003000900009030086000007100410023700080000002
100003000080000070095014008000600590009000400000000000810040000030082600600000700
050007000000300010700000350000200000004000800900710000006800007009060208400001006
045000001000060079009000000000007020010040050203050060020500017000600000700094000
800200000042000080760000003405098602020000007000060000010000004080150000500406300
001000040420907000036000100200000004000065070000040509000000006050009230300500000
840200900060000400700090006004082360000050000000003040000006020000900078006307000
500000000000418050002700046010300068004000000000809200000000097209000500037000000
000080000070500024010430068030000070100064900200000000300009000001800300065020000
020037009800601020000900008090000400400000000601000092700216000004080100000004030
000100239002500000008009600007003000000070500506004100080000740200700000003008005
600040000000300900040007000000206000001008020806570000000000370304120690500060200
000100700080000310000802005600090100009600070024001039060004001000020050002000007
100003000000200900000060050807604000002090006004000000000058709400020680200000001
000000204000300007007560013060078000240600700070000300390080000000000050000290600
400590000030000200000100004100056000902300000040008100020600003300000502009000741
005020000091000820003400000080030007020600000007000900708309010040008005000002600
000905300100000470700600000001002004000060090430000500000300620600208009000000000
012047000000002000005600910400001000000870004030000006000000080608090730050000000
008510002023000000000200086070006058500007090030050000002400000000000019945000600
000103008590000010000500600004010007700000000010200006049000500000400080205008090
204700600009061000050800000000003090000600102070028500000006000080000007900470001
000000004900000000004250000002800000000006007065100089010602940086001005700000201
509002000080516020006390000000004006008100000700030100007020038000600005005000000
060000000900200007820914000000096100006020800000400070000000791200309004000070003
740960200008100006900000400000800000060201040809000100001050000400008000000003860
030420850006000000215700000000090002520003670900100300300050048000000000100008000
008100007007000100005200000060004030000670041000008002000800305810409000050060000
004260010600900000000005690000000000006028050052000000381000004700300065000004087
000000090020000005000914003050006800000030407000100030213050000000000000070400602
590000010000500078007000000000634000706015000002000300000007940019050800005080030
000000080060800090290560010001605000906000000700002130000004700300207000000050003
900000014010000000000000602120750406704001050008004000000009130602000008000007000
010000800000830107007200064104000000060001300000520070400000000300004920000003000
000000900200800170000003052006502009000300000104000500012000040700200000000090030
000100579000035080200000030080050000072083006940000000600000040400079000000008307
100004000000200530000630009000050080900021000040000002019005300800000061600090070
000009400004080300000000075709004600000207000040000130002056000000970050008000010
390000100000500000001008000005190070000302000024005080400000500050901008006200090
000050043010070060706080090970000000000710380004000000009040800600000030050600100
700081006050020000009006500905700060030000400000600250004000000000000004000300071
000605000000102960000930000300026008009000040082000010010070000090000680003000500
100009020306000000749600000003800000000702000000090005400075091500406700000000000
003000001000425009090100000800006070702010000000000000409200000000047800070509600
030700004000301000009042001005206000000000820068000005800010097040020600100003000
070096040003000000800007000086400100000000000940010083007200005000100430000963010
065003000000000040384010005000275009000008200000090400706000920002050008040000000
000030010200400000005090860060300004010800000700061005600000000004050001090000057
000000030607300019090007008309106870070005006005000000000500001000042000002600057
000000086900410000000007000700058003012000007080040090000074000800600300006090240
001300009050000002002780030000002100310000700004000068097000800020000000800051000
009000500070206130000007000000060203007003008000510070000000300300020000408000020
060003000080607905003020008140780000070250080000300000800010003000000010000000400
500000609001820040000000003306907108007080000000000970005100060060030000072506000
320800009000500760000007000600000003050000000730004000000060002000105000008402970
000000000000830076500090008804000500030706000209000040000204030003001904000300050
054000800820503010000900000005006000000000004300000008200008360000100050093027000
510900000004060000000000002603008070801507000009003000000000600700009031000010084
015000429000405100000020507020009000349000000050080006630200005000006004000500030
005470012960000000407000530600000000000050490300700051000020000000090103008005000
700003020356000000000000001000000008000300270010704030000008000970060000000002609
020000060004190000000005001071006002800020000000009050005600097000001000090470200
001070500047680000000000006904000000100000730020019000000000000400002905005097001
007500000050008090002090001000702030306009000070040069000000010000250800400007002
052600000000000700000001030207005000000000006069007013000090080045030000020100304
700091020408000000300008100000020000809040050000600000000000735080007041000002008
400607000500080079000000402080100900090054007600000800906002500000700000050000030
084500090500690100000000070150000009000003000000400020068001400900000800000008036
030010620000080005790200080205400000000000000004006501009560000000700000000000047
060000001094000030000026005003500040000000280100700300059008000080200010000400090
000680002001000940700400500800020007006000300310008060090210034070000000030000000
009084000000003600000600000040000030080000902021030000000006250002070010800509003
006050000093006008000087500002009003000710809000000712000000060000005000920000100
000001607001004009700000040059020000030000004100007008000400032003009050000002906
400000093180050000000320050000904002270000000040000006000000060008000500007208009
004300090020400503000000000050000200300150040940200006000070000095001000030000602
000800007030000052042000000000002801200408000009103000000301000000000190000069025
500600000070800009000200537020090300080000010009004070900008040000010700054000001
370600000008000400040370600093020000005001000020007309200706000000005023000000004
008620000007000600310000028009700000750003040100000005004005000060000400830060002
700001003000600000000423501070002030019500000200010008000007090050000000102060080
140000000508009000003540200000000760070206408900000001000007000000920030400081500
005010300007500000096007080200000006000000010503704000000903000000805007930000200
000300061000008400040105300002007000600000000080052000010900720590000003000000109
700340006100006084000002079000000000026000040084060007000051000000000000007004521
000000000072053600060020300001000260003500409609070000000940000030260000040000002
039000600600000800200000090040010205003800700908200300500109000307500008000780000
540010000002000000300500078000367000610000000090000005000208350000000109020000007
800001000020037090014000570000060000050020000007304005000000823001070000008400000
910030000070000034006000100000317000000090010600020900002085000000000480050900020
700000000008010906300000105000000007020007000090350042006093800005820000000000001
060000000009200003100040205008905060600080500052300000840100000000000940000000701
062100007300007000070009000000040006000000020643025000000036508015400600000000904
008900060200070000046000080000000200004083700005004009060000000000100508009500001
205000000083605400040078000000003000002090530900040000000106000300007010008030004
703010000900570000080000001002098000000300500000600720000000014500040008019000000
000680000300059800070000000007000064000000980030001000800100300040300720000006500
802000001000004006070020409008100700000900020030000000000009000690003000205070010
209007014100000050000000928005000400000000080000706300600024000000500000904800070
100000006000000000080901000060000080800002560400007200001200009035406000000030007
000009040300050100506000000000004008083000000100000060024000900000800010007906024
900073000000000800030000490003060040040020050076004000000100705060500200002030008
046000000209006000000100700000003000430000000050602030005001904100070860800000507
000070004080000200007000003028050090056009007000006500000031000104008000200097086
007800015002060700000002006000000000000206030050100920420500100600040000080007040
000005070004000928900003000000200560000000002001060094070006050040102700000080003
300000070010080905890200010060020100000605007030000050000002580000010000970056000
000400070000080003540000009000650007000000240870100005007009001410306050300000000
000090800807000601609000750900180000000000000000020003060001005000006400020003070
100000008000107000060500002000000800980040610056000940005800079700600000000003000
000000100006401800890602007200007040030008701007900003000090000000000004400050006
080000000043000950020100300070900400904007020000061007000600040006010000000030580
050020600000051007000800000000019200300705009700000000020940300500080000000002040
090000060000600300760000500000005200503100000800030709000400008900021000000709001
004000006190000087008000900300100062000090800000702000002870409000001000010205000
000007903700400080050600042090004000400900300007310000029030060004000100000000095
060000502000000700200003091005009040020060005070240006500704000000000019090002000
500870000860009007000000008080400010050100739070000020000000041003204000000006570
700065000490200000500900030000000000000406075030000140040000082002040790010009000
008700000010000090290800040069005780000030000005200060080040050003000000000090001
800107409030400710007000080000001620400000000580030000700500090000000000005089000
003080720040300000002076000090700000080000401000604008000207004000000007400530800
006000013000700590050002000000000600008007302400010000000000000090063100005080920
090710800003009000000008002020600050500900008010020900402000060000300100070000400
000010000100204500706500000800000004590000080010040070430059006000000030009006700
000000000675000300000040006010703860062000000000900000030480010080000605400090000
070050903000000800090006100300500000047283000015900004050800207080000000003002000
010003200000450960000000500130000050980600000006172090005000600000000000000041030
080000060500000900000805002002613000900004300607000010000900801400120090000000050
000000080030601020500083000000008060940000300000050007701230000009000005352060000
060050010000070003715090400900020600000000020056000000070410080409600000000002000
008020690900005010400000308000700901001092700800000030000369000000100003000000470
000090060500300004042050008620900001007000020400000056000006005003000000290000070
800000060900004000030520740003600000500090000000150000201000900000005100700009425
500800002000040080000000001050003090410200050098000700000400000200000016079020800
400001000080009307031005020004008002000000000006300105040000000000800050200670083
004000000900000081810092004000100305680000090500036040009047500030000000100000800
150000098900520310006000200800000000060010009000207600200030000000080001004900050
006120040000603009100049500460000003017000000900004000040080200300000460080010000
040060007000400050002003900000500310010080400080000090000300000009008000067004081
800730194900080600300000000000600400070204050050000900000900060000000385000802000
006980007200000090000700052004020000000000005000060300000000180029003000050109000
700000080060001400000520100405000300000900810900010000000000000170200090206005004
002000005800002310007060000000900008050001790080005600000307054000400100100000009
010000090280000000003094050000300004000700000000460200800070003405000700021000908
000070900002000003603090000000823400007006302000500000400000600000005207010000050
009300000005000040000065003200010000006000008900070100600100270008043010100000000
700600000000080030050007084000090023090004000041800005007900518000000047003000002
150000008000210900040008000000000000092000005700103060070580300006007500000042000
010026080900107002060400030850092000000000000700000450000038000020900000400000690
000030008800190600006000009000000530360000000000051000080005700092600000100802040
080300000013050007000901000320000080060700290809000030094028060000000020200509400
005300000400058090000900701700000004000002030009005070004060002000000010026030500
580010200000735001009000000100000600002000094000620050050000400803060000004390000
200005860309027000000000000070106400400500000030040070700610020003000016020000030
003800029000260070001000000800000500006730190300010067000000900090070080040000006
910000270047000050208090000501400030060020000000800000090701800003200100000000045
060005802000000500000000006900001000018047090400000078000503020000904000005078900
001305207050000000700000100000670003043080001806000002000007000024000000000040095
004600000027080500000000080000000004000035008050004700100000060409700301000002070
240000700900600020301000005000104000830000240000030900090700600500406008070800000
000709000030000400800240070190800006000610030007000800003064000401007060000000020
007600000006907050100000000800000003070010002400000015080000400000005070000460090
005210060003005000400006750070300100140000830000020000000000006809000270000009508
030020090004000007000004200000806103000007002900000000019000430600700000300100600
300000009010009000800006257001970800000500000000008071608000003090800702000040500
040000000050809000918000700000200008000037200000408000000000020784500096690010005
009600001036000080000008070320500000050009006000100800500910060007000010090080502
008090030005806002009054000500000087201000009900070060000280000003540000100000008
150040000000001006080507300000080000000970400200014060400090057000000002090060040
000341600000000503060000000840000000000800900600093000300400080008002091000010020
008002001003060000100000758000900176302000000701000000000000004000005020000308090
400500000000009006000018702307000940001005000042000300210006000600090000000000000
000006002700200900003415000000020300004000070800600010109080600207540000000000090
400000700600450089090700000008200005000100020302000100000070000009036000800000013
059006000004010079800000000205007100000000800001000040000300296020001030030809000
590030008000070003800100000040900060900200000706000300000000904410800000050001600
000003000080000020020560000000000600107008900004900050010000700092410500000002040
200100000090000000008039400000080500000005000000400710730900140900028050000001002
580079001420000005000500008906000500030004070004080006007005043000000090000008000
002007004000000012601500080304100007010078000090460000800000050030900000407000000
300000000600000008054000000900020005000003200000085007800309070040002509760004080
080402000000150700003000090027008000000000000000001209230080600065000300004620000
000005074008000130502001600400090080080050001000402000010000029005070300000000040
693080400050700690004000000305001040000300108960007000000400000000050800010000003
401000000020000030070000209010000700900000020005976400000007600006405800000800040
810000050000000800003007400100904000004260700036000000000000390079020046400003100
080000700070000400500001930000910006000200004200740050300080002000000000049102600
000807000010000000049006000008900006000410530050000000035000040000002007004081000
007000020900030160300001000000050700002080046000000002060402310105800000000000004
008400091000002500906100000000040050085200000004000702032000006090003000400006000
000080030006000090020730800000050002170800000500400900080500000009000000400000017
010000900000403800650000000200000000040730600700509080000001000070802103009000500
000003605206000000100500007700050000000208090010900800400300270920000003000010000
070002600000500000004091000000900401800003009407000000000405000003000060908320054
000001340800300000000080061000950400007040100004000230050000020000006009000710000
200000419040000000009700000000005003020100000500040800057062004010030620400000030
002000000500090000807005003000900600609000170000800000093001028200070050000000007
001000008000060100900008070500000040300000080608430007004009050700020690000570000
152003000004070100003000400020090000000007600001000030000805060700010000000000054
000098340370000000040000000000060000190004050008000960000806000023000800000029704
100060803003000060000000040002010007000507094410003000829004000050030000000000250
000060009005008072007000400080020030000050040006000027923405000400000001000070000
006001027000008004705020800503060000000802000670000080008103000010000050000400100
000600950000071003000400006701060000026000000000003010300700000065004300809000005
789000001300000207010000000576000100000006090000001000000009050600075004100602030
109400300000007000004001500080000203000200100036009070400002801000603020000000000
005060980000900006000425000800040007070000000190003000020008090080000030030050004
700020000401000007030004065009005000000600023360100009500030080000007006000000340
000000004900203007020700015010007000082001530000000400090500000230060000000004020
000000070700000840042000506050008000203009004000320009400053700000190000001600008
965008000002001080400000900000000100000006705197000004020000000009020003080700601
040000070006490028000000601508200000100000059607000380200608700000900000003000000
000650000300009040000000802000070050013000000680030020020480030008000000100502009
500000180010000000207901000000096008700000030000042000090030000000070009306100240
409025000060000700007030100048000000000064059005010600050000062070008000000000900
003700000050130002060500019380000000709800400000000053000900000004010008900000100
295000603400000200036000000080009000100070400000520007000000910500340000700102000
460000000502008000008030007000060089000007001000090000005000018900021030040000705
000000009709000830050000060000054000200006000000030040820090007031740200005000600
070000000400005007010002060080003010003090806009050030000510009200080000060209000
000700100000060030000021976076010000001000009900004680640100200530000000000057000
040300080972000001000060007600100000300000002058000070000000000400092800203680004
400100000000000615060002800900560007006030000081000460000900000090005201000073009
000800000020431000600900810100500090046008500000070300010000085250090000700000000
740006003000000800000000009000020000060300001910000000009000600200070500000052370
005020800019000000000050009060000030200080507000600084071060000008034090000000023
000020716007000050000015000300802000598000000000009000900380045050000000014000602
090000070032000090684000002900002500500390000000000210000030084003400900001005000
000054900000001030580900000000706000700000180010000070900045000006007510040000200
300900410000800020090000070009008000150000700000010004400070380005430000003005200
000305000000900807200140090000094700009000400050600000301000000007008504000001008
043009000800300020070021000005070009000508000004000080000000010100086074000090800
009086000000050040000000907060000000005061024200000700000005000318900600070820000
007100905010000000048009702005000090001640070004000300000890000060027040000000600
000005060070060098300002000000000004003200009198050000050000400000400150010080070
480036020039200000000000905050070000000804500092000000000001400100500207000060000
800015040005020006009600020600004030090000000000100008000700400502090083000250700
530000490006008005700001200000906000009207100000000007000180049000700800040000003
000009723700005080003800006000004078000090530004000000000050300048100000610000000
900000040000000900040005008690370000000000009700200560000630004080009002003020006
016000080000000091800000007500390000002100600000000050040601300720040000000200000
000030004030700510002090000000081900500900003200000000050007082001056070070000400
000000400000000003400020800500800091002000730007160002060080000000050300109037060
097080061010000038002000000000008000000600000005124900020005809100060020000003000
090700010800010020620000058080050200709000030000109000100980000000006000003000600
600000850051000000000070002009000500000806020200001064010009005070040030040005000
010068030000000050008300009000000004001000000409580100060007000090003420000600570
040000000510080000009065702800400091000920004000000008730006000004070800005000030
900060000300507006000001049030020000781040600005710300000200104000000052004000000
000000050030070409700004000070400001043090062900000080005006020002019000000002900
400000090000007301005089020900010060067000904830000000020030800000070000001200000
010840005000000300004007800400200009080000000050100007920000001000600700061004900
000634000800000200000000030004003000089501000050020018090800370070010000006040900
020060500500280007400000009802000600060000000710006805080004000090010700200950000
000120000000600020005300708470000000908000050002780040201007300000850100000030480
738000090000060000100003004956000000010000700000100080024000000670040001000900046
500002000080100090940300052000400800010070200006090005000000008700600100600000904
150000600007400000028060500600004800080001004000800200016270000000000709009050020
030000072490000000005048003800400060000900340000060805040170000000000500001300000
090008000108000043000900700000609008000057000000000061000300000470000000056041090
600903200940010006108060007000000720800000050009700000000000091200000000000804600
000904030000208501050600007004709002026000900000000100030001000200800004070020000
060000200020090005008100709030050000200000000087000010000000002000804007009305100
070002813000000000000080050000010000940005001005900000000069007020800000087030540
500000070000000980060508030013000800000007100000906000001702000009600000680003000
290000050000002000600000890050060030030000708806040000100500006000070900070890000
030001500950000003007009000800010050004000009200000100000000080340020700070860030
004005600090204080080090000010900003000000700009400100700000010051000406000082070
000000010000040000826910000010260075000000000040500092500106000070009080090087004
004003000000000901030000000507010000002070009090806020080000003006028000700000260
580300000000008600030200004041050000000000000070800021900005000054972000000000070
070050001900000604000908020340800000010362000000000006000030900500600000407000032
007000039000070000060100240000002900020057100000010000005000002704030010008400050
305000600400010009028000500003007000050000000000600940800030000000240000600000810
006900050700000001030020000200000009010400600000800040040000000000693000598070003
009000050400000106850000000020080605000260070007100008010002700030046000000030020
003000000000000640890000000060001809100007000300850072000040023005000907200000010
500800042001000000200003700030009070000000005000400160009007800080620093000000020
070000000600580090000000050304000008080001700009004000090052000000010000061078024
007020000006040180900300000000000010400803000038007902090000200000000005001204070
000602000000500047100790800500908406040000908000000050300805100016000000002370000
000020784000800100000001090080060007520000900190030006004210000000087409070009000
000006000001900000004080200900000170700020005006510400300002040000108600009030000
200000900000510000397008000000000126000001000705300000004000000000200407020006090
012800009000400080030160000000000004140020500300690020800000003020300640000000005
000008050006000002120000960200070000000000790035000000082004030003021000000007004
001309008080004500732500090300200065000000700100060000004103000600000901000000400
300004000200000070000016000009000207000000000005300910004200005107800020020000094
709000205200000040010040006020070004000300000000820003000008100090405600670009000
005301000006040300070000000007000050090150000000200608000000500853700009600800040
000000050105360000040000060060000000432080010000500800600019040000830000000600107
800600200000100706000050010002714003008009002000000050410003000079200000000000900
903400000000000040700000032004080900090005007500900001070010000082700003000030064
000005000000001200400080100180007605206000010000900040007000000009050020005004007
040003000070000000193802000000050089039000074080000305002000098000610007007000000
000400036000080005200601900067000009000907000090004000809000502002008000000050040
050002000840000570000001000070000014008040209500600000069000040000028007700000900
000002310108000005000600800034000600000000084000140007207000000506080000000409050
000080700703040000050000906000000000070200003060501002002100000000004850500030204
080001900790308000500000000000000820070905006010000000000080500000140003300006409
039007000000030001100600200500000893060000000000094050003209060600000000040050000
070000409008503000002040300000000070260070800000008003190000000300005012704000000
300407000000093045007006000040000809000604000072000500060900003500000000000100620
000000096490002005100004300050089000001500000230000900000045000003020010000900700
005300081000050060104000003400097000090004000067000000000000030000680000008029400
060700080000005060050090000081000700000000002000004036300279600820000004070800000
050060301260000050070032008004003902036000070000700800000000006000000500047009000
900000500340100000062940000000800000020000050000004063700002108000000097639000020
004035010200004008000000900000070090902300100001000030000090000035700000000010640
002000100149002003000004002807000006090060070060000005000000560028000030004017900
000000780600790000020085000000600000080070920200003000502010003090006010300900800
000350600080000000000180070050200000301000000006034100870500002400000006000002000
600150400000000006780200009500020800000080090002670000001000008300000541000500200
093060000040100000000000605150090002008000960000700080000905020006002030010000800
450000009800000300037004010008170600100000005000020090070000900200901058000000000
800501600140000000700302000000000080306800400000726003400000507050000010003000200
080030040001000000000720006006000309300670000040009067805400100000900030000080900
100000068075000400200001000600039002003500900000400000780200004040050006001800000
005090010060000800804000003506000000000000038020500009010809040080050100600012000
023007500640003098000004001000000000930200000000700820000000004400000700008090050
010000920080690000040010000001380000503000006000006070000008007008000509700403000
560000000007000000018605000070050080200000001001030070090000120000098003052400890
000000000130409078000001020006870000800000900017002800000090043000304000070680009
406002005250007000003000000300004067004508000090070003040600900605003048000000000
000040000903500100070000093080007000061380000000000500040102000030050702000000061
000500800000000100500000079000000002000604700270000040706009005002060900094300010
001300090700000000403200000009030005500000080006040027000001072050490000000000508
090020004040005690000300500000000000025001060001450370000000008280906000050000010
000027100020000000300001040600908070802600090003000050009780000070203000040000010
069350000005700083000000200403080060000005010070000000000096007100000000002000430
050600300003040000040019000020001065000903007000000100700092800005000006000005003
080060500000000024003001098000706001020030000370010009002080100000600070509000086
073600001000200604002001008000004706009780040030000000000100000001000500000040309
000003005008007000750840130000270000046000000200000300960300200020005060000020700
700008500100407600009000000000021003000070062600000070070000040090000000023500100
007000023100036007008000400000800030000000500206003001040000009060090000970480050
020000006040910000713000040000500803830090200000040005051400090000600000004700000
000000027000205930000000004070090013006004000000008040200000080069020000500403600
000230000700000100060005020000000004040008906008010000000300000200100743900580000
400002590000000100700003080000000000070901020300060000005080000080250007010000600
000106900090000030001000008000081200005000780700000003079800050010067009508003000
300082600005030010080000002601700040002000000708000000000000090006023000000907003
082005000006009040700008006500900070000607102000000300003006507000800000000051090
080050410030028000009000300800500020046700000000100000091000006000009080000070200
070054006060100047200060000600700000020300700000820050708000900000071000000500100
000009060600000981001340020300050090000090002004801000510000000008005000002030007
050000900107000003800000207300000800006700000000980050032048000000006040060050002
020000100006900038109000060003050000500008000090042000041000090008030050000020006
020050010080000003094000600030700005000800002000030800040308900000020300100040000
020000000400050376703000000000001400005640039180070000008009000630000700000000500
000006000001000904004007103090600000008050001100490032000000005370800400805000700
068120097090006004000700010000000800400000050027040000200009001009000076000380000
030000000001003200800209004500090407040000010006010095000000500405080000000304000
000000000290058001005904300000001000080430000100005640500090000700002013000000070
005000090490800701600092003000004300080005002007000806000060007000400000300009000
090700008000000200070002950205060300103000070000030081000028000008000003000050004
000000010057300200000090004081200000000070060700100090005040000890023000034009006
000001000005700609800000050001000560020040000000028103000000300500007090007000001
500001000001904007400000060000000070600000100000812300090050000002480000053200710
900000000020000000030086000000300602010000070000609058008070010200061005073400200
000017006000200000010800300070000509081000600000690200400360070000000000002008030
030502004000000020040000600069000400050010830300006000080600001905007000002003000
460000000000000350000008010000370000500001470016020000005000020000700001100042096
000090600500300000007000810080050000069007002000204008040009006021780000000000090
809003700002080049060010000091032000430000620000005000010000200008090000000000014
800000000070050060000607900004000018003006000002095600600103050010000032000000000
003000904000002500000001037050000008900470000000600070085100002000060000010009300
060000970205400010000020000009083007000000600000050000300008540048090001070040060
000000000000900030007005090630000000905000001021600040003500004000020006760309002
800603700309000000006080100003401050600900040000000830000000000930005000500306008
000902580008000000002430001000500708001000002700000000060010305030000900004000070
407000900200005080000200076000300000100600002000002065000930000078001000500020009
900000000005300007310000600000408203503000140400060000000070800006090001170000090
060000000008009001900040070029070105057030000000085007006304090300000000070000008
005200000200000600009048000050090000004503002080100900000307006600000015430000090
008000534000100700090003000000080402500201080040030009004000273000000000003560001
680400000010002000020589000274000600000900000000006050008040209050000076009000001
003000800000070900090500002070010000920000070608000000400082105005034000000000360
000030100920600000004010065840000703100027400000000000000001090000050640709040030
000006940006230000000008000000000000004000390753000061080002000010963080095100002
006000500000027340080001002070000400600030100902005007007890010200000000009046000
000100005000030100000008690000004030000060200038009060006203940000007000804000500
006500000300460000780090000000000300000000024094000650000000007103000400040870530
007060002090035000600000380030100000050600904000040000000300000003070010000054207
050100200000230000006809010007000056004006030000040000095080300000900000003000720
200500900009000007006807000500014003004050600000600008400000020000002170630000000
700052000300080600000001080000900502004070090000000001900000170510004009020007000
010800060509000000000060970800307540306000000000000080020030100081094000000005000
060798000000400000300600000000800003100000064000032800009500087470009001500000000
082400000600000050050030100000025091000600020070980005800000270007000800001000006
000000070508070009002009040030026000000000000405800017001004098000000000067012004
002008004000006700700000051800140000004020100009003060040800000200000300000054006
500040002700010000002007000000900025300600000087000040000080200000000360610005000
007400000000005008009826000875200004000003000600000020900000400030000000200754960
000030076040060000100000000703100090200000005000042800800700500000000200305900000
089040207007800000000007804000250900000010050026000000060000098000060300070009041
000000000942008600050000073000030008509001000070050000100900032000040100090700060
050000002004600000000800039500060001080000304000900000046050083007000090000700400
000000009008007050000540800100000070705020004060000090080000400970005103000610000
000506107070000000000020408000000702000304000180600000050000300620100050003405020
010700000000000025000420000009060010600000870080300042030070980000150000004002000
000000000057000104030000005008009610000600450009003000400001070000350020060900300
000000600007430010010000089050060000300100000000000054100800430008200000030705090
300090040580000000000006020603040009070001500000709310007350000100000000000087050
000400030000012000000003800504080060000039007809000000048000009000007000601050003
580003000000009001000040009610000500052000000000000034030214000007350800400000000
007010080000000104900024000000506010010300009800000700080000090000207000096000400
000000000040300070753000009970600003000000000600723000800009004021070800000530000
000070000040000700000601390083000000004025000670004000061400200000507006007030901
050010003000605004804002000301000072000000050080900030000100020000007006063004000
080602000100000805007001030040060091030040200000009006000900600075300400003000000
300000000080001500000006039570030094008000010100045000620000350014600020000000006
020000900050000000004002600800013007090000005035000010000049070007100003060008000
900000004005069000000040078509100003000700000402006000004000009008070300050030010
502003010010400030900000000000000080090018700050390000100000570400001600809502100
003500000000007400042000061010003048000900005306100000600000800000000170100409002
006000700035009102000000060564070900800506000000900300100040030300000078000002000
000061700402500600000000050089002000000809000050000060305080000020000004000017000
072300450560000007300000000700900013000700500006000028800060100000504080005070000
030210400100080005000040001010509000000000540720400900300000080002000000050067004
008000502200601090100000000000000009050000000030090160406502080000104000000030005
920000001304000000000009000000050980030047002080000070000000000018005090047031500
600007013040009000005400028900508000010900300000060000021800000050000030000140007
100405600000100090006000800020003000070000008001809002300040910060900007000002040
009020600060000040200500908008760000097000000020000380000000400001008000540000002
600000070004500000230800009800050000000002080021040500900000006000034002300900040
060000700700000040308000000002000504405300020000000090806070001010490002000001300
070100408500000620600008300060020000002000100005400000007306205000081003004000000
000500870070300040201600000000001906600000080048900000000000100002000307030050060
000000004040000050003050100070040039009008500060000008750002006000706020800900000
000036405000000000201470300309000000050000082800600001000007000900040750004008000
900000003008040005050000200067085040100090000000000000700038000200050030840900070
000370065100005008057000000000006040010002300700104800801000900000007000040000650
004002090080069000000040000030006020100087403006001000800000100000250000009000038
070000000000052400002307500108000000700010280000600009809000006050000100200904000
007000000006050402005907600060002009000008520508006000000600708000030000400700903
040037800000000000000000230005003001409005000008004600070000502200000060004108007
906000080000007000150009060000000000691000000000080203400000608007500300009010000
001070030030048000080000020008300196000000000200000500000006000004009870000085901
090005000001008004502001000000803000010000003069000020000000300900720000600000908
004900080002040000800006000000000004357002100009803005000005069100000200000020500
000600073409050060006017902000000700000004000000300020500000009097400038020090000
070000005000270060950400080580610009300904058090000000000802030000100400003000000
000000300009786000006090001008000900007009030030500802003060000020000040090002010
009500800500071060070003090000680000700010600092000500040000003000108050000000002
090007100070810609054000000000492000003580200010000000800300000000004500020000700
009070405040600020008002003704000090003100050000400700100000000000000100907000038
030100000002004000001050020470001350000000002016000078000469000024300000300000905
004000060023000000080000174040000010000068200900010046010340005800000000000200000
000050000004600009080700300009000002201040000000006084000003040006000003070090610
020004108107800004000000200049100000000060750000000600094000000080000005070030060
200040000800370500056010000000000000000120058007004092060730004000500076002000010
067090080000000204000700901008916020030000000400507100200000000800024700000100000
080030400407090000900004700009000003800760100500001090000500007060140000000000060
130800000200050000000900010300000004680004091540600000000237060000080907000500000
402900000030000050000000201008600007000098640000070010000063800000480705050000030
000010325000900810000006900010860700008000004406000000000400090000023000350000600
500080100080079000000000000000900306050040002120007000006000000000860904070120030
000080400000009501300500670000900704780300000000000000000410000008000009045000103
900006570801003000030000000060900800008000200004600000500000790000500010100890020
200900005010204003490000080003090004000000300000800057100600000000308002000020468
300700008090000000640000002200050060000680070030000000000800603000200590401096000
040090000500007080000020694400000000050010008700006200010000500970042001200008000
000980700100040002000007039001000200304700000900006000007420905000000000005090040
908000000000960000030001000620000300040600807000004150010000504000009001807000000
030000008004010200000003401000007000053820600402000000206005000001002069500008000
000009600200407500600520010000002060000000070701003250090006000005090008030100000
200000050060083400090070080700000300040900000000600590020008001000000730000016000
200000000100600040000270800016004000000008452000000000800400065052000370900000000
000200008163400090500009000850300600020108007300000000000000000034000500000736010
200050470004000020001006800000005000006000008700014000000580009000090032002061700
004900002000000090000300071092700000000250004080040003020000050600005000003000089
300020801600408720000090040860009000700000900050100008500600000037904000000007400
600000000289060400001000059000200800004095030000000910400006000012700000030802000
804600390020090040007100080010005000006400020003000070000030000000820700200000004
200070000500001000074503000700080006000002000018006304000090650000800700000100009
000040000530000000004075036801060000070000050000410809120000003000002060050098400
070804000100030070000070000203000000600001000000006413005000006002043900000908300
800005400400000060063001080002000900050010000000406103017900000600000500005000002
020000060304050000905000070000200008400001002600000040700004209090600005001092000
001050800020890605809000000000089400004006000700000086002007000007000030000040920
900600000000000002082014003005001000410036500700000000000720009040000080000003021
030400206020008000007002000003200080009670500170009030006100890010000040000005003
280007009000090400000100800006000108008500002004070300060000000700000030100900007
058700006000006700030900050109800000000000000364005090020500060000032007006000080
005700000010952000000600040030200500004001020750000064200008000008000200170000300
000100006800405000000920004010590023700000090098000100062000800570000600000007000
000803402980140000400070000003400906010000008040500000090200001008000000000019003
010000408000001700500830200056000000090000001700603009408000000300207100000004000
002800009083090012070600000000209001014006000000000480100500008000907020027000000
901040300000709000026053004000006700002500000060008020000004030000020875100000600
230100008004050060900000000108600400090240000000000300000700105050080007600030200
020480060030050040007200030000000506000600003003800010600072900004000050009040000
060200053008009000300000000601000090200300075003800006000010009097000002000007040
007000504130006090000000020000508900002000000000200075890002000204800000000050060
032800705000017400000005060043080000500020000000009030080960000005400000260000800
000000490000091006006300008510000000007000030000047000003005004090780250280006003
000790000090102060308000900800003200001000500060040000002000000954001000030070009
003012900004000070100070002050400800901030000000001000020008760000600100000005000
000080002020031000085000010300000500000200903000007008010043006006000820040006000
010002000264001000005400090800000009000000680400050000020000700000000062091300500
710080090304001000960002070000020546000956100000000030000208000000010700003000004
410007890800230000070000030600098400000120000000004000001000348000000001005000207
000020000003689040000000700005001090004750600070008500020000000050930010000000400
000504000530009000000000008005016080309000751040000200003000000070100060608042030
020030100050700960036009000000800006040000000501000300800003050000647000000200007
080002005020000040674030008000004030000090400000620000200750680190000000000800100
305004008060000200090001500003060000007003006001400080500010900080000010200050070
003001907780000300061004000000029000007603050200450003604000080000500000100000040
000960000009100700700000040870000504100204000000000900350000000000000600040870102
000080010100000006000000790850040000040096003002001000060009042090000060400003800
300050000005000900000408007208040060406000030010000200601570000002800509000210000
000009035000206400020010069000040800009000020060805000000000090700000000080160004
000900000050072090300000000800000004045700020091605000000500009020030108008000060
010000000470000100090030005000000060008097001100200750006020004700650200500074000
000000200090050004318000090050020601000907000800060000400000000000004830600510007
000406090000700410509000600002000760380000000000930080800040000106005020034001000
205061000000005040640000000000020900090308005000000000500009281003000004000580070
000040060020900030000701009819000700054000000000080000030000005008513600700004200
000000200000702008009000060500090007000200030001000004040000070086059000050001600
000000000108007000004006207005300004000560070340080900000000600900000000010800423
703050000000006004005000003180000005006004300000070010070002090400000100032090600
004000056006940000097001020600000000080002003010508000000000600000006007900800540
000000400800009020240103050007004010680700300053000007000640200100000600000200000
030001700008000020050700000000030600400000900001400000007500260200190007300020800
000003582000007000000908400046092000500000000030000800400000206005009000601800705
200108400000003005800900031009005003000000520000000008007020900053014000600000000
000000008800200310100800206004090700009100000008000560000010000700600400503000000
020700000004098050000000780900000002500006030000009608005042000060010003100000800
510004060000200800800000051000603009109070000000010030050000403007080000000000600
020071000006000050000800704000057000004000800000910000063000102007390000008000060
000000400081060070300480000810000097062100000900700080000300060000600200050000004
000634000090005040500807060105700009000001006000020004009500000417000000000000780
040280000100090005025000903000000097300600000000809060001027000700060032030000800
001000800609700013000900000000000402904003008000802000080030061003007000210000000
070000013001052000000008005000900000020010000965800002890000000000000076100006050
000000002504006000070104000005000000300080001900005067090800730600070000030090040
080107000003650400407000009900301000000005200000000173000900060000000000054038000
128040000050700200000050600706000401280003006000200000005000000000005309003400500
000064080000000561000500300001002000040009032300000096200000800060030009009075040
060500008007030000000000000500000001270000680000094005010005076000006029040020010
902085000010400090080003050000900070007500960000030004600740000109000000000800001
000004030860300000003900002200009010000005609000000070020100407600500800010840900
400006500035921000009000100000019400000600031000200600083000000012000070000080200
000000080200000007006095000008000654040000700703020100080003060900600000302070000
000000002050000000000617003020009000081030409003700000006000020000050004002001507
000406000090003070071900083207000040000260000300800005900050000000000001000000620
210000000050070800080402006000300100009000000000040035308200060040000001007000380
040090007609000020000700000000000100005024000062000045200980070000100500014050030
100000827090056000000000000206003000000021000073800009000000050020007040008090006
400000000000000497000205080000010004007620005003000902000093000091700050078500000
000040065300000004700060800070030000009502030000000029006790400001005700000420000
689000000000600080000170005060002800790030010004900530000000000050000000007400201
508000049000501000037000000000107800000003007050060003900708010300000700000009002
100500000000008710000090002980000030200050400003000200030070000000900000018000360
003900600000002000200810009000070013009650800080000700800060200000503000000000005
037000025001030000000700600003200076004913050000000000000005809090000000080000107
600000020030600000097000510000702008009000000050000300500040000001005090002806000
005102030000000000000004609008200000000000700300500400073000000090050010100007206
000056870080390050000010000105030004700400900000007000000170000200000501050803000
005070000000960500001300090002180000009204000050000001904000280000000600200400003
005190000040000290002003500000001700300906000650000080000050600009000008080000012
000600805040000017080090030000007000025080600000001003600000000030410700090000020
460000082000500000205000100000908050000650040040002807070003000100800090090000020
200000090060170500003600102000000000091007006000000027000396000000005000000080940
801200000003010007000400900500901200200065003700000000100009000002000030070000804
001000087004300060030000050000700102080000000460010000000008090906000000050040006
008003400000800007000954080600400900150000000000030604400001009070000206000000370
001870309002000100508000000893700000020380050000000900000020001050100000300000760
203010000005000900008300000000100020000050000600800703040020001059000800080070090
000201030020000070007005000000008507001540000209000000080006200000000100693002000
000400003000000200340091500009574000100000800070000009030006902000930050080200000
002050308090027040030004000000090405700000900300000010000006000074005000050100006
050000800008040000370920000007060090000080254030000000000090100002006005090200030
000900510000000006030080409000600003100000804000071000504006980007009060000015000
000000870874000000030000501900407003305002040000150000400001002012006000000000400
605309000000400000009086000500070408700000010400003900000008090180000670007500020
070850000000000600085234000006098070004000010200500000000100500500000030013040007
008420700410050600007600800000076093000130060000005000500010000800000100002000050
004006300000000078000030060200045000090000400016000900062100830100300000003560040
900800004000004609002600000203000050000003000560000400780001000001037500600200070
060000000008000009037000068620010000000080020001570090000004056000009700805200000
000000000047900001850000203400700008009080000000004000000009006708060010020005307
000006001690004000010072000500080620008900000000040700000300070005000090006000004
542009000000020000000840005400070106600300000000015007007001800800000070305006400
000000038050930007000056040000400600000000024701000800078100000602070000100690000
030206000609004000000010500003000056090600030100009000000082403007000010400000080
237000040000900000500603020700009004006100050002050300009000801000500000403000000
000000008530060004180000060600030000020008003000090500065001000000004020040006705
190003000600200000400000290000030047000589020000010800050408000700000000000007109
001009000236000001000300805017032000000700018900000000000090000000071050074080000
700380054050400100000050060000005000502000070040000003400000006800107020020090015
007050000000060093060090701500078100610500000003000800890000000006000030104007900
040003609002060040500000300980000000201004000000520080000000800300012000000940003
000000500000628000000050007308040000006000040900007810005080006000300009070506300
030000600000500010080900400600008140200000000700200080000043050060010020100005300
000080000090100030104002070020000006076250000000006000230000800800004750000010900
090001000200040050100007009000000901900180300000500028020000030050000007034290500
106020300008009004050000078005048010600000000040100000500000003080705000000003040
004009006700000002903100400000070359000000008800003160000000040000097005070056000
009030060000000100004600005002000859040008000306000720008070500200004007070000010
004900600001005030600003509008000400002506800000700090080304000070000200000009000
009053000000000700086020009000736000500009006070000900900080102010000060000400000
000100003080002091090500006537000040000000002040609000012970000000005030904000000
000047000103809000009020000000708060004000090000600023050400700270316000000000000
900004000000020040140090003010040300400800967200060100000003052050000690000000000
000000007000092000079001006000800340400000100100406000017003000040070000650920070
000302000800750020004000907700100000006000040000900800290080030100000080007003092
500900800040200190000304002600000080170500200000008005007600000020000500000002314
502000030830000004000700000000009000004030100600150000020307009000090710100002005
084200070000500000007400300009000005020700806040950200003000000050030007070120060
300010020801000000007000059070600000400020000015070008040080300000063000080100090
050000060800040200104500000200300006008000700000000030002084000341002090906010000
010000700000000050502000000000906025300010900400530001040050000900700030600800090
300410208000000000070300000000000009640032001500800000803000057060009300027600000
005000900000900027200700000003009800007004006600800430006080001050046000102000000
000000520890400000520300049400090001000010060100700003086005000000087200000900006
067008003003000402040009000000010000420706008006000700000580000871400000050000304
280000000605040900000507004000003017300060000020009005009720050000006000000900002
028009106050006000000170030200000040000010009000700800040060020800003000901200000
008190060712000000004000380800003009007050004000000100000010902400008500000500000
000380060009004030600090701520070100000005000760001040400800300000000000000000002
002409000100000504000300089050000020840900000000006010003800145500060003000000000
090001020200400000103000900604700100000008000012509060060004002500080003000900001
560820000041000000070004006000000069000080300100003078004000002806200090000105000
908030000000000081410000090200000000090002400300900500003005706060070000007021000
907010006006200007003000058820000030004100000090470000000008009000000000060790010
000050001009080500005201400000000000060405020010030000070000049040002000802009003
010000800000060000000208093000802704400030009080001000020080005500600070030024000
601400000000800020000200570000009300003080000004705082000000005500070003060000400
000000903000200000000048015000800000061003000000000032010090750500100060800027000
000000008270000340004060170008000000000904020500000087060008009005000010000103400
000000503210004600003008000050090004000032800060010000900001400100070009006000007
200010009004030060000000020300004800000870300005060000000000070061000004900200008
070000005002001060000380070700900000010000230090000000020008610000092048060400000
010400000060102850009800400004500900000010027000020000000000610090003008080600003
000020000800007004060100000200050060400308090500010408381000000000800070000040002
300800050000040106000000009086700000000080000204500030403000500500400001061900070
008020000000305000500869000006007010040500000070200000800000105300090280020000040
010000000080300000200004086700100605500003008020059000040298007000005200000010000
002010000600008000590000070009020108701600002000900000007030080260000430000000700
000401070070300006000008009003000702058600000000007000200000001800003060400000390
000900050200850006000000240090000000514000800000040001002700010009002607001500080
040020000100600007009700000000080000901006002003509700650000073000008009000000508
000070524006002070700500800149000008008000300000020006020800100000030000897000000
000000000001060030380501000860053040007000090040100000000270500030000008000010200
607020000010400050008013000063200005500004000000007060080030000405600100900800002
700000460100400003060700010050020081900070530000180000000000097540009000609000300
001060070000000508000002000200510800860000200000700090410003009030000065600004300
040070006017000000800009015000300070900700250020605300000000000008010900004008020
004000509010040020000005080070000000001007900400020030830090002005306000000100800
007000000500000630200006080000001460003050090006807000700500910000200000105000203
000670000006094008700103005045200300000000890000008000007001004490000003003000500
000070040000000000450200800000000185020000009003000400809600070007092000260500000
010070030040905000009000004095200000006008700200040006004000001950060320000050000
300900410900045003640201000503000901008060020000800060020050000800000050000000100
600001040000960010001704000810000072007640300500100600385000000002000807000090000
010000020072001009600050000020400108000309005406000070000000000000608090000924010
400000003100480000002030090050000000007360500060502700000700030500000870089000210
060800700800507000500002090070030900000200080003000507000009006005000300014600000
005080070000901040000200300003090000050006003400000800006000500070000084002057010
080000000000208000003005200008000960000000002695730004000003005900800100050090007
008030000010020007000196004750008200900700000004300001000071003000000902003000100
601070008048000520003004000000600402000000000000102850300010000010300005090208030
300480005201000000000000600000000004097560000000700006000002870080003000072100900
704000008090800060100079000000050000010296070046000203000600400000005030080000006
070001000300800504060200000000060100206900000004000085000708060000000800800030009
040705000000060008001000000400280050006530001308006000020007000000000700070840095
000003020008050009057000000100080000060000080200700960000001000710800604000020500
000100400059000003200950000080000090000205030004070000340000701000008002000012060
061005090700004000000000085000090760036002000000008209390040800000000000010309020
006000003200040970080007460400920000000000002500006000000070300102000004070030620
090600000000530160700800020008000000040003000000000071300000600010062080409700000
030000004000001700009680203021000090000000040000308060014052000075000900090060000
002000090000040010000906004000000039070850000904060500080397000005000000309200000
200083000000001650003900000108400530050000400007000000000509080000370021002000000
280000069000200000670590400000601000000050030000020700405070000100004600003000001
000500037600008000907000100040000062000005003730020000082000700000004095000006800
096400070000900010000701500000045000500000009023000050000002007065007034302000000
000030001030002600046070000600000200020480000903000760800000400000029017000008000
080000015400000030000605407004090180001800003000001094900500000008002900052000000
000000000087300000650000000908020000000006005005071300010900407006008100000200083
060740000000005900010000004405010800090300050000000020000002100002809070007006008
004000600000085003000600000008000000703000400040370050600009040900040710000010020
590000000604500000030897050020009000108000000000610003000400590000000300000081074
002000080000406005000000002500090040100000007009130000780013000090002300600008000
400030701059000020170002400000000090300009200000307006008005000600020004001600000
810000950002050000000100003040905000009760000350080001905200070700008010000007000
000910000000000060028000003010040070890000006002100300000030000900420100403080005
020740000030000009004009526310070000200000010090005800000090050800203000000500030
700000903000060000645000017007080091000000300800000500000670030000009004419500000
027030401009000060000001200070398040100070000006000059000000002000810000060507000
070460008208700000000008930000000600100070002060000083000084100006500040090000300
003060200012000009000000645000030900005002031108000000000001070200300000000697002
000000004009200007000001380000070000098026000010000008060805003700000000502040900
500603000000950800000000007000000020470290600300060085900070000005000400006120000
200000000070903024690000000000650001038000000000028000001002030000780000050001009
005400800130007900900203000000000004490000001800050000050100009600300200000060050
000000600079050008640000000000860009000000705004009080030500040010020007850001300
000000176007000020050009800600000000003040000290030080500003204300900010000014500
600100300300000015070500009000040020182005000000003700000000890000070003850310000
100050800040063000200000000000000030300920005002600000026010900409000050000005070
000000000100004850000200100000006000074080300500000007080000000200005004400100026
002000000060700053007631000030480000000000095001000080080000600000823700000009000
040003080600000503310600200000040090100700000030000140000876000098000000000005000
008000020000018045400700080060000030000207600504009000000600000800400291020900000
000100020320000700170400300750000000000507006009012008000080000000360807090000004
609001000027609040800005000240906001000007600080100000400000010908000004005000070
047060000000200301000000002008000070700039000021004800100006000080000100006002005
000000203009560004000300010000050009050907400000200000860002570097006000000000060
000600030200080000001000274049000810736000000000000000070100009000005000000209061
500700030100000006600028050000007000000500000200480100010009800300100070070000005
200000050004700010000480000300508120060000000000100409002000000010820003800003047
000902070001005300050400028000003260000004003003600500020700000305000000000001700
090000020000008001501700000000000009205076000000801030027104800009000060000009204
050000000000096030000040070008000400340007150007000006020003001700900008090600200
080000630000200000090030084100400002700003000000012900020006015040009000008000400
000409080020080007800060000000005000634000910100000208000010060400002100009004000
009100000010040807300080001040203000000050000860001300003400016090000005000600008
001600000003080000000000065000038020000105008009000056008000403400010090076004000
020400300000050000000200060048100020000068930000000800060300090501090000409000078
000157403070003608000040000000600004090020050000080026702500000900000060006004000
000000064700900050528006900600000000007420010050010000000079001200000030040200000
002057000006000000000004002608009050037600000000005010050000040020010306000702005
081000900000000042500019000000000604000300000007805009070001208069003000000650000
006080000000000970020400000000006500090010003000000081800040100000830705410070029
007800300008050090050000001023004100010907006704300000600008007000000008009000060
300006000000000907600500300700805000000000006010030470800000030060402000020000510
070000046000700003409000000000000052003070400000910070190060000000204530500000000
018090000040050903000200000080009004100000602006030800000005010060040350500900400
300080000000100790000007000050601900002705600900004000860000020003000040740000010
000030060020000008000600095000007230001900000078000006080000400600002013410000009
003070200008001000000902360005040007030805090000020040010000000000080405807000000
000001003030000600090050400062100000070000000105690080000200310600005009000008070
090060007000000005208000030006050180070000000300001006000086000150007400000030009
000004000630000207049637000400005020000800460000000100800079000000500800000206070
000023070007000060009010200000034000020600000070851000003000780005400100060000940
100059000000000002006007008003704020090306740400000000302000080000500400050008001
000003000080100930400000070005060000007018004608002000104500000070020000030007060
005010300016400009008090100700000450000087010020000000000800004009200000530006000
140800060002000700070009050008026007730140000000000000004002009800500000006000030
000500000900420100400003090000068305700000900000109076007005000308000000000000501
035000100120000084000002000000250000498007000000300010740008503000000000600500900
080040000200090000075030140000000800000070210132000000708900000620000038000500020
700002000800009751000003004000008000560000000024050300000297000000030017000000480
000000000003000008010250700000001204005600000000004806057100030008092001400000000
000012090000000200300540008000004700401090050070000000910030007004000060806007900
057080003000000048000000009000703800800560000070008020240600000608004900090000005
402000000900020705000006002000203400030000200000004601209070100700800000056000080
400100000200004700370090200000003020000460080009000000010506900052000100003020060
000002700060000901080000520008503000054000800001090050000708000000020600910000004
040200050005900000070000004003407100009005000000000230000300062600000900020800010
000602970000050010000003000009800400700906000006700300310000005005060004004009008
030060020008002600070050400600000307040701000009600008051000060000000030800200700
008050002050000000602009000007304605905800004040000000700000000000600023089007400
010000020000007300360000000800305907025060003900100040000019250000600000000000070
006010207080005000003002006070008040000040000000700093050000900209080600100200000
000102070750308000004050000000000080800960000675001004007000053540000900080000410
009020130080107020200000570500400000800000059003200000060005000000010000350069200
090406000840300000050090601004030070000000000100070060083000405500000010009005800
070200006903070820000004500100030080060502400304000000020000005000806000010000000
000090000004502090010406300006700900720050000000000170060040000070000030003108600
000020405000030000050600000300046009045010307090300560000800701830007040070000050
061000007000000854805000100150920000607005000000000700076000000000049070480010002
000700000905000040020030098000907012000000000098120034400600003809300006500018000
700009000000071040030002500020040908003800005000000003000000890650230000004700000
001064000739000200050030090002000070473500080080001000000005000000020307000800600
000000005960810000870054090000002100300000006000047000000000583050020900080000040
027000005910000800000907014800460000300000000000000503008000956200040000000016020
063000010204300050570200400000590003000000000000061200057120000001070000300004900
060000040000000200390000750407800900000052008000001005045700000600200087000006030
600000000700000540000008300000000700840009002002750000500200078000003906490000000
010000300053000007700020609000000930000050000270004000030846000000000400080200001
010000090003810000562000040006900000405001086020400750000000000004090601700206000
300490070710000000000020000000000000080000530500018209000340000009200000000700968
470100000030000006010008400800609000009000000520070003080706290002000031000020000
006700003970004000408960000002007094009001030000000002500800006000000000010000270
600000900090060000000025006030400579000500130009003000000000040400000358800140000
000070800730008060010000040000000000002060500408000902000050000020010070000904003
070000400400009005081300007003050000060000903000700051000040100006000004800006000
790300000603009040008001000070000300850060000000700905000008000030900400500100007
000702010905600000027010000800003096001009000040000080000006970008000042050000000
700003000001054027000070980900010504060002000000500009390000600002000408000800000
006000980580000004027050060000500403300901700002004000803000000040700610000000009
000000820032000009075020100000809006000004918000002400040000000360070000090035080
005710040093000000040005080006070000020400508000001000200050030001003200060000400
000020080046007010000090004005000000308070000001040970500000200100600000000054006
000000007486000090300000200040800100700390002020006050000000600000920003050010000
890070020007010030053080079000001004001703000040090000000000010208004003000050002
001000050200300000006020001900000036800007000000068040387050000000070400010003000
070009040010060700005000060009003000050001008208000000003000000000076490001450003
005023709400000000000006081070109000080600000000000060000700120000030008001080004
830901500900000030000000000060009070000300104004860900120793040000020000078000000
700509001000080005020400000040000010600000000907060002002005803100003057500007000
000009700310070000070050020890000400600020005050160300006500038180000000000010004
050000010000005020100007804008000002003460000700000100000052008405700060800906000
000069501002074900090002000400010000001506800900000050637000000008000000050080370
000800006005032000010000024400006070070005960000000000091000003548060002020008000
005000000000740089060000000090003010070000005021800090900000000080200047000006051
030000050057001600000026309084000002000305000000000000078000465003000080600040000
001005000380060904000400200600003005000000189000000000000008010020006408000530020
060080003000000008000210060000000050200040030080763000009074100500000000074005000
310782060000010000700400000000005020401007000002040900060000002089000070000020086
000890000000274000000036407020000850406002090000500000508000071090400000000000500
401000002000600007000530010007006100030000004900807000080003040000000020010750000
006005400048200300730049000000004600000000050205900804070501000003000780600007000
361000080704000020008700050000540000000813060020000000600030000000006500000409001
000083060000000700070502004040270310000000006300400209907001430028300000000000900
000000003500001000026030000000060420900000105060027080000000004205090030739004000
635001000000004050400300970090082004040000002000009600800000045000235000003000000
020015000700002005805600000600903070000000008070800506008090007030006000060000032
002007000300120870000000200009000400800540003501000002090701300600000000070830006
050000000200000900603021700000000000100062000794003000000080051000095802060000300
000000068380000700000006000005000200000830910700060080504007000000000090608410000
600072000200040903007000040900180000080003000000206050000005007402060000060000080
001700060020000083040608700490000050000460090000090420100080070002017900000000000
000000807090000010000800006400530000000010062075000000201008073007000090030072600
710500004003607010800000000000700900120004005000001000000026070050430000300000002
040600013000020900000700000800060002002054000450100008003000506700010890000070000
047020086900750000000000004300000008082000070000980403020300000000500040073060000
000093050010060080000000607050004000700050860400300900090000000320000470100040000
070000000000230008605009701410600005000000100200040009000008002001000503004020000
008000001700083060004000000401530200270104000035000000000060098900050000000010004
058700060040000900067104000509000000020600000000000047800000009000040032700510006
008000050000020700050830062000600049000001800006900000000040000607000100309007000
078040000309007000000601000020100080007000005005000002840002710000003500000090200
000004000308000002000065730100000000040052060000000040093200600005007800200000003
504000000000010670060800009059060302002000000630000000093002007000700200000006090
900000000000546000043002000000050067070203090690407000106000000002800040000000530
080000000600070500031000600000030000500810060902000050000082000000004000000006097
040000010001000920002050007580000600070800040000020000000370800610004230000001000
000045708900001500000270306050080003000000000009000402402650000081000000095000060
034019050805000700000000000080000201000000845100002000090401000043070090670000400
100043000900000007030800400001900000070080604000000090000090500086035009000002700
097000800800100000200000900600030000000000504005709001000001270030070050019300000
700008050004001080000000067020400000600050090073000800030600200000007001000040030
000000000100080000750400200807005000009300000620000000000000470214060908000001602
279000035600000000005000910900701800000800350000400007030100000000003009700006080
000053000000760008009000000000000300032400000060090070007009030900002085008600207
037000500802004100010000073900000000008097001000020060005700000160400007000016002
005070000004050020070102850000604700901000000080000032120000040000000076006010000
000840900170000000050000300000500080040002000090106070600230000080000004002000008
804000002070300040020000036090000004002000190105030000000820000000400600706590000
007000020400070300060010080000009000008063209000000573306000800700000051020050000
214800030000710005000000000000090083000600450805000096049030000000500000061020000
073009080900000003005000900060304000000001005819000000000400010080070420000600090
720050000000901007900000600000002300000006048050100090006000080040008000005000016
140050900500000000009007050000092003003400700800000001010300200000020008350009007
009000780000700020065090000002050004900012000500300000000007002020906008006103000
060001340000000080430902600070600005100020006000070000090000008041000000680400790
080450000094008000000001300030000007040300050802040006000602900000003000029000800
000059700061080000507030009000900000006200003032006000080300900000000806013004050
000010300000069420100200090050000008301090060600000140002000000030700000500000006
030060000000000085000200700205090000000420003060008000309000504150000009708001000
965000800000300060004058000020000000003087102000090000540000019200000008100006007
000084061000000000408100007000010609194002000300008000003009700200400000709200804
075000098008000000040600000034005000800209000000000130001060300000073000300800450
080060000000703005300080000400000100020400060107058090900020001046001000000900037
000125000006000250007000080700500000009070000610209300002408000904000006000006900
200006103003051670000000080900080060060000009000070002100090400002510000700000000
130002009000000000007036000012580003700060900000000260001000300009070401000305006
410570000002000490800000300060090000000007000050060002000650070000804600001020008
630007010000600000700010509008200450000800000520000000004570600000060902906000000
020400070570062030004700090400000002009004003650200000102000008030600000000000100
007000100068070000400060058040000005090000027000010400000001040010009000703000600
060009000000160007000300004050600200300050400006000100000096001040000000090718006
002000600900007003800004097004030000000470050600500800020300006710000000003000002
100064080006080000009070030007000094000100000450000601000410809800000703020000000
000698007000000048000040109500100800020000071080004000002089006004016000000005290
900004810000080004006020903005400008000000097000090000800700450039100000002600000
527000001000500000900003000000004920305000100100000007000005098000086043008040002
001300600000050300000064790590080002000020000060100000000503007239000000080000004
000000097000000003892000000200005000003091780004003010020000000900540030100078900
000000090150000003306901008000500000208060000000142006090020400020070010000400900
000600000019200640500000020007802000000000003001040865900500000083090007000000002
000098000050000030003040000001070460070000002008004900000600000204503006700010000
000030072090006400300090100000009000749100000000270006000001000607000001500040800
000270000000409000900080060020301000300000510000800042040000000289034100060002050
400060230076300005000209004040001000000500000007000001018000600030604000050030002
060705002002860070000004010003900000501082040400007000000400031000000700359000000
000010940007050100000002003000500008570000400300470000000000290100020000036900050
000090070000100048014000300000006900207010000001570002005800200700001000403900000
000804700500006002000200100009007080400009000007000206000950000002008000084000009
020700901009080000000000400041090208005001070030000000002409000908065000050007000
000300025000100007000006900200040036560000000000000804100800200730200400050007000
050140009400000700369008100040769000007000000010050800000500003006000000000000247
000090800020700400001208009000069001000000050000302004380050020510000090602000008
006007090000000000008100006000008000607020030400095008060002700000046120000000053
020050000400710000305482000030100050806300000000006307000000070000240001000005049
050900001001023050940000000700600900000005020004000000500062000009530007087000000
035000000000002090000090430000100002208600000007080601050000040009000007104038000
263000000005100000700006034000080060000400000001370005030000500002009080054700000
905028004010000600003000070000510030064009000000000980000000003209400800830200000
000000007009008000005062900040000098600040020000051060002005000803600005060000082
300000002074000009000036000050090100003040000040000590608013040000000085000407000
000406000009030001000085000005000000070040000062000185001000200600890000054000069
004800090000700006005036000080509000050010000600000200400001600000070002020063010
000003000002100790600020001050009000000080000076000420010000000307200010009006003
006300800008065000200804006600007000000000001009430020000090030010000004300000685
300001000800050030905007001000305402006700000000006005080002000000409700029000010
000970020840502000010000400500003000060809000000020009206300080090200000400005003
800200900001003000400700006100000005050000000000130200070004320046000097900000050
030810000050000000019000004005700000000905000672000300020040000700006038000020019
030008500605000000000000000081070004000600002900040310000005490000763000500010020
120000703306000090097600400043000000000007000000068304000000809500006000000049007
200001090048600300003009800300000000600000107000072000006000008000890602000203500
203050000800000070001903020007000000610000003080561400000200005004000010000070204
000903071002000000630040000060020030000000902908000600000000000400087060000501800
000004000700050020160070000600400008000000016004025300301807000000000000090230060
870000000100050000009000765900002607000570002230000900040000019000180500000004080
000000601060080005900000000700000502090001070084009000007090004003578000000003080
010530490000090600000000500050000002230001000007006300300000000085902004000100009
480000000000500070005040009000809000069000000140003080008025060000730000500010004
000000820092000047000003000050300090070000604046090050000002000004036008500000160
900000205600100000008000004000050170800004000060032050302086000080000000007503000
000009000003005900205000630000000103000002400908070000400200050060300007070040000
964800350007043000000500000000000540200000800400209007030000200008064000000108000
100004000700000800042080000004030050008060100001207900000040020000010005037008010
400800730000005200008009000000090100060302080900001000005000040213000000080000901
020001900006090000073000000040000030000807500700032000500100400010000673030004090
500000000690000003004280100000051700000002094040090060780000200000023800009000007
000092740200080005070340008500000270000000400340600000010000007038070600000400010
300040005000001402600000170000085760001092000406000200098010500000809006000000000
608003070000004000900170040000000005001000090000059200059000000107090000002006008
170200000200940050850000000040091070003600005000000400000000041000560097002000000
004100000030006900001040083000008000160095004045700000000500000900230000000000025
080040070310090080000030016408000003020000007105000040000000005000002900006905030
050090002000000080000300506007068001032000000908000070069007040000040060000100008
080000002060100000700006500000080003600000007007020680000001950000063000005200100
700060000000001074030000200000000500040870000090000307000385000020700035000006100
800003006970100000005000000300020009010000620040080100100030800000090040407000500
000000673000000040610057000070020300000005000806901000000500060490000008000230007
003060002000805090000300007060020000001000000200070086100000004500004100900010750
000070000000800063003000090002910000074230000600000040080002700090000500020601000
003064915400000030000000400700600000090020050540000300002908000000100048050000020
004010850000000000000000436700008024050120003000003700607080000009006000300004009
000000060402607000010003000060200008001000400000080000800000300004075001007030052
010500000060094000009060400000806000050007010602000040290000003000028006800900000
008000003400005690010800000000090100100580720080000000500000070020600300730029000
816400039000000040400000000205003006000208000000000310060300170002600400309070000
010060700070800090000520000800300006000000030905001008040000100000005200200000060
000001005785002000002000004000450010900030000040600020001000036009700100300000800
007000003012030009090025000000006010040000008000900400104000500083002000700800600
000000400007060800000200010400300000020910050030008000005000104300500028069000005
020080450000400100010602000000008040007000000000560093050021007380000000200000006
000090000960008003007500080000000400000002530315700008000000090030100040601000007
040002500800056340020000000006097000705080000090520600400000960000070000000000250
050000309000000600200050000030070000000430106800600000020004500400007860900001027
009000000000065008500203670020000095004050260000000000002900017100600800000020000
000700908000020070103000200000400000000070400046008010902040030000057020030100500
