Seed: 1640217796
Cooling schedule used: t = 1.440000, alpha = 0.999900, cMax = 500000
000003000200500000700810060906100000040006003000705040060008090050000007480300000
030407050060000030014000000000800740007940302000006008050300000000000983002109000
002000000900000500000109006001503000030600407460000050007020001000000308020006070
000030010001000062700200509000009001060001700500060000090004000200000305054000000
400100800500034000030007000000600004800000096000810007005072000300000000960400700
030008009001050200690000030200000008003090400006000307070080054000000070500010000
031400500500600203200010000000005900000030000405002800000180000700000650000000009
760000201010000000300020600030800406200090030000004008000006000980510000000700050
000000020054009060000006097702000003600810900000000000000900000280307000000020100
078000405005007009000200000380090001006000000102400000030008200009006300000100070
000028040007030509001000000000400070300806004000010905002000001800300000709000060
600008145700000000000036000008000006000090500500400700000000000001280000469070820
200000000006003500000004087000500040060082000091000008004001050020048030900200700
090000001005000000070000490200037000700008040003050710000310905800200000009000300
100000700900082000040903000056000000000060309000740005000600900805000420000800030
000093007900040080000000041806470000000000750090000004700068000400700009000000102
000500003040010000500000900620007009001406050000081030006200000917800000000000005
003000000405060000680000903000000706000000081002408000206547009500000000000800070
014003700000000050000526000060007000040090007800100009003209040070000000208000100
009000002100090007025800004800060010004000000000403086302000050000000601050040000
900470000001803000400050000000000001050702000000030067020006400008000010010000382
090006010000005060700300400002000681006002000501000900000200100040030070000980040
030008000600500023000069000240000600900040001000690000000000000583000207020006509
320500000064000205000000008000150894007002060000009000000040580001900020006005000
004000501010080230200000400002070300000109000001305000847500020000000070905002000
070010000000000000206070000000400920500000040000300070012000500084600002700080106
004000030000000180080006000090002304006005000003080000007000000100470000350900070
003500000005009607800000020900081000000000700280006009000030890000070000000490005
000000070004005000210000000000904000700010020000700438020600009000003065001000800
000030001070001089000500000000000006200000540800009030000000790096723000005080000
003000000020030109670800000504000080800200901002000007000053728000017000000400000
830000000004000907001020030100004060002100000985370000000000051000600000050400800
100000003000000020000705080000950000960000300007240800400000000809610004010000009
500020600201075480300000000000300009400000000002007000000090200700000504004080301
900300005000060008000007201800000040640030000000100950200000000001006000300904600
080100043000000000000030698700300000040009205000026080900000007001200060050008000
020060008300000045010002000001400009602050700090000000009128050040000900000000080
800000607000756030000000520000020300043010700002090000370002800009005000000030004
000000000760000000000000309200040000380602900901580006050700000800050071100000802
090360800000009640000000020076005004003007090000830000040200005800600000300000900
460008009005009080000100000900804006306000010080002000000500020018200000700030000
005002010700000006020008090600820000000000500090030072250000100100600030000090000
890002000600000900000305007530000100000000060061008305100049700070000000000080020
003500708700008300050000004000000200007006010100790060040010000508030000010007900
200100000080500360000400052000250080004003100010000006000000000009000604163007000
020000010000000006105400070000002000807005604001870000000001200030090060900040000
000700600000502040900600052050090003100000000006300420200070005000080001093000000
009080200000000009120000400900400070500018000002005040750003001030094060000020000
109008047000007800005600002500000000000201090000004001064100050008700200900000000
307106000050003000000080004700010025008000006201008000005200001039000040000039000
000650000000078060009030000000501004000000600506000807700402010005000000304000000
003400070200007009000002000005800940000050030006010005800021000504038000000000603
700000302000940005000000000410000006500030200009060100004503007080070400060410000
640500700008700000030000905760000004000802060000600000500201000080000230400003000
090000106000942000000070000910005000408000300007080600109600005000020800500000020
000300102600070000000008040420090810007000900806020400700200000000006080004010005
970000084200000000080030070040760020100000600007000000000140000006000052000209100
007920040000041700000000020004036000000500400300490500406003000002080000071000006
000601000300000620000400090000014200006009000908206007080530000007002350603000000
000000647020007090800000001090380100002000000600000080000002400003406000704500020
108940007670008004000000001010000000900000700000206000300100000000070582009002000
500200000231508000000010000300000600050000904006050080090000210104060000000007060
000008007500003000067040000000000705134000000900020001000016803040000250800030000
050012000800005000010006030000100009000070008901200300009300802000690000304000100
000000050520700003800000009054000600000162000090040070037600090060009307000010000
030004060000203800000100704002009000700000000050647001001000085400000100200801400
000000000640010000020500480060000000007680502003049008250004036000002900000050000
300000075000010000000076900600900000007800603029005100040002300000000000162000400
000200003000185000002000000000030870370902000004000090000000080050670400720400100
000000009062000018000108000000006020340005086900010000000074560000300000007000400
005920000008001090023480007000200009000000000012006000740000806006003005000000070
010007800250060340000308000000472000000109004700580000305000008091800000020000100
000070005000000067204000000090007080050030006000100000030002009001450000000600810
000800302004500006106040007075000000630020070400000000018090030000006005900000800
003200007106700000020060010000050020000001459000804001000100602000000040007090008
000900080000002370050010906200700010040000000700030004004058090000200400010060000
092000010800000407100708000060090002080002509000080740009000300005009000000501900
000540000109000003000000060630050004000908210000600080570000031001000000040060000
000018050067000040500690000000000400340860007901003000000000600000080510790002000
000000042002675030000000708064003000170000800000010000020000004000006000010200950
000680000001000070563000020000020000706000800000743900000010603000205000400000050
085000000900800140000006907007080000340007090000000024010060009408000053500000000
200900708000200060009008000000000005067500300004870100000000006000014000800000023
001800032000300090040001500700004000000060000006980050000298000400100000600005003
040000050006010300050007100300050800602900030400000000000600008090800071000004900
000900560540003020080700000800000007200008056057000030000007400060200300000410080
006109050100020800000000001007040500600900070004200030000005000702000308803060000
007060000300000000500000802000002400000390000082700030100058060000004109490100500
002100804500000060400086000008200000906450200020700003000600000000000700800007695
420100000070009500000000307000803000600000059009020700900040000068250000007000000
400000000700056312000000906290007105000900400004020000000000000300002098000075600
000071600020000700003056090060800000907030800000000009500002300000008004009400001
008053000050004000000000009000000760210060003500300200000705091900800306030009080
000100039500000008062000000108200000090060053050000010020080300006005092000040006
000007050000450006706290000030070095080000000000010002403002000008000001900000073
000003800000005400005000967430600000050000080102000000006807015000040270091000000
000000300000180000600007000027000690040009100086000700004520000009706000700090804
000020000900080300260700100080400005030060000000002060000007050475000080800000620
057006020100050900080000007801000009700840036065009000010000000000080700400901000
004003000800070030023000090002000000000020400000600508406210803750060002000080060
009000002230700100000060000005907000310000800090000006002009004000504630000100029
000007108030009000200000005050000009000000000790060010003140500040500060900800000
000080065003507000009000200400079000901300800000010000000705020830020107000000000
000030000089000040500000210000043008000900020001000600804006005090000370000007000
000046090840000071000200000036700400100600000000020003000093012070000000209000000
010980035000000700300070000050700009007390002800000600004000300030050060600000894
400068700000000506000205000008040005700000200009050060800020090067300000000089600
009000080280096000000300007600000000090002000007800650006020310000000700020051009
009060070702000000000700503020000019000275800000000000800302001040008005000100080
090000002003000500050674003060009200000560700000001090007000001000090050001203000
010300060900000000200000039001059040046000000000080003000001870500008090000506000
900005060003000700050300089000070940470200003000000008080000000007020001300509400
000001000034000102600300089700040000000700040003905200067000000400009001020003006
000007000900004008002090010070010902036000050000420000500000034080300005000740000
370600080000000300020803417050000060008100002030000700900301000600008100000000004
000001006029000530000900100002076900900400700430009000006042000000000040001000208
900040760002900000640010000008400350050080000000006000190000007400090683005000090
300070006052100000980003100000704005040020030009000702200060000000000001070090800
600002000807060900000000000700030498004000300000500600090700020030010000008459060
400630000000009000010200070000005028020007903030080100000000002600070009150000080
073060010005700000806010000090000530040001080000008090000300000004080000007005402
000020019004600007000007300200000100000900840030810090650700080100000000340000000
000730000500002000009600003902010000005009600000003801026000000700904300000050008
006700020130500000040000607000600000000000002700300485002000000000006090300098500
100050000080100040504700002017009006000000000000040031700003004040900005300027010
070000090300072085008000007000087000006003020100009000201400000040000059000200010
070000020900063004010700900009000003000090008600500007060820100100050300040001000
968000500700000001000005600000000480030086000050407009100800700000020000040709050
003001020280000790100000400000030079300005600006900010000084000409600007030000000
009008000005701000814300200006530000000400001080000090408020000300000100000000070
007038600600020308000500004010340000040070000030692000009000756070009000000000003
065008000000079080020300009000600030000150006300000000002006070030004108010000000
071520000000000004000000800006000002000280060500700000000000007040093020020801053
600000400000028700071050020000200000000009042400030070800000019009570060006080030
200000000400070059000005001000031007500900000020000084000800090000050108609300040
005000000006792000210000040027005410000076050000000009000050000800030006450000000
060040070050600000300012000203000000070400860000001047900000000000000031000398500
500000000083000000001000084005130700000900500010005090000040000400002600690008103
000020009040000007980057304000670020000000000365000040830062000000000000006900010
000000900041520000007610020003060080009401000010000037080004005006000000000050000
980050000200900000007403000005000300001600200030000690000008900800010040100074000
800001900000020050001005080000060500000000020150040068003458090040000000009300006
000008050251000840000100000070009600400000100090072000010000700503000020060050000
040020069000000500020070003007906810000000900100800052500300207086002000000000090
000000600900600100070020000007000049200500030000017005560200004001800070002001000
001090006200060800000107000400000050500070000009300004890052400702000000000008003
000000000706402000018000003200060700009050001001028900000000070003106008000000400
000083160100070000000059000000000750003007020400005006010000684240000001509000300
000000609010400080300005000008020040200100000000930008050060190093000000000801002
004800070000006002180000000010090043320000000049080000000000800060702300700460000
009001080000000940003000001000580160052600000000072090085906000030800000000200400
000603052600001830000000000920104000080030001004806070050400300090008206000000080
000300000090000007600000080280003000041092006005008409000040008000005060004700050
000290000004005000009000008602340100000000006908000000180500027000002601070080000
017600930000001000000034006002800050090003600800090700080000000761000400003010000
000871200050000060000000800300700000000010502700609010030060009560900300900302000
600070000903600008000000920000406197800100004000000000050090040400700000080210003
002800057048000000006009002000008024100470000090200060000000080009540006700000000
000087090070000000904050000000000060500004307823000000000809104300005006040600500
009400100050000000800000026100000900700800500520030010000020080002045790000009001
075130600000902001090000000006010004000000560000003000608007040020300080310640000
000008730000020000040100000700000503080000090006052040030240060001006000900700010
460700002000600053008000000100000065000000001070080000500000006900300040001970200
400000010032090600600050300000508000200000065006003790000000050000700001095000007
000500000070896000060000240390000020000005060002000190035710000040000000006000400
006030410900600030003000800800700000620450000100000020000860207000001000040000900
050103064004000080701080000000000940095000003600000000900050020000462030008001006
000650200300400076800003100002030000000100809070000000000025000030006700600001004
070000050010600700300040100002081040007005000000060209206008004000090020040002000
003050000001000906000630000060000400207000501000047002980000000000700609406080010
009030010240500000003200700010040008300052090006000400000001830050070100000000000
500000094030014060007030000000000070000400500003097640060000000019000000380160200
000009040800030000600208000000002800269004007080000504705300000000700430000000905
002000000001000005003000740000098300040020050000000108100009400080050001090703000
000000000207500803598000006080047000900000000002006018000400600003908000459030000
000801796600000100070020008000003609000940000050100000140030000000000020800400370
020000900006800507000010000650009020000000090270003000800190040040026050000000000
400006900500000700010054800003005007700000080060020100800000040020031000000000300
500086000260740000000001070040078500008020700009030000000000000030000084000053010
690000003270108000001000040000400070185007300000000520800004002000059400009000006
090025070007003080300170960000000001005040020602700308020394000003000000000200000
000000010780102065004500300040000500000000091209005000600094000007803000800000006
104800050002000800030010270003056000600090500050700000900000006007004000260003000
038000000100040005075000061010000080009100000000080200060200000000006923050900070
000400200000000360000000071078000000003750480050080017000900040006074000027100900
020000040060400800004300070051297300000005000007000580000000050082900000340000028
050006010000000608300008200801000470040300000090000800400700063000902000075000000
000200030200607000700003009000030040068040007000900025190000000000000100072100060
000002540070600000010450000430009050090000031000206000700008009008000024000000000
001270006000000007900001840005007030090000004000000182600103000879000000040000020
000000640002400057530000000670309020000000003900060000000020001008100000000500870
030007015007000000400300009096500040000006700000400590000000001008003460769000003
050006000009500000203000010021000008007610300000092100000038090090005804400000000
001500002020004090540002000030001704000000100800207500200340000090060000000000060
001000532000001004704000000000050078500040000637090000400007900000800000008520000
000640500008090030200001000050008070000700105000000000100084002002000900900030700
006007830300000001100400000903075080000013040000000000000800004001090760020000000
209500000000720900000000350007200000000000604060300790805000006030090010000830500
000000000020845300900002600000008260000400501003010098200000000007000050600900402
000007500950021000000000030400000000000608012500010080790000000000000001001304207
250400000000010000408902500700009005000000000000071230003000004001000060607000310
970000800830090070000002004000504000000000567601000000000043100000100000005700008
100042300600000000000605200053006809000000010000009003520000060900700045074000000
003009057007400200900001030800000002000020000000903006700040300002100600010005000
060000215000000000091008006030059608042010300000000100000270900400903000000800000
690100000070040021000007860060300700001502000082019000000000570300000000010000003
000000700000062000107040200040000038000056000000300004672805000005000000984020001
500900208090005000030401005006070000019002300000500820040000900000000702000008000
000001057002030000701000040008090000090000000400752010000300020060500004000200093
500400060010300504070100000005002008090000000008007006020006003400000801800700000
800000045003007060000500000000060900004320006007090830000200400405000700000000029
580003000970010000000000081000000000000002700306000920000480670600000004400097030
001527004020010000500300000103000090076095010050700000000200340000600500000000026
907000083000000000120037500700010600003520001200000400360040000001062000009000040
000406200890000000000008090040901508000800060160000002020000706001002000300700001
700000023043000000000800001000005000060709000405020900050000400000050000018603007
600000180050004600001000003070060000902705000005031070000000301000050400300080009
028070000600000000054000010800406000030700600000038002310900004000080001000020900
000002806000060130401900000000008005105200007800000000008040500006100900020000000
050120000408007000000000000000000706090803104600904000920600400000000020003008900
700912000000000809005006070000004300308000400000100052043050000000000600021009080
090000000005000008804910060000034090009000002083000704000000000061400809750306000
070000100001000090650000000002400000000080059300010260006203904000950830000000000
050000000004050000090080000900016070700000600008090302060800001080007900000430050
007100000000068000005000289070015008080000900501004030002000005000080000000027160
000000001006430025040000006004900800200000000090070040020090010000002690038005000
000508007210040000600000050000010040041005900000000802000807000003000006008009500
095060300300200704000000500802006000000700009004300200000080600008000020120007400
500000709007602010040000030900000080000120000080060000000900500000053074020007008
000050300000006070506003000800140730901500020000000080009200000030060200450009000
100000987040000000090700003020070050803060000000508009000809400005600002000024000
000002000803900400526003000200000530010540000009200008000080670090000001000000000
000009000704800310050600070000500006402100080030000000080000460009000008100020000
007008090000400800080092003054600000300100020690000000000001008906007500000000400
005001000020304000000600904007005012000080000006000030000007061000000090390040050
000050000006900087001000900300809600208003000040000070000004058060500090000070020
000900000002308050000410700007000020230009000900000470080007600006000007400085900
700035060090000000000008704001800000060053010209000078000004002000009000100620500
040050023002790000800000000000000900200000364070080000150030000000008016000620000
050638070000000000000000940000000020046900081302004007200000050100700609060003000
040050021000060000850000700208010070000008000300090062000020000573600000004007003
001080000000000280005003090500000600008040009003709000104900000200000001000006034
208010005007000048400000902040600809000401006000930000010003000600000000000008750
010080700000205030000000000901000004006000020400096108607800000030009001000000002
600030905000604080010008040409000500003890010000005000000020063006000700540000000
070004000000005000600700000020000090009040670060800103000570080004010069003002000
000000400060010020810002500000050090007608000000904006170000050906000010024000700
000800750013000000708950002030021906006090000000000000060007004000109000107300200
000005007000070090902036004000000002040090650013000000008100073000000000000207800
080205100060070009000009002301800000000000000070000060900003070020500901540000300
500120900000000006300600010097050000400700050000402000000070000600503021001000403
000027006180904000000800000600030800014000003000010700092000000030000070005070230
040000901900020300200100008607000090000080000030050000800500000002700004360004100
000000200000700003090003070000908000001004605600000007003090080040080001280000006
000200060906040300080000050059000800600008120400360000001050200005000000002706900
100500009000007030050306870090000203500000400081620000800000010000100000003800906
009400000070005000000090614450008000000003700060020003700000000900100040000300029
080000000000070000500018003007000008602000000001632904000900001008140030200005400
000000075001030000007000800050000009000097360036008000000005020200460090049000003
700060300005107800800000009010296005000008000000005007400500001000000090008000520
200000003009060800804900000700000402320080000000006000070100000000000590405002600
450002000000150020010076000600004007040010003000030094200000070130000500009500000
062000500000000004000180000008020000000000970009070800030800400040000205070015000
007900000000000190000040027040810000706000850025000000002006000000300070000028304
200000403000200000800009000506000000090050008003190000340000800700030009010084006
005038100004205093100000200600704000000100000400009005030000004000900010002006000
102090700007008020040000030305000060004000003610070095200080000000005000000306001
000600010000010309009000000040037060001000000007208004030000005700804000020700000
400000910070010000003900000006309050000062000310005007207000004000000030000640705
000100609720030000100002000006040905005806000000000001002003000000000006058010030
100908000700000005000030600050270300040000002006001000600000000090010508035090010
000003000012050800387100000000000070801700309009000010250009000600030004000607000
001000400000600000350007008060000200000073000040500030070106024030008009000400100
050000000900042006007000000480500000000000502006009014003700040025080370000000060
005900000000002081700000005060409200000200006008060000030190070200000050810000040
003004000000070002209500000300000000092008400057000001005400009000002000630001705
008700030000096107500001000000160020309070000000400005000604009005000804807000000
301009000080030700005060010008000000007020046500100200800002600000006004200805003
240000007301084600000000080000009070000805106050030008000073000000490020000600890
030200080000030000000000076007010530005000000060002007000309002820100460001000900
000510096000003040000600000049000030005080000070009000023000400000150000060900070
060000107020000850004007002000070008403000090008000000002580000070230005000090061
080002000009003704000700028005800007020010000001005400000020003972500100600000080
000761000000000070500084000810005030302000000007000090001003920000400008006000701
400050021009020300600000580000040000800000430960002000000569000000073094000000010
020006300000020006850009204600002105000800000000004000000500040007000509200390000
070000000010000830000640009120005004506000000780090000000060300000930040060500901
130000500200000000000910040000003100001000920507400000000645300000000800020300000
002000000500060000700204060001046000008002070000850401007000300300600090200008010
080270000050010008000000030000050000000000016401002703200700001004030800003800005
052109860100000900000000400000240690000000000031060000004380000065000000000000007
070903000500020000002000007206051403400000510000400000000000001800100074601008350
000000001830600900020045000400070085007000000065000000090007040040980010000530000
009002001580010076007000800000000600800009000010008025700003400000000063040001009
030750200100209000000000730800372000000600000200081000000040003020000009359000000
006014000300000070001005800200106009500090000060000000000700600975000000000020048
080005000002800100054372000043000590000204700061000000000000004006001028000008900
062005090000703600070000000900000408800009530000840000000050000000600900503400806
008700090005030000120080500007040600962000000010000308000470210006000000000300007
301060000600000230090043000000000804800109020020500000010000000070400608000700090
015004030000756000900000060000003420040100070000000006000090002057000000030500100
060000400904001000038000600000076850000200007000008900000060200057980000640017008
003008290000013004000000000000002060002000007700600305590040006070060010030001000
060490007700000083100007560400000700072010000500000000904086100000031000000900020
007006910040000080030190005700001000004005093000800000000020400080003000050060007
870090206020000100500000073000040000600902000004815000900000040281600000000000800
200001060000200000000380905070000200902408010030005004080004000400060130700000500
260007040000100060000005908000680070190070500007004000030000007500000603020000000
000090800000045000685001000301207000050083000000000000034050071007000008010000059
000000000609140000000300407400000050082000600050900300890000000070650008000030002
004000000000062000200417609020000000901000006000200800000300408103800000005040010
005010000090002704001006308002004600000000007000030041306050000000000000010079080
000500080300000901500302400400006030007100005090050000000000093200600000000021604
003098050020040008008000000000000010006205090000007400009000041500006300800000970
100050000604700000090002307070498050510070080000500000900300406000000002003000000
009000027820000040003000500700009000140050000080030000000400100090017000007900006
000030017000050000059000400000018000500067900020500070100040000007001000080002003
309000000000700000000035140600001000070020080000090510540000630200670000007000002
000000004070400590000000176001000030700010009843006000000040053000001000600538900
970002000040067000001040090104009000000000200503020000000050100000000048000100530
859000002100020050000300010090700060000091007007000000003046800000000200406200001
000004060000000091100503000030000800000270000609000400000100080060047000075009010
004009000050000270020501003003006000000072600007000001001000030000600050000040009
000000920000076310037009500500002000294300050000097100020000800080000000000000230
900000040600007000000018009010800000002064030430000087000000103060030050700000900
060000000250080041300000260000000000900608004000023900003070000000004720001900500
280070006500009000030020009050000480700100000000006015005090030001060908800300000
000300006500000003400257000000005008290040600000000004003014000000000010604078090
900046200000092004000700091080004039600200000000010000200000370030000000001007600
509000000002000731600140020075001900000070300000000160004200670000069000360000000
000968025000000060040100009070000006018000200002500304050600000000040000000082000
006008000090000170000030080600405000720900000000010000000392005208000060910006030
700020050000007400050000008010000043305600000690008000009086002003000800080270010
070000006028050040000102000400000080000270500001400600000900000804006700590038000
060700090002010300540000000070000040090008200000009000020086030000030025006007000
600050200050600700070900008006000900000540030840003000000007000000000500103000002
070590030004000000200800070000000860009170204000900000030007600485000700000010000
050002070000100500004000601406510000098003000000000900000006800603040200000735060
020000080050760000600000310060000003100006000000090072834000001000007900500008030
000700098208030000030000010860010030004000002070508400900000000021600000700200105
080050000007006090050000400390004500004300010700000800009000003000700000540060209
006007040000060910180000070010700000950020004000000038000030000004600009000048057
006000000000006001000980703080030000390100027100200050000000079800700500024000000
000007830800000040060032500600000000000068300014300020500000072000040000900200000
030000000090070035008009000000000000250006003010020049070900000520080001400703090
070000003600500000000018090830006004050730002000004070002900600009000080080200000
700080024020050600400670801069300000007000092000008000002906047040000000000000905
020050000506003000943006000300000800070090000000007004007004300009601027005700000
050000000000900006070453000500809000020040560000002010010020000430000000900300805
000200100030007000068900000000070083005003020020040050000004000010650000640000078
000000340105084000020000000090500070000400501003700080030000809000100050000020010
600010000300000458000000000000000630010004000008003001730900000000080203004060007
002040000080000057003105000095002001020800090300004008430067000709000000000000004
090300006000100000000005081008000020000716000063000000700008940000040000540000700
607000000000000090000900800070003650003200000000050010050090061002370004800004500
000006030089500100306010900000801002020000000007060004401000060078000020000050080
420008000709000000006050400000105020000030805000090030900000200087042006001500009
000023709080090000007100006000000400000002070103040600500006800001030005700050090
710009000008040030600000071000001009004090080900000002500000000000600503000038040
000590001700600590200000080000001420030000000007080000500360000090004000310000800
007005400000084070900000020040060039039000000200010000370000960000001700002000100
003600009000009005900870000070000500039001400600000000200050060346900008008240001
008004002120000030007800500003002000040005000972010400000903000015000089300000006
000080300070400080010305492000060000750000000094208000080040000002007050100009803
000240000003090005000067028000005900709010000100000507035000000012070000000800040
020000000100090050000031002070005089005800000040000000408000600506080100290060000
001000030000010000000405000008090043003000006060041070102004000700902005000070068
800002010014000005207600000009006400080900000000200058001800093000009000006010020
040000000000900002310060070007012000005006000200300600000008740000090003004001206
000020000007000010040001806030000680000700000100000240800015000073060000020000030
005000900003000001000106003079051000000000400100008000000300020600000500830570060
000040001000000000000820394420083009160000030800000600900005006000000000305090200
800003460000000300250006000030501000674030000100700000009000004007000183380000000
708002000005040900000013086600000800009600030000150200000020310000000000001408002
000007100100409000902001000000000026003082701070060498096000007730000000000008000
050300004069200030020009850000000008000050020000907010140030000098000100500800600
001003040008450000000700150072000000006092000840000020000040580530000060000000012
200000009090080300005100000680009407000207000021000000000005000004000801000900062
400003100008000005006087040040000300109600000500371000000090060600002000000000059
000530080000089740050004200080000000300090000020000970004000032006078500090006000
000000000367000080280000000000020001006700200000586900040200009000370004130000008
700401000500603080000000900302010008100085004000300100000000096001040057070008000
006000290000000001200003054502100070070605009060000400400000000000500680000879000
000300000700500128805000003000000200107034009060007801000002000000800005030400090
400106020003920400060005900000700090050004000800003000070080006040000000100000785
080690007050000000003700020000000801060310000500000060006970080000200100001560900
064900020097000000000600008029050040030000067000008000300200000000409300040010200
005310047009040580400000000000500073006000020087000100000250000004090002001000800
200700000700580003001000000006900120007400090510000008003050000000000010000307006
000500620350000910000060007674001300000020800020007000010000063007000000200030005
009170002080009051040000000500080070020740890000000060600300000008200300000000000
060000304283000001000900000800100200070000050000070008020000780100003000000705060
090020005000000002000645900001000500006010080530009040002001000643000000000200030
006800000240000600090107005470000000000608000000490500000030482000009000005000006
000080000200060000001004020008000500040000260000751083060000070900530100000800000
000095070003200400069007000400006015501000007000000200030024001107000000002080000
409005000007600000000390000700000000060800023040002706038000004000001060000700091
010600020006508000050000300003004000701000000000907040000100095000020008038000260
060080070009004000000500600053006802040050009870030010000010003000003100000040057
400600072200000005030000000000300000006000097000200560080906100100004080007100003
030000260020000009800700000000906004009007000000080701798002100100400000302100000
003010000091000005000046000006008050008060709200009004600000870000007000020500400
040200007806000000020005000000082005000760000203050010002007059700004130000600400
030200000070050009000000406003007020108930005000400100000803060090000050200070000
500607000000002010000090036068000900000004000300100064030000050050000700087001009
608090000020000005001000007005002460090008050070061000007000000200804500000000034
090807000840015000006003090980000050050100000000002100300000607070000000100000048
006700190905040006200000000520000000000005470000001000700080053094000000300609008
000000090807010000030002600020000000009200830340600002080004000050000016001003009
087010000006070030000000005050030079000200000060901080000000500000600190000092307
020063000008900003000070008007004020800000009000005704000020600031050070600030900
100030098008500000090080710049000000000900050002070300400000002500300000001006080
600010080080004006502000041106035000700100005000600020205000307000000400074006000
005031060000700052300008007108000500002094700040107020004000000050080000000000009
700000000041006700006100002003960000850000003000004000000000920109608000300070004
760000000405860020800010009000900030000006790500400100004000270230000000056080900
000500000000007302000920000030000600204100780080600040070006005940205007008009000
000000800050900240403100006306090080005004000000000901607035000000000000009200054
600000200090058004000047039913420000004000000000080020001795008006000000000000012
108000006702100803000700000480010000000090000000032600850000917009000400003004000
080459700030001000600000005000000604000007500150000000000860002020103000700025003
007008000050600000040009708000090030203060000000304016800000450000010800400005002
050097003008100700067080000020000090004600000000050200000000020030400100805020409
002000000000107900000400008357000000100050690000000130000870002005360080083000010
020050400000006000675080000036000750500001080710000004003807000000000020001004900
560080000003760000407050000642100000070800200080030010000070000000403705008000060
000400180000506000040010650001030020030080500000169000009003000004000007003050260
830000706000300000005006020000510030000200107047000005000940000080003090060001050
006000200700400060008160000800001006000005420910003000000000000000734100050000340
100000097000800000290000600000503200039680040000000000000400300000210000906000108
060500890000004007000003054000002780000800420006000000370105000009000540080640000
040030000000800700600050003100000000053006070000003680000090000009070432204000016
600700000000000000010050203000030000302005409900100080005040800000800007040009000
100000004709000006000007020000000500000130040040005092060200900001300000000040068
000700420504030070020400018000070000900028040000005903000500200003040060602000000
090500007000709800800000290030000901007008040006900020000000400013800600200670000
500000020002005807000009004030708010400590003000000000800001000071000000040030160
000160832006002090000000000000020000200500004057009000000001600008600003604057901
001000800000036700900000001057080100100000400000000020019000007030065002600070030
000005080700002003009080000000020000070000309240800600107000000000090074300000052
070800200900060300000200060000003816060000700003001000200090008180305000000070150
004201006900600080600030005700000009000067500045000300800004000000002000030070010
006009000001050009000200070065003200900600810700000300000000000030476080000008603
200000000087060000004502073000000002010070600690850040000100890000020000008600004
003690020000000000000000165000070000035000006000385001940050800080100003000700900
049620000080070009000000150000000006002006805000800040050000790400000008610090000
060700030020000096500000007000000000800640070034000802200084350009500000000001020
000000082000010740006900000004700009300401005850000060100030070005090000040006000
003040000080900002900000003000020069049000000000000857092500006006080000504007100
000206000083050609000010050570000000001027000030900000000630700000502016028000000
360008905000200400050007680207040003000000004001000000805000009000030000003170000
000200056600003004000005307503000000810000000024007003000000700400096002378000000
070100403005047010009000000000060302003010850000000007020008700300000001408000000
002009305000102000080070010000300098000000100650000200006004000320060000000000087
001030090600900005703000000000085000040703020020000600500070000209000030000040206
061080000000001000030004500000809000705060000040070800029050004008207030300000010
000409680003000000040007100509600870000000000468000000000006020200003408800072500
040078001000060200020009070400000000000000023530001000001020008089000340000906500
003000002000007000805006010420030085030000906000500000094000600007090003300080000
000060000000020175800000009070400003000802000940350800025100000006000080004030000
008700400000010000003009000029040300000007680800000002050000003600000204900800765
600005000001600002080003901960000000000000080430080176000500417004700000300000000
004006700106000093030070200000060000800104000960000050090000040052000000000392000
006010000000500000020900000000048302000301004009000100007405006100070000030060009
010300800008005007030009000006900000802003000000700009009100270000040003001500040
000100000071000000040052000000080602900021080000400590005000000030800704027640800
000000000900010085800400003050000310000070002007106500000320000010054000020800670
300000908080470030000009056750000000008000100000046000030060002501000704000027000
290006000700800000000000041000000000049000050600093800000050670150300084000002000
800007032009000100020000058500400000060070300000031004010000020000004009000820570
120300470057060030000009106090000004608000000042000600000075000013040007000000200
009080600000040000800006009070900100000500030031400000003000040600000008500000723
000090000000086903000000752008400000070060200300000047007300800410000030030900000
060003201030020600800500003040600000002000010000000708009000070000008104005904000
046100080003002060507000000000046001830090050900000000020960800000000400000050000
000000964200000800090003000700100009006870010000004000600390007005200100000005040
010000040050000008780040002000700000008300051006019003900200000500070000027100400
005000008000030920104006070040008706000000000003907000001070000000209000007603802
000000006005308000010065008000230085000007200004090300000000020190000007570100000
900006300006000005100070068000005000004300020038900470009200800400000000300800007
900050041003000065000000700019070050040003600700000008802300406400100020000000080
004085700050060004900000060600800000000100040000504030000040120500007000001000008
009350407000040009304000000000006001000180065000000000010000006050001080720060300
000009003625000008400000005070006400000020800000130290960000000803400000001008000
400000700020061000896000200000023000500080039079006000000800040904000000008400005
009000040720190006000008000057006000000200581000000600802009003400007000076300800
000030700000000063000200508167050020900000000080003004050020070040090000300600405
098001040600000700000200000000000000700010025060058907080400000500029006400000000
000090800070008900004000000060040100100230000903000004000100280427300009000700000
600004000830200000207090605000080900700100500005600200143508000000000000000000360
001092504000000300060000010000000009000080000084016020800070040005600000300950002
000000901002684000000007000060310002008700000290060007059000020041000008000000060
000000008000700000005320009400002500090030280850600000001000905000014730700069000
002070000906000870400080901003000000000204100800000000570000006100003002000800050
000300000309000065008010300000008002003600000000007104000706410007000000690205000
010005000000080009306000000000920587080000960001000000000003200500009600800107000
700008050001090300009617000000870000510200600000001000000002080000000290907003040
060080000700109000300700005200060090400000500001000070000000000000003201085002006
208000000500090060000670320000040000000587900100900000000000600800060430001205700
003570000200008690010002000002040705070095000000080040708000200050000000000100030
000009400050072060000500900600000800900600000428900000002006008004000000060008197
000200001000009604009003000008070000507000400000050096003062000090100070000008000
609000000052000000010590400804700109090160000001000300020010000700902600000000070
700400000600950010003000000500000800061080200038570009000000052080600000006100900
000090000600100000100800070023900008000006004004080031000300080000040013001500200
000003000204000067008070010950600300400000000000900026000000204000480050000109000
003000400086054200029000003040007080060501000000040709000008600000120000170000000
700600108030070600008000002000940000620003004000000059051090080000280001000701000
038100000000000000000040006703900012900000407000053080002006071057810000300000000
000040053010000000000300794008000005090000060006095070000000080002680000100900400
000750000020096000007420860060040000200003708030000100901000000000000680000007030
080106000007000001610340000050200078000000004230000050000001023049000000300900005
000306000500000002037500000000827006200000405800600000000010004003080000090000700
090006000000040820050900030000830000060025080300090700000400000041000200020000901
700000010800006300024008000002610000300000000006000840010530009000020003000000005
700000900005030012209005040800051000000000435604007000000100000000600700002090000
910370400000100000086009100004001000300700000000230605009004830000600000470000000
038000040070900030902010000000030064500601900704000800000000070010003090800072000
000500000086007020000060007000030400900010000207000501070090000800000003100206005
209000000000010400000000615196030080000800700040206001020140000700000000000007040
570400002001076000000800000000020690000701500005000004000039010030000700900000023
208450010000000040070800000000049006000000001800600704700000000000036090021000000
400009650210300000000040030001050960000060008000030000560000201007000000040700009
000000000407005080590004200300001046080000009605008000000006002071000050000100900
600109040100300000000000029908000600000605802003000001270001090004000060006004000
080020000500903000003000400960000040000006009071004500000000800214000750000270000
700000000308020009000400058000065800004010600003000000069000400002701000001080200
000000600000009010400800520080070102709006850000000300030020000200367000004000060
000470100000000403002001570000690010107000300039000025001080000805000000000205000
010008070280090006500000000004902030600010500000030080703200400000800900060000000
900070080085900000120000000000600058004090003069820000003005097000030002000400000
700500008040000000201000700009800050420000000000007030800100300000090100060050084
009600070012300000040002300038200500000007000020000000000800006100000497504000000
005060070007290000300000806500000900100000040080570000409080002000001030008400000
050800004090000020010720036032004900900000040000300070500000060100000309007006005
700000000000780003403001000000208050009604280000000001002093800100000906008160030
000069000069000000700150000100008900005300007400000821000700605010000300907000000
704060820300007400000800900900005610000000070200009008012530000007000040000010000
000090004070060002200008300003000200009001006040750000810000600000006500307080000
009000000000030002503001000001072050060090080070300900002400790600008021000000800
000007300000086050400000200070402016080000000001000009706001030000604000800070005
004070000910004007060012050000000000090001005000820476080005020670000003000000900
000056000003400020800003004000500010090000080050801200640000000079030008002104009
103000005079000000000800036007000050054100000000040609030006000800004900000708001
007905004096704030200030070005000000010000900060003005500100060002050003000040200
003800040040005087000100006900018000000090008060240005000000000050000700700600091
020150803000000000000409605075020190910000000000090000000000200300000004400207010
000090012501000080000300500090000020002053004003000000900400701000070040000926000
000460070034001000050000002900008000000030400043007000006000000020009080400170650
462000003009000000000005004700000102130080400000004000000097800008060000000510620
005200084030050070009300000000006000040001900000037600006800003702000005010000400
500010062003500100000406070300000500000080000064050920018007003050000001200000004
006000000103050240070020008000300020007060300300400071050000600000000034000209050
300820070000000025000390006000000802080063500600400000000000009900070050007001203
000001008008004320031000506000000000090000060760000034000200000004703200080060090
900047200000000001402000700805900000014700090000000500600024935000000402000006000
400150000000009300090600020000800000900006200028904000700000010001403005006000040
000000050210000300009000020000065037020007600000800009050270100000000060060100908
090050008180006000004000061010070040305912000008000000000068030000340090000000700
050030004400076800930100000203000000090080520000010008006000090070504000002000030
400500003010000000900010002000650000059820004308000000700000015000061040020090000
001900200300000000000000087000001060800073001060098500780050010000060090090000706
000050347730000500005040000006000400000600090000007002007008000250090800900002010
020040000006100000000200564510900020000023001000000300000050090150080000400001007
000050000400100007069000210008000520000061000002030601000000860005010030090000005
705004000000205000800000000580002000003600009090300050030000006201000700000006820
000020000040300060000078410000007100800260300006009020570000803000000050200010000
750940000000000600030076002090104000000200001040050270009008000500030100000000500
205100790000080003040700000000056002070000000000030850000000400300025000006000905
050070010900000000000100090201005000085020000704600820000030071400000003030008000
090010030060900004105003000200500680000007000006000200004000310830000009000802000
000000000300508006000200048000070610000100000008306700040000870803000021001000004
009040003500010000004070900006004700400159000090060008000200635060000000300000002
070508100000700080609000400005600200000002310060010000001000030090071050000000900
009006004200007160000805090072000003805070006900000000004200050050000009607100000
980000060600270000000004000061000890040000000000740630010050783000007000050800100
000002000083500000006700004000010570060005010900000030020000007070908000001630008
607000100000000000020406700500009020070030400006000000004200030905674002000500009
600000000095008004000300000000040702080002590300000000000000020010005060058610009
718005000092060007000000000000100640000000200001020785000006000087904010006208003
060120000400300007000090000800403000000000350049007006620001070000270030000000810
090000800301080000507002010078023000009008023000060070900000006000000190002005000
300000000000708000001950030804000001000000200036090700000000046080240309900500000
060001080020006310000080000530400009000000000012300508071000000600500120300009000
098020000000060020000890010040002030012000906000003000081040760006100000005000040
000020001078500009000000050060000900500003008000009047001000602600000000003018000
030070900180090050600010240450000000001500032000000000378000000000830010000000400
000000028000008300010000060080003000690140005500700100470090000100050000060010209
300086005046000000070400000037000080000007913900060200013004002200050000000010308
002080504060002000008000000000400006006001090000058300004700009000009600071000040
370020000000070300800000006040000003608240000010800000009002708004090052007100000
060001903000000620000307800456003000070024080200000000000432001000009000503000470
304800000001000700000046000000010500980000400050700063400035002000100000000002109
010830000020007000007604000000000029300000000580300007060240030070000050000085006
060002800000910300801000005000070050004000000700135000000000208000007006105480030
000600040540300070010007000000089100000000002002063050705000000308501000060020000
006009204400080000300000000000097016070300009001600000000978000018004600000010040
640100700000004005200009000000000900070098010009013000005630208082000000310080000
050800120208600003000000600002007400000000790100009050019400000006080019000050000
000000102064000005800000730007436900000000201040000000080572009010004000006008000
008600031000002087070030060600500040003009002000401000029000000500000600000070020
430000200000060000000104000620000000000602400500900003040050070010248030900000000
008000064003400700000210000400009000006000080020000001080060010090000500670050090
000700060006000020700050040000000100400800050500170000602480007970306008800000000
010000000000070900470050003040600002960001034001000000300014000000200000000790256
400060500090000010000002600510783020004001800000500000100600000026009370000000005
000200600906700004000001037005008000302000000890000072030050000000060049000007100
010080700096010040700005000923700510000000620001000000000000000049060003072401000
085700030000005100000000005760080209000204600002000010000900050000002701350001006
500000001004020090007001004010000000000964000460000700000095070006012000005003800
000806050040000907760000003100008000000705006006000070001080300050401000034000002
008040001600200007100008600400000082000000900760000000000000079504800206003900400
000010500003800000100200086720060048304000000090000200601900020070000000009007604
000007002070000010002008600090006000680019203200030005005380000030400109000000040
350000060000000052000806007600000003840602000000070000000200810004008000007530600
070000080000030010016000500000010000600700900750804000060002701000590000035400060
030100905600000800000900040006200300020890150010030009200000400000607023000080000
000000300005340009800510600000000002901080000360000007008000000590030010107090000
000700082203040000010000309070050008000000090901032000056000000000060840700300005
000070000000009000204000008080003760001090080000001300408000070700000039002100000
106380054000000000083600000300010080050000320000000005007900000040005000092400130
007000003000006800100040700000020014019008000700003506000005040060070035004100000
006003009050000080090004760000000870003000002020079003007500020400016000530000000
050000900300400070006008000000502030060140000093060040700015000805020003000000000
000000080408002016050070009000030000080500000200706400010000902005004300004000800
794006000003009400600000070050000708300005000000400010000500800401000020000018000
187000006005090300000800700000740050608001000002600000003009007200008000000230000
760000000005040300010030020000700200004005800890004000000076000500800006000020010
007060094000000026260001800002003700000020001000009540003008007000030010740000060
205670010010000000000310050000053980900000700000860000000000503090000600072008001
906400005050907080800030000000200000000600001008050009700020004000003090520060010
100000000070050300000621005005400200001000609720300000400090008802007000000000030
000000000200070003001508020000903000000000400070050200080007500900000160760042008
000900080000004070035000400013040900008730050000060000041000300360050000000800000
023000095010000000070900800005009030000086009000005100400310000081000260030000000
002600080030100500000000004100000058006000900000008012009804020000000007650001040
750006090006070000002400000000030060070040000030900100009200008000064050080000032
060070010002006000000000040070200008005000079800003000040000306300409000600000081
090000007000000185080003000029050000000010700000947003060000000000009001000175206
000020080600031005001040000000800096007003000500010004060100000030000040950000000
500001070080000060000003205204000010006004800000090650008900000000670500020000001
400001000205490010010000090050067000000500002000000049000000430002070000031000050
650034000000000000000085007020000010590020004004010003000607001009000506705000200
000187300030000200000300801006010000200008000004000087000973000008026000072000009
060000107009000832308000000000920000123500900000000000000050200000008043000134008
930004006060080000000200740000009260000000001001700000090600070000010402720008000
004700001000504030008060000000000890080050000300006004000000010902000007405120600
000001006020008100006000034000010000200007480800004007050003000034602900000400005
010000000000079000000000850000006040023040900004390700970000301300010008080700009
060070020080000053001200000300500600500002004700048019054000000000080000100004000
007804036003000000120000094050108000800065400000007905005206800000000700060000000
000930002080000000106800009030010007070000000600240030005000001400008000002070500
405100008000970100700000000003000000000810005000507026050000200070008040931400000
000018300300000010080006700860024000000080070050037002040000520000000000508001403
104305008000000040007800510600007420300000000790002000000200050065400200000009100
010500000700000080000007035002000003000108400006050000081935000000010002070004000
200100000396400000705000060900007000000900520058000000003060070000034200007008040
080100026340000801000000900000003200097080000000200090000805700064000100000004008
005402000000900400006000050604000007000600230100000900008007004400006300090308075
000001209960700040074005100002650000680100090310000000050002400000007000700000050
040000020000510000017006000200000400008007900600098302700003019080000000000800060
001000260000000010000008700000007040400200300907080100005300000608194030004020000
005901000820000070010030080008400005700000900241000700000140000607500000080000000
000040080057069000600000003030000000009001300000500097002700000100002605300004200
600005070900700500087000100000800040300009700001000903000000050000500820002001300
015300400004000008000059060070500009900036540008900000800007900037000000000100000
001675030000100000000900007150000400000007050400008009800306105706000000900000800
500009000070000500000000013000400000259000000600058200800000034904100060002006000
030820000100000000000000307010002009600070502800090000000107800200050040005008100
000000320002000908004680005005000079007000400020093000003000200006005000570040000
081000050003000100000070090000932004004600000000000085000800006200040000090000370
095000023040000000000001050006072080030500000002800040007020009500040600900000010
000904030008000005700100004002000000000040379070500008900801600015007000020300050
000000020013029007000070000950000610200590030008000500000060200002000300800003059
080030000000000400704060002400000950001086000060240030800000005030800670000009000
000201000000000300209703000020000000007080609300000100060005000090000860000002010
050106000020000001040000300000090000800600002001070040009003806073042009005000000
203000000000000300750000048000008400400270100060091007095003872080000000007000000
020010900480602000060908070350020000004000200700030010000000086800000704206100000
000708000920060300000001005000000100050090472460000530640005210000302000000000000
594000760000500000100027000070000000050800003306000000000001009000046800040302001
004100000080000320900803000000600010007000008520007060700300050001050007000020000
000030020030000700005800400000409000700000908000026000310650000407300800050040001
700009003546000000000400000400300009900060000023050800000500016200007090000140080
000609000000000106800400290060820009180003000300000000900001704450000000001050020
000005000600000007050083090002009008500002431000008700090000000000500170070000004
040000000200004050006831200900000001001409007000070060507600080090000000000010503
204306000000000000009050013008007009000002006070100038003000800090420070000070300
000390000230050007070608000000003100000060025810005000007000680400000030600800500
900000607000603000001000009500001204003000000100300005090000000000402090640005801
070009010001500820020000007300900006618000003000000050000023000050040000200000080
000510983800000050000020000205000030000005200007300001000009400710000000003600009
008000009000001200070208300009004000020100050400000070000500000001032060005070030
000760100500400002900001080020900000095072000301000000039000500070080020100020000
028000400000800390000900600600000910030005040070004000000000060001072050050300000
030006802000090060009005000381020000400819000000003000000000000000601074074050610
000035000710200005000401200860070001045609000000003000000000002000004896908000500
000050703007100000000300000801000060400061090000000002000003006060240010090000028
200700000050001000000540097007002900000100006809006004902070065083000000000000000
000905000060300504800000009000000075000000000006070980000200700400010008320760000
000209000006500000001030007000000900017003800000048503170000090003800700500490030
060000003004508090000900002081006020000000605200005100009040000000000040800001050
080600000004507600001040300000000836060020009000000020500000078908030000020970100
000200004001060005030700090500104008060000070000020000000000000000050806806007501
190600080400000000052000001000103090000067040000090000500204000300000000001508207
000060050030009001201000000000104300600000700009870020008042000900000060007090008
709060000340000000000100400000000051000320004090050000020700060506800700003000290
030080420000037100900062070300029000000040000000000003020850000050000068004000900
000005020000300076003719000500000000000034010000080062041000000690001500350000000
000803020720600000010700040070000500804009007300000600000104000507000002001007000
540900007002008093900002000001000720600000300070400080200000000030007000005304000
460003000700860000003200400000190004039000057070000020917006000000000600680500000
920050000005000034000000000400308000090240003001000000013000900600000708500802001
860000000040200095000040200000590003200000000000004008000002001907006380300050406
090008001000205600600010002080000709007000020000001005153007006000000073400900000
305010890090800010000060000700003081000420000000009030006000100007040003053001070
800500007009000800000000000040050070013090000000007106300000060600900045005406209
050009080009020006000008000070010000080396040000000603010000200000800067002560000
000580000050090030904600850007000300608000000430000002000900007000802900040007006
809023000005090026060004000276000000000006700000000005000009003000500080634001070
060280394000300600050000000000050001006002000092000000000000930700534000000070080
060020300020000008351006000204003000590000010030000087000600091000030000000790800
020831050000620000000050090708000000002000086004010000900700001010060930000003500
502060000004000700000003056013090008080500000009000100040620080800050069000000000
009004700000900306030000201100000000078020000000060809005300000082500000000070903
003080024200401600510000000000020400000500006890010000000008000081040700000000009
000090080007024600000007090070500210000006003040008700300401900250000000000000100
600000040000007500009400800030500000010003000400900002120090000070040006804020010
420000000000070009000300700040090086000600001009000030003010000906085000010007500
014020030003010207000607000980500020000000000001090800500000603090000000100860009
000700040006000058008005027675300000800006000090020000000280060000060003000007400
000030580006000109090400700180900000007006900200048000005010000008004000070300060
007500300100080040000006010800000000640020100090364000050000800700040002000000560
000005394002830600700000000400209000007060000006000000050400700000000801360008040
010840067070010050400000001825000010003200600000000030090030000200000000030607040
005006000010800003008027000080609025000001408000000000190302080040000500000000700
005060080800000400000980300602000003000000008400013065100506000007034001050090000
000020570040000000000700004000200008100870090506000000000000302200060710015030080
010000090007004060004507000000050200600000035300010080000602100090800007040000000
000805900000602057054001000900000000000060000021408000400037005680000000002000040
000300900000006058001900600010009300600000500370060040000000000036000870802040009
300400000740020000600005010000000070080000540009340001000170902001800000900000050
800000300016040000005000096000070020009360000000901000470100902080000004000030600
800002300000930040000000006006007000009000250048500070000070000003100000251040800
200090500000000070000802000000208300004009008109600000071000060500000041000000980
075000140030002006000300700680001000001008204000000001090000000008030050300020800
020000100867500920000040000004095070000000000200000610050030000010200080000000209
640031070010002095800000000000009000000310000720080031080520000500000200000000703
007520006010000408500010090008407000493001700000000000000006010300700000050003600
800040016090500030000102000009206000000010000267430000008000062000070805004000009
024018095070300010500004000000709600000005020040000000800000000001500079790000130
200008500000050061000000003480015000003002005010000000006900037300000000004720800
060009030040000090002031050084200070000000004035907810000105040050370000200000000
028000000000000000500200930070000200000047080006000750040901078000003006601500004
800070090007000030030800600000001002026000000004750008100004000200106075009000000
010000006700000080000078090020500600030019000805200004000190050050020001002700000
300800050002090000061075003125000000000000200700000601000007500004000098083020007
003980150000000006050600030318040000000000000000060008000200000700004302200050004
038000002000604000540000080600000000170300405000290000080000000010000006000041090
000030670400006100000008004620103007085072000003090000204000000000900500560000080
800100000073560914400000030000090046090200053500700200057001000080000007006000000
004020050000000009310900047693010700080006001000503000050000006000008900700000004
001930000000200001070005080300094000002000100050000090009000506010060800807009000
070600000080000917009000000002000041050400008900010000000900600040053700700006002
063000000400002007000003190100060000800000953000007004008050349000008000501000000
500046302003000400010005000000002000007800246100050000070000090002090803801000007
000090030003050700870000000100938040000000000530204060600000005000580096902300000
090204600635100000000009510040006300000080060000000040400010000070920000000000205
006019800507068000004000010000070600700900030908600054005004200000097000000000000
100090340030050920070000001040600090000083000000000608000010000900500000820900070
000000098000536400700010000000001000605000000000400900000003600004720000080060320
000050030375006000010007400000000500087020000090001846000000000000009600002040091
030090000060003018090000004046007093900460000008300060001000830000800002000040000
032054006080000000050021000000060004200008000895000000000400970000307410100000000
060030000200006801089010005310704000000000000000080290005000080000008049000020300
000900020032007006000000081016000000000000608400000790543060000900080000200000054
050097001200060000000000780190000000000000420500000006004300100007650000000200008
001000308000090001003008460000060000080001000000207800000046002725000009600500000
001000000000500030209000800400000050095304070000800603000085000003000004000710060
060300010005000390100078000000200739700000280200900000000000075001809000000060000
000960004200000001340000000104000080700020500030070000870000000000007150006085000
006000080704600000005001030007020000600000009000309002300000010080040020000800003
000630075700100000309000200006054301000000009800000040008061050900700020000000000
039400007000000200040006300000701038900002500000080000100300700600000052000000080
000060031014000000002400000207000000060030050000094100000045002900326000000700009
080010006000020000000903007600049000350000000008060074409000000007501000010000309
000200000508790200000004700000060870300402600010000050060070008900000500000100004
004030000000080204730005090000000320080400006000000001000009700100000000460000053
002090500009000060000700100000040000905001006601000840060100700824005000000004300
008300000049000000000701500007000000002000017060002040090027060800000030000060104
001000006007120008200040030000301007030070002000500600006000000070010000089003050
005100803000300060002090510090400021003002000800000000260050004040009000000700000
700000400000003810050690000001020000000300000000054907006400100500060000803000090
500600402000000100010003800400700530009000000860900000000010740084090000200800000
003020000040063007060000109000700860000000905000000002081300700902001000000000420
000000040000000705514000080927003000140020503003006000000310402000008006000000090
018005000000600000000002000030000500870000020051089073000920030000010706096000180
040800600000907000905001002300000000500030006010006400000010870080000009006000005
000010800100000059900300001000008200060400000800600900029007000500000000000802630
000000390120000700009730008560000007002067010000020000007500009900180000400000050
501600000000890000000040000900000080000060043040038070002009008390700400008320096
048000000030010006720000008000002030904060050000700010203800000000000002000406005
200000000600000800500024017000300006905206008001400000480930600030000970000000000
000000013000048050400700000700060900041070020000090000075021040060000000000000130
070009000009001000300000807692000000000000130004900070000710000000000284000025003
001407500000000026600003070706502000009000000000006000500900000020000031004010005
050030008600000040004807000000001005302050000900700004106000500000000000430900001
053600410000030000008000060004100058000006000001002040000000000015200006040070189
000007080000005673000092100590000000027039000000050030060000401000000000904086700
000500003054000008090040000000006309030021000200008060800007090000000470000900006
100003480004006900263080000000700040000010290000042000009000075071060000080300000
053091870000030004000800090004300000070010000000009500020064000407000080006050001
600000700020100405004090000270000000000900070180000960090530800045600000000702000
005600009023900400000400010004009100100080070300042690090000000000705000000030000
500370000809000050000008000000050618000009000000020300400080009010030407006400030
800000000000350007000008049005000000400200060019000300027410000000009200034600000
000200400040000000029740000000500000600002153090008070030000004008000260000056008
530000008080005410000400200000076009300004600001900070090800000000050940000040802
009002060000006407480000300071600050800100090000085000000050708000001000000200940
000000007007000900640070012060000100000050000032008040000009700500023609000604000
300075091910000200000000060000049100060700000049000000003201900700600830090000000
075000008600080900000000065546000200100090004000000500400100000907604003020800040
080004610006800700045030000004501009000092001000000000003700080052040000000000903
900500080000006100000040003090003050005000600100020700060370010000000005203001400
050300000000900070602000000000520001800070000000001760508060100001000805730000200
005000007000100000900036040800902060500000000000705009400008000003000500000020106
076004000090006041003500008000000095000800006300740000000108000000050014030000200
010090000000007000000401070900000800000040700600700105040002006086000000007030590
001409070000002480050010000000735000400000000007900020620000038000200000010050900
030800000900060007400000069050070000070000030000280706010600000005030100700000043
004000060020030000030608200000061000006007001300080700000009000967010004100070500
006005002070206850000040003304000609208000700900080000500003000000000430000700000
000000003700040020952003040008010250300000000100906800000400000007130000604000900
805607000200000630001000000000050460000100000700006520107000000520001300030040108
070009080600070000004000002000010070040900305092050000000094803200000010003000000
000008400000700900002000753003050008090030007000017000080000561607000300100000000
000026000031050009080001040090000001000100070045000000000070203000005000002030900
000100000000006713050000000009020108004750600030000900007805000008090007400000309
030060010000000006004900800290006007010300050040008030009004120081009700002000095
060009040000020700200600009078400000300008006400003090000000083080004600010060020
905400030000001057000020100020000005700042000600000704061000080280000001003500000
000401020024000000050307940000000031090000700300005000007603000000000490000190000
002304000050000080800029000500200600000000000014090050001040000000600003043005070
000000000200000006047000800000064000700010009004920605908706000600002030002830000
500009067000308000090640000060000015000010236000700004080000000009003170300005008
509007000000080012007000600074028000005000000080076009000000000062000400000400208
080000009400510002000007053000000080000649030920000407090730000208000000310000000
008600070000390000000800401500009000100000030090400005000006002016080040007020900
030700090005000008600040000000600407060300000008000100040003000201050600000001970
430080000900004007005700060000000823000800500002093000000050681000002300010000070
700003000090000010010058030042000301001000700050006008000005006309020000068009000
004706000700000300000003000002001600800009003300000045070000009080064000060170020
200005000000107003000800120007008096005010000086400700002000005890000030000300000
650403000000000060000090003089000020100904830560000100000000080000200600370050900
094060000800401000260080000406000210001000070000000040000038000970200083000700001
001003608040000000706408000013640090400000520000000000000200003000006054000839100
090050000108903000730000006000040000010062005400005100006208004800096001000500000
000100200580070000700020060000041020000290005060008700000005930000000000824000000
000180000090400036380006000002008500000900000170000420000001900200000074700000600
083000000000260304401050070005001900090000000010706000060000805050024007000000020
090500730003000005005040001000000060000300507510000090480610070009080002100009000
003080700048001030500000400080030000300000070019000000062000300000705040900002607
800090600010060940400300058000080032000000000000004005000052000060000079120008000
500003010007000004046000058002970400000000000100300200003007000000004089900205000
020307400000200900000006081060000000159003008000900100206030009070000000000870050
002000085060700020100004300071000500000400000003019000008000053007000900050270004
040069000005020000000040031806003290700000053000200008000000000302080000000400182
002039700005206000000000080000000000070000406460050038000901020100000090040000005
208000000530000080000053001000200730060001095000360008705000000010000000043018000
407900200080000000000240900000007304900360000075002100006000080812004050000000000
001005600004090580350002000000020904009700150000010300000600007007980000040000009
107029030030000006900000000005000020000008000080200493050000000200041005000000364
200039007000602000083401000708200016040700090000800005800040070000000002010000400
000050900702000005150067030000300040039600000500000080001000704040000002003200000
004062050000000042000140908360400000009050600480000070000000120572000000000900000
009050008000000520620801000241500000080000000000000470008002003060103000000070900
008090000100002004000070296400000070900000000070600030050430080280005000000006000
030000009080030000106800200009600043400000021008000000090040000060207090704000002
000200035900030100006000000058000020701000000002600040004800003000706850500000600
500014000090630000078000000000000017320070065060000900000100802203000100000043000
000600001905200308000005000078000020400080009030000600004060010700102000060000042
000060700000003080500720063381000009000070000907800602000016930040000000600090000
407006090000000300020000740000000004030765000680000200000000050000539000070028010
000060000001850706000000010709000004450006000006203500000530007090008000007000628
502000100040002060008004005900100700000000800000090000005009006790050010300700000
000320004005971002001000309412000000000000000000060240700090100060000800080050003
000794600100300040000000000070010009400000008081400500000000107006000023002001000
500001000360400020000207500010500000004080700706000000000600008008000203020900006
000002900034000700070000540950004000003800026006200000400010000000000005005003080
000003501490000000000908000001000400070042005030005000000080000050070980900020310
000070532420000000090003000000001096000000010060090800005704603040085000000000008
000300000010000407400060090036025000780000003000000060000900000020030084008006700
000070600070000010400830007030100096900060000000009830000020008012007350304500000
000005104500730000040290000000043050610000090000100002000062000907000000400000005
300000090070600001800010070005260100010300007002090000500902000000040000000007300
000100300080000900750300004005006200000804050027005080090201006300080090000000000
000000080020900000900504360060090000003026901000807000306000500400000000700002040
000400030000700000050060002908500000001000720605000800000007206003600008400900007
000000001002050908038009000040500006050060000000047200005020010006300000000004809
050800079610090003000000450300000040020000000900002100000501800405003000008000000
400000300281006040003700009000300000800000000030020700008000000000209401600004090
050400008000920600010708009980000007065000001100003050000000416030000000090004000
090003000600024300005700000000061004004059000030000006900000610001008030020000080
004002009007010050000006300600009800070063000005000010000600190900000030000070005
001008000800000002900300080000560000600200100048900000750000000020030008004600070
000000070008001000050640010200400900600200000013008050090000000006500800000062030
002000010701500300060000400000020000000094000000300152800006003070002000200009047
000580000740000060000006900008305004001008005002100000000007030500690701010000000
000940020000006050060000100009060007800000000100030940004070800280000061307000000
800000500090702000500900002000030060000001005760000010080603000470000000003000196
078040020000000000200001509035000000006000240420000007000702031000600098000400000
800000003002490070000703098600050300008000005004000906000005010580901000401000000
049070000000500002000080350000010900928000000000000000470000100010200040006800000
000800100002000930030010000009080243023007000000006000000000506780030000001060090
065007004430800000000010000024000080301000740090000020002005000080040100500038070
002803091006900082890007000000005400030000000600030207070009006000001000003070020
800400705090070020004000000000000300000568000019030000000600450040200090002910000
007030900030005000000048020800060407400380500000000102300009000050000704000200000
001000060400000000850012370000020700000005290540800000300040010000500000700030005
006002073107900000000000906050041080009050002030700000010070268008000590000000001
000000005009007308100000200050000000040018050000650070001800000003000027060904003
070200600080060407000000010029070000400900008000340102000010030800000000003605004
000073800002560030700800009010000020070381000003900000000014000050000640008000000
000076502002400003000090000650000080400800090000000105200007300370009000000602018
800300004950000720000100060029600000000000900000400570300040007000520000000000380
070005004001000000600003097410020000000000000000604302000000260005160000090700008
000000000030207000009000580000050030000081604040000010508300002000000003100004090
000000520000071000060058000604000090080400060010090000400100085070004000800002906
061200000800700000509004080070000600090070000002605019000000000000002004008040321
000045002027600000300000006700003500008960107090000060050200098000000000060000703
500006000000079810010000000000000030100402000096003050000014002000000490300800006
030090000060070020001600000000018200070902510040000600800100003400000000000587400
017406030000000749030900000060509007050004002700003604000000205500030000001000000
004006005006310000000500400000007080001002096000100007092001000805000600100800043
000050000301000706000071809006149000000000000190020000000906200230700904060230070
000000910000800075000020048006010030040072000030009007000400000021008000800000600
000200003050000000700003000100000200000050708027010500060407000080000106000005000
000060040800000001619000000030500124500000870004000000075046010060010000000050300
030407000010000400720000390000080000000003076008004000963000010041000000000650003
023090000000000040800204170030605280012030000900000030000068000060023004000400000
003008000090000700057000406300000010000960000002403080438020001005000002000059000
097000050030051000050002100020000900700080000004900003000008300083200005070605020
083000500107060380000400000254100000000000090030000200070200001000005800300008600
500008004030960000000700090604095000087002000000600000078500000000000210001036000
020600710040005002000800050006050000003000004000080060082000106100000500004036020
006002009800000670002000053000530000000000500900084000005400008701008000400601007
000006070040000000200750300760010000050630020000000890530000280004300900000000700
003000460700600008080000020500018000090000000000400701001204090000000500056000014
300000020006402038000070000000720095000015000000900100019000004000000560470030000
506090003040001700008002100074003000300060000000200000400036020009000300600500090
000010370002060000005000600040200010007000800080900000076020080300680100000007430
000400000000000105000570026038000700091000000000046080079000360000000001040053070
004503009900010007500809200001300600600080070000200004200000390060005000000720006
010007000900603000308020010600000300209000000000002000000006050001000094005000628
000012063000900800700060920002000010007020050300600000005080009000100006800007200
080000170000800006000201030600054000024680000709020000000000007032000400806000200
000850103094000000000400000003067400050000000010000098670010000000578300000000520
008092006000000500653078240074069000000000070060080031080003005000000100000046000
000490703300001000096070010800000206040010070000000430764900000030060000010000002
010500900000001000200000007000600000300904205500010030050820301008000420007000800
960010000700902000100000003000000700000207008003009050001000040000000831280000007
740000000005409000000005310000570080001020900056300000300000000000940000068000790
900003400000000078508000620082004005000060010001897060090000000000400000017200000
006000015070000806500100930005004061000000080000306000600520000704000120900403000
210000700000920000064000003002000000070006040089000050000054000300000091000200060
049500000000000002080000700900005071001000000026001903600200004000040050010006008
000087510090000070100003000020850000000071420407020005000000040302060001906000080
400090250000060000006000490340100600067002000000000100000500007600920000004076908
007000008040060003000200150003001000000006410600800035001009000002008040380000002
950000000000000802003014000007000089000009200030000604070501000001070068000006407
240000000007060500050030000903600070000003926000000053600010080000507000021090004
010006850080902000076310009000090006004000090000401307000000000308100700100000004
000400679010002300730000040300290000000000000100006904900700060000005400020000095
080000005000109703000054900004000092010000000003005807600380000050007000090001000
002090000700008000080310000000000300609207800040080071400005002520800600000100000
049005130000007000060200500005030070000000003100702000004000052580000090000306001
010050000300090020400000007900502000000040008005080009030004000000600701048000000
040900000800050300007001000610408090000000000308007000050200000000030601004000800
008240000010000020940600030056403100100086390000000000000920004700000000090001000
908105000000700400020000000000006073500009000060200005300000004045900000807002600
400002086290000000300006001000000400000970000000010305000000000060007158520064000
001800600400103000500200008050000070028040900900000005060000001130080056002000000
000000008060070500002001000006829000000060090500004007080000000700008210023600000
007000000040705360000060001502617030400890000060003090106000000000000200020500970
900300000004008600020050800000000000000800005006094003709106008001000700300009410
500007064040008073010600000000085000204000000000900037386002940020000000005000380
000008403000027650600004270058106000700000030000000000402371000090000000010000020
000024680000050040050380090600007439002903500000000001960000010500000000000001200
280000030000005000437000000000960300041700000050030100070094060000006070600000820
504000090080900007072060005007000000100400000000206900090184603600000004030000500
007000920400500000050100300040608750070000801900000000005070060020010000000000539
000600019360000800002408000037000900100300004000000000809007000000026700600009000
030602700800000000002050000065009000000007100028000060040000590000006008500900402
015340000006000070000020000003090007900200006004500020000408090060009000001000540
000062304205000000390000050824030000009040000000700000000000003070820000000470200
000083500005000008000000732003097860001020400600010000000901000047000006900006300
590000000420051009010000006075060000000900012000020060001400008700000000000090530
000000006940002050800000000015090078006005090008023000000000004050074001000500087
000020610740059000500000000090600070100004020400000000209000080010005000000078260
240007000000000502100200048801000090560401000000000701000000060300008000400603200
000050008420900000106000309002007000070040900090305070000009700904001002850000000
035080100010003000000000500000608007040009050001000090000020001060040800000706009
000069570007000000009301800080000090700000630000900000008000024012006900000080050
004000201109060570007040000720000030000000000000610007050003900400520060000090000
000020054090000200058004903005700080010000009300100000000293000007000000040006800
000048200010000403000207080005000007000002010800004300400003600309000005500600000
000400007000060090300018000063150008059000100001200050040000070700000005000830600
800500700000040000005820000004000900001000005020091006603000024050380000000000060
600000590210000600008290000003507000000009103450300000020000300000000007007602040
006000002000008009070020010000250006009007000004601000000800620050100000700095300
000500000210000064000023980060098070005000008090350200001200000000004020000080400
000000005900034016600010000300000500006059007070040008410002000000107060000000020
000010030010035006700000900000300002050006340000000860004200710000004000298000000
000087000080000020320004100000000008050090604004070090000800906945020000800000030
400000076007000000900020300045002800003980020000561000010007080000006030730000600
007020608500009010000000000000406000080007960000000300008000002015000000602030407
630041080800000007000000610700000006010600054000070000480360000000097000060200409
000000074700650001009000000000000050004003000632004000000080706006407080900200000
085000007460800100000700004010000030000000905008102040800040000000027600356000000
059000086000060004000009000000146000001020700080500000100200007000008060400000005
005400219002000000030006400000000006460800050020900000004000801300007000000003060
000000001019004003050002000100070020007206104004100860203005000000090400070000600
090508001030020000800900030000060090040000080580000003700003019020400060001050000
000007003130000060608405071940720300300000000000000400000060000051009000000050210
070000903300900702000060000061000000009800000000004021506230004000000800010080070
012040600040000090753006000000018006007500000004000908070020040001000000000073109
006080000700000140180700205000600072000005900960008000020000000000409801300800700
000900000260001005000502030090400860870000004030000002050000000100003097000208050
001000000400000035090000200000007000814000000320504100000200060540060002630009700
500070400009100060000958300000600900020000800008009030300000000807090204000200000
025006090000000000960003000000900001340000008001530002700000800000180020030009040
500000803080000190000004050009053000010008004060100700040035018008000000000090000
000080009210760000704005001050000020000000000000030407000026040002004058600000100
800027100000000000003001600000000290050003000001905003000002009075000001904800000
010000007000006153030002040700029060002000000400003070005000006360080200041000030
503004080020000500900600001040000008000500010000020000081000006602300000030109000
000069003000410900000008000000003079500600000400007610710500008084000000260000040
000000970023000000000034002007900058009000000000620040010000620006008000040007000
957000200000700100001082000000140000532006000000000006200039040080501390090000002
000100730007430000920000001200500080806010005000000210070056090000000020090803500
802375000000800090000001000000010007200006000004000950000008040000057010700004800
090601000000059000067800500086000004000100070070000610400080053000400020650210000
000008760006400950120000000000587000800000030000000096030000000008030670050104003
300902000009060040000000060560008010002000004000007090200400800000000601015800020
