Seed: 1640217730
Cooling schedule used: t = 1.440000, alpha = 0.999900, cMax = 500000
009070000507000082600802000800230509005000600300009000000003810000540007000190000
000000800700401002030000060200900040640000000107500000000870094020000605400360000
040820009005007300000050000031700000056003012200900004000000000014000070070001060
050000700007000900030700002000800050008043000000602380002010009004009000800200006
100040007300000000560001030000000004408000316030008000009052800000090070000603500
006000004009008000100570800010005700300100005000200040500080060090000370007020050
009500000000030401036000097008000040020070000403001080000900000601003000002000016
060020504000008907003709000000004609000800200000300000002010000086000005050000700
000000200601003000000010090400000050090400000000200070506000000900065008002108003
900000000080040052000003790021000008090200007000804000000000100007050024240000009
000000230300000005010006000098100020100500000054030900000605340009000870000004000
000300000000470605000019000020000000009002007040800900960000002000000734300005090
830700046004009005000000009040000061000000000056002438020000500075900010000403000
000400006062000570500000003000340000701000004000520000008000900053090020070060000
070000069000020004305000700509400016410000002008000000020380007090040000000900000
020006407400010036000020080640200100000004090080000000000500300093007000100040070
008700004001089006070000000490005100000000800100003907000037400010000093020504000
502000000000030709700004200670080000000005900890000005000340000000000108040060092
302500000071400000000000970700000006000200340049100000007000001010003025860000000
600210000002300068700400300100800004008000503000000100870906001090004000020003009
003000071800000002005148600080000700009002005000009000062003058050700000000020000
030008000000069000000730509546000800000002007200000000104070006000090008609200040
000100008000050961005000070206000000090070040008093000000908203800002000000064000
005210600000600003000004100207009050010800000600020000900000304000040000024005090
080003050030010000540600000100008600067900800800030000015007002270080010000000005
000000030095000870000090400000005760100000000259010000500042010060000040030080000
000000900470000000003070004000700690340050002100300000000006000850040100090008070
029157000100800400005000000840006020000001030000090010500203800000000700007000009
480000000053070000009002006000100904000000300008039020700900600800000009000400100
150006000048000000000300000004700020000890004010000090700001900000020305400050016
000000000030056000106980000010000000004508906005004000008010600240000085000009400
000000006070000038000709010000107300950040000007906000000604000000500920200008400
000008005012000040000547000001700000000400370005060002009000000000630001008054060
007800560900400070000060029020103000300005040004000000076008003801000000000001000
001000000720900080008000007406000000500840120009001000002009030000002010600050070
380000000000001040002700000000390600009000008100000005000600003801009500506280900
500000270703010900014000000900000500100098000400000000000806050090003008087002000
906100000700085000020004000060540901005070460003000800000000580010300002000000009
700003018000900030000000607000100005082000000500000870037420001004760080800000060
200000700036200400000005001010700002003000000900080610005007200600008000190403507
018000400006090100300700000000006041803040600000005003700200000000610200000503060
060080007000600001000030500900000040050003008006920000000006035000400000409000070
008200000070000250040007100090805700500004090000000000600000019300010500002000030
000000000032000600040120090400800750000000000500690003000002307800450010001000000
040509720000000000000082090600000010005204000000000087100005200000400006980600300
005928000039500000620000000067003000040200160300004000000150970500000010090000005
000806005300000006006000819000700000039000041068045000290008300000200000040000190
000000960000678500000034007090700050000050070000000100120000800000005004640010300
080030000000000009092406301400005020000600000070280430605000200000050010009000000
700100600260009040010084000000900204000007009080006000000000000900001050403000081
970602000000000000410000907008950740090470032300000000003000510000020000000000003
670000090102000000000801000000009038005067000004020500509000000000730001020000450
000800090910605300070002800400007600060000040001040059090000500002000483000003070
000650200000089030000010000000065001500900700800037004002000090008000006400090508
009000006083200075500000000012300400000006300040001500006000008020030000000800040
000000054069005000370000600006030020080002000000000700000046300701050002020003000
380002007026070010050000062000005030005900700030046000800100400070000000000057001
000081000007050021000000040010069800000000409400020060001000000045000900900310000
500034800000008003000500200230080070005000000007006094090000000124000000000000680
906000000800207509004000000402070050000320600000000000000000803000508260680000100
300092500007000810600001300000008000293000000005003000002400000000000063000530940
806002090000004720000300006407000010000807900000050000002400000080006000030790800
000600000500001320700090000000060530003820600407003000010000000000000210602000847
006001000040700000000209830001004000000000502030900708608000005010407000000002070
020003000008000900106000005040230010700010023000400007000001200000000009070860050
900040000410068009000700002000000215500900008000081070000070000000100020706090400
080002069000400270000030001001600807850000016000000000007300000000000040003175000
007000006300270001001098002005431000703900000040000000000000003600010490000803010
000020005907400000010036000530000000600058020000000083400000000060040130000602040
090800030006020000300100080040000000000908103280700094000570001900300006500009000
040006000000070000890100020300010008060030750900700000570000006009000030201900500
000008304000094007000103500500000080008000900040070000006000005005020700804000020
700036005000740090050200740100000203003008000000070500000002600000000034046013000
030002001007500906006000028100806000000000400800000103020401007500000800000350000
000093600040000080000605000000709000000080020050000300400000106000000000927050400
804300570900000000000005030002400000398050040600000001000030020209000007030708406
000800790020007000030210048002000000400080000070500480001006009004000063000005100
000100070007000009000060028000605000000010002900720356560300901000096000008500000
040000005000678090020000800104000500000000000003850400090031000805940007000006000
804060000050010007300809000003000400090000780701006009000000062008270001000000000
000705010107080009004000003000000092500060100029003560800050000200030070001006000
040000950000006428000000300000800040310902070500307000005070030001500009700000005
004028000006470030800000000010040000500000701020005000003780400600003050000600000
070590000000400050200000801000060972000000680080000500010300000538006000020017000
030000009040030000706904003000083720504010000000070940000000012900000300200108000
000090000000002600007800093200003060001000070000001305040060080096000400070059010
080604003005700016031050700000000350040000600300100470000921000000300900000400020
010204950000000300030070200906000000070000080020000490000002000084009002002010630
006000008080012005003580900040056090100000200000000043000200000000900480060043000
340000500000000006907012400000000000060030008800004002080520000000300070091700000
004087010009000040083090000020000000010205000000060070005001602400008100000700800
059306180000001600300000000000002060000105043500000000906500004700080009000007850
090600750800004006010070000070000900000000008300190000000000430008040001050030200
830100006500009000000005041000000050490000800783004000007200008300400020020008010
087001200000000000000650000078000100012000530050090040040070002005008000000035800
500000900001082000080000150700061000005003000000000600002009003930000004000200007
087000006100046003409050000002005000800030017090700800000010000000000300000590780
040270000703004209000100004008500001000080040000007500400009000600010080007050900
900010000030804006000000400600000800080670005100020000200001950300000610000030002
600100800000006070000003060004072000020000001090010403000005006010000200700000090
000800000200730000080000014060020900120000030000390040000400800038007400007000002
060000500090400030500920600081030002000000070000600000200000006000080000700092001
053000007600007008040500000002800400300000806015060030000010000437000105000020000
000900100670000000012000000003000000060010580008207001049100300800045070000809005
003608001100070400000000703060537000002000000508004007800000030040006010050020008
000000000800900070070100600300070000140600000002000309005069700200004008000000510
100600020070500060000000300009085000005000009200900004400200050006100007800000430
000047000030001002000300850060000700000450200009000004040000006210000080900012000
802006190060200000010000700000800204005007006024900000000030000056000807090070000
200006010830405900004100000000000006640030789092000400009007005000000000000063000
000002006800500000900060210700000100059000732004010000000070800000200000602904500
000007000106000200000000569453000000000245710000000000530014090604000080020900050
300091020040000016900700000208003000005000009004050000500000190000069070070100200
300000600000807004012000075070900040006070001000400000600100090000564000000000200
009003000060000400300700050070000910005004000000009702500000030001960000000507200
003000029700090000800045030000000000500000004104030080206080007040072060007000008
000002046000300009401000035020000000908030004500700020004050600000006000050000902
104000000003200190000030200480000000095802000000390007040000006600000983800060000
023000007080060000700040300904031008000600000000900140000790605090056000030000400
638500000900000730000000020100007000000048070000600008010203004000910000500000000
580000026000000009200070005050300040000028090000040000605000000300600700020804050
000070000005900040001038006000600015090000020000020300000087004089000700030290008
002090000950004070000000006308510290007000503000020000410300000500000800020000009
000000000700102004908000070070200000060080419000060000000600000100003000409000820
200000300000400800000003094700000508300007000061090000005040907003800400002906080
700060002002000003009001500090007460200600000570004000005000306840010000000005000
000036070030020000900500000000070180080300009510400300006000000000000591090740060
900020003310007000000306920000002540100603000000000000000001004608000090000205087
004000000281540000305010000000006050040200300008000901600007000000120000090004200
500090002043800000000001000050000006900000007000043200005000000037018050000600090
105000690000605070000032008507040060000000080000063050710420000930700040004000000
500000016170400000000009000000700050360900401007005900050000002900048060030600000
006000701000080090507000000005000007140600500900000600030005900210304000000010004
008000010010200500000600000270001000600040800004060073000900137900050000000704090
000020600900470800060000900300100000008000090090000705057200003006003400000014008
430008000010603900000501000080070090002060508009000023001000050000200006073000000
478000200009027810000005600040000020100800000000010740006000400200060090000093000
570000000000760000040001020000070068800000309003108000000007490200000087060010000
090130000000005000013009000009000400000002507800060010000500140000401002020000003
500080000300000092000090150000049000003075809000100000000000704056001000071000005
002900410507000800600001007060190000000750180900004000000000000026000040080000300
060140000500607009007000004000005020842000010000800000000080700000300860300400000
000040000010060000000000130050004609060015200002000000803400000500100002026070580
000201090070060000002000150000000200010800405005004079093000020060010000000082607
100000204403000000060000000080372050002000040700060000200603800035410000000500000
008000709740000003000006020300090065000604010100000000050009000000380000070020004
051030490090064070000000000000700910000000300100000006300006742000000000907520800
602100005000900800053000400000004008006700900000010007420005000030070026100300000
100080300000000400000492050009000000005106007200000010030004029000703000004000600
700009300204000017000000000000000090006040700000031008020003500800015020000604803
001000000000105400300000009034900060000050080170002040000080002003004056610020800
400700000050000008000000900009000600006173200005080073000608050000037000008210006
000500080000000023000060900001300007608200000300000400005000098207015300080620000
700003000000075000060000104049020010020000000000000603007004000630900500000056000
000700280500000907001000504000040025003809000000000009040328000305060000020005000
000000800700003200631700004050090380200500900060000010000400000013000000500080000
103000720000000800005100000000067100310002045090000000500040208430070500020000004
600004000007000006000600300002003090030000487060790003500076004900012000000000800
000400070704082900002560000000020039087090200001000080400000000010800520000000006
097010030600007010000000000900300020120500000000408006000005004030900000500003980
000020071040060000098010002000000004000100085089000000005700060200800000000005900
000200000070300090300010000080050100040002600000000208004900005003640020100000003
002010503510080092009600040005090010040000000007000009000060300000820000021009000
801904200073001004400000006060000073000700000005409000004003000000000500020180000
500024003000600084090000000001000000000009102860030700000000800100006250005400000
000624000058000003000000000009201500805400200010800070004000001001000080000905030
080000073000020060060010400004000009070804300010060000000000004032700000001050702
300002000500000140060000007003098005007400000000000008100070060200300900009600053
007000609000000300098000002080000000000805490000041000020190008040030020006007010
150004070004000000000000096008146000200800600040002005000000207000090003002301800
620000008000020600003900704000015000009000000700080060072000000000270940100006800
800500002200000100000009007097000030030804501080003740000308000000060400000000010
000300209060000030070100005000060000480050000350920007001040050800000460600000700
007210000000000086083600100071000050506040001900000004000000008000090405350020000
200006010031050809004000000000003020003097000085004900008000300000120000700008001
000000600100800000000012390082000007090406100000000000604005000300000704009000000
000000700702000500000005063300600958000720004004900070560000400000000000900061030
049087010000400002000005300030200709000856000001700000700000061000001000050000020
048003000600400700000090060010000940007080500004007010096010000500072000000500000
000008453410090000030070000006000000840000000700034200009200080300000907020000045
006070001000008030402060007000001500008000069705030000000050000070400308040000200
103006005000139000000040020400002300050000096900580004008050000000000060000700410
000210000004805900060000100009000600010390057000000000207000000000006400046070003
000000000000080059080350001600000207050000090200400380300007000006012000074900000
008500002030800149601090008000000060000000015000007000002480000300069500006050900
800050000204000900190040000000190060070602804009000500000009751000700000030000000
007400000400002000630700009005000160000378000900600000796000000100000200000000053
000005076060000080200000100401007050500000000007020000000350700650002009803900040
000010005070500000509380020000000002000000760010007804001009600060005000000800300
008000006600020300010000000100034008005082900070090103090000004000000060040960010
080057000106040003000000590000079000000003000073006081030060070004700200200000000
032100000000060009000000400200903600900700000400028100600002007089000000000630004
000703600060000023700000000000000030001040000500002408900080040300054082010000507
001504300000018000870003006035000019000050000920000430000000000603080000400000200
020000000100065700004090100003000002040001500000000900000080049000007000850600030
000200600084305000002048900001902000039100000008500070005000201000000007900000050
000000800040320700000506020050030080020600000600087001004000100103000690080700000
000000000080001000367900005800604032001000000070000940000000750009003060710020000
470003000009000002036000071000025084040010000002000000080740000320100005000300068
090070010003010000004000605001358004000090000009000020030000071000807360000600000
000080700006050800900020005560200007070300060020800010000070004000010000405000600
210000030005317000009000000080009003000000002600000000070040106400180500000200090
000000090035100000040050260607040000000000000093000670080300500000520040200600008
980050300000400005000008012062000500000010008007005090000020480000100000306000070
003020906004300000000869340020010000000000000000040025800006000000503200062400800
800006000060200105950700230080120000702600000009003000510000000000050400000000090
000000000040002058100000702000200080006009004030070600013058000002090000087006000
000029000000800000000100008009700580040030700600000091500090043010005000070208000
060001800007340500001000300000006090100008063000400100003020000754000000000790000
000109340000000000083064020090500003120000060504000092000000080000607000802000009
018000003040826000000000900000000800030950001207001000000600708900003100100000004
020080900000000000010009320003000000000000740108040600300500072500063408000002000
090460500800507006000000009025600700010800060600300200500008040300000007000054000
000600030300010000000720000508030000000000107600500200000465020003000400001000809
300800005000179000062000800010000600094000000000425900000004000800000021000006009
000000600000000071104200000000060030025080000408300000009021500001000094050000200
200030500000420900000000000100700390080000075900005800002690000614000000009300008
000300070600090002000020000031000005700100200004000090003009050070010000850600023
300000000800005000014700000000009005009080700402000001000200070706190200028050030
000000000003000046000590700000030100280005000400210080700000005010002000906800430
000082900000000000572001040026000000010006000300000070000400200790300068001000300
002004000100620000700000800000500040400000006051000280500703061010042307000006000
470000200008900100930500008050400002080007040000000500207000006800004009000000403
000902040000070005002500008073820001004000670000000004000006000001209300807010000
090040508000000410100008000020000700700006031060003000930004020000020080006109000
080400003000000000040009506090200000000030600014000020700503000000007100002080009
000460700450700000300508200109000064003000000200000008090070680010000000000010502
004070132000904005050010000010093000000208070000040000000001900700050380003000000
070160009500009007000070000900000405001000000680000300004800500020600830000701000
004800300050020006012003507380000000000000093000090100000004052100070600000050000
019200070000900006380000000100000609672310050000800000750000800090000015000040000
000100000000006007070903410000030180030200006000001030100500000052000300090008700
098036240001000000070900300000009000100000060000800700034080000720600510000000000
004300000000509200003000195600030007001080000540000000000000520017006004000040008
020400300070920060006050007000008900503000400000540080030002000900000870004000000
700000010000600400201090507000050230060010008000304000009800020004000000038000100
174600000000000900260030400050100000000980000000004095580070020000000040002000160
009000706060000048000000000080000007700006100052400000000014000007900020620000030
000020091000780000000900003094000200600000070720490000000006507060007009201000060
190400006000070000453000090002000310000000004700000020000900600579160000860054000
502007000000004203009000700005060010700009000000702950060000001000003000300200406
000495000300002400809070000500900000002003070107000042000000800250000100600050000
050690000900000003800700005000000010002903500780006009040000080009400000000000026
209050004070010900300070510027000090000000000903004260000000100001830000000005072
000000100004006700008003005005000000060705080070080010100290006080000000032018000
003000900000000005009570000900300006406000008030020001000091070005080039600205800
500010060040059000008700004000002700003600402000800013015000640000007000080000007
060000801031000002000000000708090000020500000050083004100900307000004208006305400
500807000020000980000000001280000650000000400000059070300024000051000063000000700
700003082000600400040000000070200000000048509095000003000020040030007910810000000
200000000000090510760008309000045000920006050000300000001600078000081003000200000
000065007000000005300000400060030000084000970000207600600092050001300090008600010
000500000604720009200000000000060070308050000906800104000600093040009000000000507
000037000100690050408000000000000200090000030756900000010000400200005300000010670
059014000421600000000000000072090600005000900800000051000502070000860200004009300
000130074900000010000060800504000020080000100003005607018006000250010400400002060
070003096080000100003000007007000025600080000210005300000300060001040002000768400
000000100060005040000970000920004006003100904008000300000000571070810020000500000
000009050809000000000100002010000020008030900000782003000075064006000000730024500
000005000568007001001000007000040690086000000040000005003010008000009500000006270
001200007800070000900000001009000300040380000000060400000030085100020600702600040
000700006053000090609050804004000000000000700960001050000300040400095201000100000
068000312000090050000000000035007060780204000000000003020000000000610000500409001
009400500003000802000008004060500010048900000010030029005200000000000001000003006
000804091300000020009600000050009000706000000000023057003080002004006073090000000
300700000009000620000000008000030200270609000010002060800050000700060040000403506
300000000720060005006500000000083000000900042008001750000005601010000420084002000
001307800008200041320000000700980500030000710100000000500102000000000403007000006
000000030065010000700003020080000700070008200006900000000307800000060094090002006
000040036009308000002600040900080501608007000000000007000010300050000004070020005
009870000038020040000090210007004006600010000000050001050000470090000000406200000
000017000060000000005030860003004071009000000700890406401000009080000000037000080
800049000060000087070100000680070500050800620000000100000000000000024810400638000
700003000000010009300040010010009064270006030005004002000090070000000800050061040
090001000007000040028300900000500804050070010460090200000068000009035001000000008
000009070000400093060023000005000100304100009087040030008000000503080010000000002
010090050940070000508600100203007010000062040000000830000006920000705000000000400
800200009100090000050007000300000900904860000006024010400010057000005306000000000
920000000008701024000520900105900008000050002800400010010000007000000000700085600
000538000600040000000090000010000030704053060003000072000000006800400100590600007
906030400010009300004006090000200008000651040005008070400080000059000000600100020
049000000300070000007000900090800241000006500000014009032090000900100003010600007
501068400030900600080000100024006010000080500000302040600010000218000000009200000
003204050600800000000500200000001023060008000000403089200000140085002900034000000
000007100002000098800060030200000000063800700107059000000090200000504070008102000
860050140000000000005012009000000080000698400050040700000000000910700520070003600
000204070030076041000900200005103000080500360200090000000000000009300600000008010
800400000960000508000000200005000690090004070603002000006050000000000740008001000
100005047200040900080000000020000600010006050000507090008009305000030004400000700
009347200000000000002000804080090001027008000050006400000500010006009002700600900
000109080009004500600000000300000000070200000000008016160003007083006050000050090
000508000000000000054020900090000830030054600060100005073080060000907004000001008
008005010350641007060087000006900200020004900000010400100000000080000003000073040
004010900308206700500300801400000090000002006760000020000000000000849000000065400
000005908060000001100000070420000000370806000005400207600704090008100040000060000
000269000900050001005000020000100008063000000400806000000020064000097080001000509
000000000004700000985002003700438002000000000030105090190003000800000307050040800
037900400020450100010060009080500007000000092600040000000010000000000500000632008
000000000074600200200001009000300000050000047013009050500096001000410000000007400
000140005000700006104086000809030000700000900002004100000078000070010204001450000
000580002083007601001230000000040090750600000406000070000805000000000009030014000
060000090091350000735000000050600007000001980003007002008000020000098600010000009
400030009000000071003080200000200050029500000080070600060000403000400010510000060
080004900300090000000060002820300000900070080010400070600007300000030008090000420
800002010004658000050000070000790600000004700000000030407210060030065000000400003
008040000607000003010302000050096070000430000000075026700020408000000000000800201
002000000040002060900000540006203000000700000100090070008500107200900800710080600
100000000900000040006008000020090301000307002609204080001002000000006005040089010
000720000700100230004008000009000005000000080023500970900007000001040600000080002
190000002000000080008403000060000007910560000040000350000045010000908503009002000
000001800700489000005700000400800020000000163020000780209000000607010050000007900
000500000005000200082006000006000400030040902020070000000090063360400580090000000
000400000003008100200060070000240090105000003000009001080000600040020500020090000
020004050057000009900600108000201700060005000000700000000000900830900070000020005
000000307002003400000708010800509000030800001290040060560200000000000005900007000
203001005005000700000000600500070090010020000600059200002008000000000100058740003
080200009010000005000080670008091000003000890050020007000000000000005304540710000
300000050008275006007800000590400001000008900060001000034600000000000090000020070
000008036086001005000005000040900708300000000020500400000004000102000940050010080
000060100230001860009020000005030070000000000807002590002600000000005907700010006
030002000901000260000700300090031000300400070006070009000100000005204000060000018
008060000000900040060300807240000000030047050006000000000809001000700300003001976
900000067000280050010003240002014003700300001000058000800000000005006010004000900
025600840600008900000300050050030094030002600000900000001705000002060000000091580
000004809002030051000200030080063000070850000350000080900040000020700600700080900
004009108080010000001000040856000007000008400000000065000400009200603000019020070
400592600000000500030860007700009054000000008000750060080070100000901000016000000
002000750003092000800040000300001075400030600000008009010060400068900000000000000
000073800020900004000050000305000070000034150100000600040000007670090500000600300
000000006529000007000007084300400090040079005007000020000000071010094000050003000
000000060000902000405071200900050000020000080673100009180003000000800001007006002
069080000500000000000073600047000008000002043000710002000006000700300204300090000
800100064009040030000900000008000010000529407400000000090060050001000000074002003
000040200050070000300200010002006030907000800800090000010000050006005001000002970
000000004006807030950040000100200045000000207000600000001060002000008500490005300
462000803100000029700000000600002000070006030200400008000000090020093050004200706
200000001900045000050009307020508009090012080000000730040007000001800000000000050
009070000000400893008005200003050102900000040005006009020000400000600000000382600
910000007800400600072003001050010720000700800008040005100600958000090000006000200
960000000000001098000002410700000000010704000006800500080000740000500900270000051
490083060000000050060000001004008000000000800700020093025700000038005010100006000
730000000050000020800000900007034005600080001003000260000020000000150380000900054
040060009000001030000800700004000016200700000090006804005003000000000520900104000
000000920050003040040970006406801000030590080000000000062000800870000004000010063
260000008000600000000031050900000584040000630005010900000398000470000000000005000
005000001100034000004000500060082070000000000407010000000203000078000032090008007
006008400127000030030006002000520084000000000300400009004070300000005008005000020
000000900000050030520000070000891300001003000000460020902030050010000009084010000
000309005100000093000018000308700600920004000070030240009080000000900074400000002
000000009069000007001270605800000001000130000006740502038012000900000000154000000
107009000030000850000030002040100000002000003000080075000000000700520019206070000
000075210000401000090000007029800050000902480004060070060000000072600100300050000
804000057702040608000000000600020900048090000200308705050000000080100006407003000
100840000309000104000000000004000501000000020930200460000007000000083200005620380
020000010000706302050000000800000003000860050200370009070010060009000800001097000
010000007400030629000000340000008000000002030900000062604700000000005700003001206
982000060000000700000300908060285010200000000000003000700060103005001070000504006
003000070000006103060000402000800200005000700980000000107003009000260000350701000
004109860069000000200000007000060402987000000000900000190200040000003050300040000
500890004200400060003000805800000700007010030029000500608002000000070000000104000
009500000000000003003090051090001040030086000000709060000800000205040700010000408
000000820300405000102000000027000004000900000090000607500300018709006405003000000
000000000002000100000698004050006002078001600013000008004030500000002900080700000
700000500060007020004000007000300900106040000002890600073209004020000000600084000
000000709400000000090450002001006580307005020040800070700000600010000000002010890
000007500006900700500108004430000000000000002100006007000000408000803000740201006
090000070000653400400000060000007020002030700080000009600090000200806040010045680
000000000014000500200900760060208941000035000000090006780000000600002003000000100
030010004900000080000047050002000906000000007010035000021080000060000090000402000
070060000005000006000400709700000050060148090010300000004000300380000000000800420
600002010090000500000730060500000987002060000010008004008006000040000090000300002
090701640045030000000005100000000060469007003080050407070000806000000050000000209
900200500140000020500000006000005600000001030038000000700300801000040900002060700
100000002002069000600008004003000500050030000400010020000002300089000000070380060
067025000040600007080000000000003000020080009094000700000001590200804000900000308
014000306300000407600500010000470001000002000502800030950000002003000090000280000
000500200500000008000003049300070010600000080008090005010086004000050002400039000
100000040000020000000704003481030000270040300900067000800003054000800000020005170
000201006000000000080000340040000003001005900002030807005040000070010000018070500
700030940000100000010007306001800020250900004080000000048500060000709000020000000
000000178000030200046000900600209005820000090005008000070050800000716000003800000
093180007000700450000060009000000041030000000050041060000000008520000000069800000
713409000205006000600000070000360000100002500040500900001000490050000000000085007
010706400000000050306040000000200500507800610048001003090000300003000004400090070
080000034000014002400060100703000000900640023000000800009000270060050910005900000
000009004500800206000040307000907020002000031800030000003000000600008100040070500
010370060204000300000000050800600500090000200320010800000060008100580000040200000
000570004002004030075080000081000903000090001000700400000340000590060007010000000
030700000000604002005009010003040801050003000920000005400080600067000000090000400
007900005002000000004510306705004200091060400000000000500000607800000040000406100
600010008054003000708000000000209000000086902000001087030000860106400000085000400
900000007000306100000040000020600053030890600000000210008700020005000008700204000
007046000000000030506173000000018005000050700008000904000000076000000820390000000
900003207501800060007904000000000602000700910000002000003100000800000000602040030
160002005040000800009008006002040300000300502000005040000070001701209000200000080
003204098060050000000603200800000032000089000070400000900000006000000400107002009
000000600070040200003800010500380040020000000609000000000950780000010005080006109
000500000730100050080004007000600000000701036906002000003079000800005320001000400
007010009200000043000000020000071006001006870004050000502000400708000300000862000
003609004284005000000020030010904006050030900000802000000000370100500040600000000
040500090600000000003200070080410500730000000052000087005000604020006950000001000
700030600904800007002704000800000000000000030009000204000040082050009006010006390
354000000906010020000000000090040200700003009100000350200650000000800035000900800
000000070000008500007010030500006800006400305004030700000570000090003000780020050
002004000004500067150000800000410000007000056300800900070900500000020003000000090
300010406006030007000090208800002900000000003500040600609000002032000050704300000
300010086000000700002005000000007010060000070090000300000700500837009000600004900
200018005000300000090064000000000002009005038084000900000000021060040000035200040
005300060460000051000000000000980500730060820000000000006034005000007400009100300
003150000700000030001000400070000062080305000400000800000009003608000209000400015
050000070000460008730000010070083100500000690000040080002000700010002050080000000
030000006000020005004900200000510800090000500801043009080000000002130080000085002
900008074010300000800000002600000090000400210000009036000004000005910000007006083
087030000020008000000060000000203010000800700003056400700000061290004370010009000
100270068000000000600005400000700305705020000400000009020950000060030080079006000
307080460100000002080000070000004090900800000000620704700500008009207030000060500
000098001070020500009400730000000000400200070080006000000107345000080000003000108
090000021400005000000000809000080900000512070008300000700006000000000013180050004
040860010801020600005003800106000350400000000090032000000080200008600009630000000
004007001610003002080000009030000060000381000400000200000096040003050000020000097
600001400500000690078400000006030080040700000730200000000000020000800006001002970
900000008000081500000000200000059014000300000060007020095800000206030000010500073
035000200000000640000020090060003050802907000000000700009075008000060000000814060
003200600000060200000091003000050000002000078300904001406370005010600800000009000
000000001340000060000008450000010004000203070905040300092001000700000030004092087
710000000003900500405200100500000060000001400060300090104500300090000040006080000
900030700217000000000000080304100002000000400001025003052006000090000010080500004
062049030000200006000103040001000050000302009070000004800000010100604000900000072
000050000604007502320000000000008093000700000010000408000006020090000350006510000
048000000001000360060020040570900000000010005010600007690580073000001806000007000
000090000005106039000325000400930250002000000100000000060700180073001090800060000
100020400060000500800000100000008002007096005005003000009000003030870600000000010
090000000200000150073000062600009705730105000800030900010000080500390000000002001
150040000200700003800020100041060007006090000005000039000600301000005000403010008
800600090000000001015003020001400000003061970007005800504009002000500000000000006
800009500600000001090167030900000400004600813500000090000001080000980070000203000
370005008402000900000340700000001070000000804640050000000070006010200050030008000
000000003708500090010008000190040700000090080000020600000900008073000060060430002
006000010030076090050100030003800470090200000004000205009004000800000000070309100
005000610040500000700060000800610034000080000009300060003000005008070000400020900
090040000000000019047000580000509001000074000902000008026050070000000605005061002
435000207000000100800000400004510300080490010000300000000051002008060000370802000
020050400004001580800007009000039100200000000400000037000002800008014090000070050
100000050030060000008053000800000701060097004000032080002009040000370000914000000
090140020700008010310050600005030000004092001000000207430000702000000340000000008
000000000100090006897000000000007020600000040000080031500304000400100900086000500
080509000000200700900108500000064000004007950610000070000020000200000690300001004
008002006067000001000004080200000000300509002001080030004000020500640003000000950
000400000300090710000670005091000084008000000050000002600008040000300000083020096
106000035000000209030020000000400020090010080007390010400000008000078000002600300
050000084007030006400700000010000590000000000000879300000000007003040000500010960
060030004010000005004600300000051023008300007000070000200000500806000000100860900
300000065000300409800000000289006000000000070100400800008000000020710030603940710
430000000000980004000700000000000006007305100900100705003200400001007000052001807
800002300030900007000000065410700030000010700500000000109080000040000010000250906
062005000000070090050010000000030004040090078000001020018003600370000005000160000
002000706000620900600704000050049800304500000000000500500460002000890000108000003
410090003000010500000200071042001000635002000000006030009000000523000060000358000
001509000000006045000020960408005010700380000000000200009400300003000000087100006
002960000030000010007000800000003000600540000300078005000800006010030950000010402
600200000130009070080030600020500790006000000000046030300050000000000025270000008
000200007030000000064090501000007958940301000070000000500000206002000300000710000
010020400850000000003009065000030002000005600460100000000004709000002031005300200
790810200000009600041006000300000000050042006800790000000000345900000008000501000
001700000000408000980000241090080032120000800000100400000603000006040080040000320
701003000030020040009500020000030200000800000170690000050000800006004070090080402
800002090200000001000650430001096080000400006950100000009007000000000700000200003
190000400500800000000064105050072008900500720000980000003000000000200001020006300
506000000007906040080000700009003500040080000100000209000068003000000490060000020
002093000070501000006000000003010400000070160010000070000007030340200008008005020
002006000946050032000000080007800090510000700000000024020100000008005000000900200
700000269028000003000056000001000096040700800000090020300080000070605000000003010
900008007000000500375000000600000040000800030107060800800506000713000020050030090
200640901007109002000000006000070003932001000100090000050007080009000300000400000
100400306050000000000000452600304200000070048000009600002000000000010090809006007
200800600003000900940007000007340025002000800000205000010009500000050071070000000
080052090500060000002007000007390000010000005300084000020600400009000006840000020
000500870000702000006000000000315900307009050010200000020150000400007001080000060
018000000070006080000024003020030100089000500403000008500400000000010800000002600
003070080100200000050060290092100470006000000000003000010007000080000914000000500
400060900020709060000000000038070000500380000006001400000020100005000039004100006
000000380010840002003000000700500001001480006008700050907000060000050040034900000
000800000000105208009007050730600000000000020042300780004000007903020400000060500
080002000000450700000600035800107040000009003070080001004060200052000100100000000
000650000007000000000000390000020700070008001003006800890004000000090402205070100
090500001000002000500308000900070000002060800000000056724003000000700009000000048
200000008006000904050002000008240060002000400000900000009000300004073001000109507
270601000006000030004000800001900000700102005000060910030000050000500070409000600
700100462008704000000500000200007001000000090900400000060039700080000009400001020
200009000000800040070013800000500301960007004000000200030008000000100000014970000
000201000500004000000000605900000042083900000400008700042570000800000090090010000
000020000600000709201000805090200000000013000408000000036805000080600070500000090
000000020000000100600320000090046000050200070000700016000004000100690007039070208
800004000002690070000000009700040002300005704005900036000800050500031000003006020
300050000079000000000001400008040007000083050020060010060800009000020500700906200
094020060300500000000083000062070080008400100050000040000050002700000008000804097
080010340000940070000006000607000010009500000042090500000300000570000006000170002
085940060000000300006000000060008030040007098000000000010083009903000050000100200
007000400006091500010006000800003900000002008002000000400000800060000004951640002
000047065009000000000900800510000003076001000000000070002006000004008630600079000
013800004590020000000307090004000901180004050000019080800000000005760000000000270
003000100000009000060740280000010500000005609090038040000501000400000007700000000
000530000002001000650047000007059040040000030000000020290070560500980007030020000
700000002050000040040600307800000405400000790000501003030002600002030004000806000
000200178200870000500004000100080009000560803050030000031000062000000050400000000
709000000000000608600301000001840500000000003000000040200003075006100030400580090
080069040002001007000000000607000190000700000000000065060090080009020000000000520
000400200908000007002600300239008050007300000000000900080000021006050009300100005
790000050600970000005040020000006009030000200000813000006700403400061000000000082
001700200504001008000000000030000500020080070009600000000008090050009034300020000
000005010000041009068209000007002080000000900010000073090070502052008001000000300
500000207728050000000000400000000300210070905050300010000604500006010000030000006
000000000020009000091206003000080500400000000006092070000800790005000060007300054
200050000000400080000000260605090031004000000907024000089000100000063090000007000
056000000300005800000070001020040600009001087000300100801000200000000009007210400
000467100000000904050000000007009000090014003130000400705000020000005830000890000
100000200040970000063000000008500700300702090000010008000090020072006043900008000
700010000400300000300068420005000001000000900270100035500002000008004650000600004
002009000910700000070000040003006200000420080006000019000308000085007000000000003
000020001000006204001030000300900607409001000000000000002650080004000300806004500
000540009017003000800200000000100000060008021005090300000000048008000700630010900
000100000600790200070002060010300480000007000560200301081000050000000790040000008
000900002087000000000064001401000000069100000073020040000000005300000060028071300
000032001290065000000001050060000400100000000907050100002307580000600003000000607
180030045007600000200009100000870000000001050000090200070000039503000010409000008
010000053000002400036400000090051030000000007670080100000000005800000090040007200
790000400500209000000000000010000700400180600300004020800005001150700800007002050
400000000070030610000005070010090003000300100097206000005029004000600000000054700
000010000980750640002408003008061300050000000700003290000000000000100800000927000
000083100700000000650040200000034700009002080000960310900000000086100007100000000
500700160000201000200058000010800200009000010006000304730000005000000090004030000
420006000070000001300980000510000008600401500000000000000015300004070050900000002
095000230000800600040006900006000007000700500032080000864000000200603009000000040
009000064600070050000053100037000009000400500000001700060100840000000001090030000
000049003060000410000850000400300000700200004000670130000000070290000068003080000
000914050000008100300000000005002048008006300000700002206000000090370001100000000
004000800500010403000300072800230000021068007690000008007400000000906000000000020
000000500010728000600500280000800006000400150000069340003000004021050000000007600
050000007001000200603000905080010000000000090000904008047000500009408100060590042
008000000300500010040001780003060098000000000070004056000090004100053200000200000
004000260160050800200000000000002000080095000043108005300000650000000001005009703
180503000054000700000000000071800000300201000209000050007000360030008027492006008
000060900038000000006900005000090240000108003501000600005000070020005000100839004
407000056000000000000000904080209000010000200500040008000904805900020060000835009
000000100000061000000923050003080005100400000560000203800090720000008000002000501
200003090000600000000024300048000020070090035000040001037005060000001000410007009
650000000010007900000403050090000000000000018106070002040080307800000200200300000
003000000020060318000000940200000690075000200000000004080100050507206000900005006
007400000080000000023070008000005400000300020501096007070009085000007600205060010
074000200050000608306001000000086000030004000000200900005000040027040106600070090
000060050308000000500080420000200000007000031001040080006000704812000000000500000
000029600700000040000500070140090000060000000030050086000003250420080000000000710
006000000078400216000000078060000032000000504100000000010092000020001360047050000
001300000200016007350080040000200000000040003020000670098034000000608700000020050
000000704500700000020000053019070608400260000200800007000003406006000000002000090
000000000746000001001006807300000080600210903150008004000030000000007012090800000
300000000002910000054870020000230070640000003100000008000007400205000900000000102
000000803200039000000600470340060000000000000950080600000000000090001587170000290
000105080120040000090800000000008304014500000600030190209300010000000063400000002
140000600092086000003120000000207004080000003500000001000009000010730400000000037
420000700300060000009800600000502000000080950200000800010000040080031005004200009
008325000006000010000001400500070800600000000720600530000003004400100350000900000
001000003030600000207000000029000051000000940000403078000000010603902004004010500
300000000082007100500002000000010003024800510130600000008950600090000730000700200
070000006400300800010008030040000000800000241531000008009040000200031000000587000
000051004050000600100007053030084200004000060600023005080000037069000000000200000
009370000000000000014000032000018000408030700000400020030205004002001009890000070
901008070000100000020030004007000200000640003060301700070000502080000010600400000
000009600060030057007002800006375000200000000005200000000000070070080410109540008
003007000000008010500000020025000000030020790800400005004830006060052000000160500
000079800000006092700050000204910070000020010010000000800060000006107400040500008
230000000000609080000050070600001009970804130300000000840900000095070006006000000
300005004050000062070001003004693100000120000009050000290000040000000008100400050
471200000000000052000070000002000070000940065100008000200060500008050096000000083
040007008630450000000000000003500091470036000090078000000000010007009520010020007
007500006000009208390006000430001000008005000010070000900800307070000500806000000
000600000037004000094780050089030004060008702700000000300000040000000510200000009
700003062200010000000500090980000030000000800605040000000086900800000004000124050
501400070003006000040020100008039000000004900400000050650700000070000280100000060
700500800001006900000004007000750100080301240000060000800000000003000020050200438
070500000840090150001000204060030000000204900000000003010300508050000000704800020
500007006800002000000000910000209050000100002002800400908041020000080090704000001
004000706000200004300000001000900800070000020410300000008069310047001000000020000
000207008600000403098000002010802000030014000000030600102009004300000090000000086
000000000080301260002075300709500000500006700010700000020000080050004009007030001
400600007008050300000000600060908000002000008009072530580000100000000040000039000
009000010030000000000960004800006050200430000400100070000040500000800003957000001
029001800000807130000900040003000000000700600400160000076008000950000004080000500
007080000010007900280000000402001030000030600003600208000400001000900740850000000
000006009200301600004900007000000000009000201060153000000067008300000500080000100
208050090070800004006000020004100000060030000800405600600009000035000700007000045
105000000002000400003008610080200000000003200500010009000004000600000800008096042
000060704650000800030000000000005001700300400000042609908400020002001940003000000
000070001000900602009002070100500030604000000020400096900031000002000043000600000
000040010100009008230100600800090032070000060000350000001000007700000090052800000
000031000705000034600070000300000060008000000012800700050280000090010800020003900
000490001005030900024005003070000800000000500690000000407350000200040080030010000
001740000090050600600001000000080005009000006080300040205400800000000020300009017
010003000408020009000085000000806950002700300100090800001000026000000000706009000
070000000000080900091250000005609000000005100000010073050002700009040060000798400
400000000000000007850010030000600000049000008005009120008000006900750200160408090
007240000000700020000063180003070419000300002400000070000000805058900000600010000
012905000004000000030070008300190070000000560080000300000009002470800000000000450
000100080003009206070030409100002000000010000000300900049000000030806000005000820
040000009802500000000010200000067400000400307100000050030970100087000003000000602
150000070000040309000800060008000006700009030000170200020500007080002100907000000
002069000016400030040000007900008152000900300100000000004607000500000209000050003
005009000000012963000000000050800000000020080670000301000008070200007600040300000
010600200035900008406000090000000000000078020509300100080030000000120009000006000
000500007000040600100002030080630200047100000000020080060754020001000800000000300
000008720007000610080006030005400000270000000900072000000003400090800200301240000
407000003000603008010090000300000000600305004070000000100900050000002076090400800
000009080840000000200700600000000800080004297000650004002006010051000009000570006
039000000000037000050400000002010300000092850800700006006000108000905002000000074
001000009200900450500030200060000090400501300000000002800670000700040000000009023
302500004100090002000004000700000010050100940080000500500008090000060000048009030
800061003000000008500000090100080700070500800040009060300000005094000100010000070
070830102000000000804016000080900005000002001409000800506000308001050000300000000
560008091800040600000600000009001803002004000637000009000000070900502000000000002
000304060058000090403500000002000000700100006000070300080036100004000080600010009
000000600020180005300006070051000003008020060000000892000091000030408000019000006
003000074000026300500000900040080050000000108091600030600003040000000000000007609
001700008004260000080930004200000000063000000000050601400800027000000810050620400
973508200502000007001000000060000905000762000007009000000000800400010500008900001
000260000020307100000089070000000209009006500030000080098003020000100004006700008
000004910000000800060090500700520000080000007203000001001000006050602040007410200
005010007700000000240800600100500003060030000003009000580960000000000060009074085
000001800014007906000000000001600300050200070400090002000030500000002009390010760
500001400006000000000007083080000000070405690001309000008040001400600000000008050
004080002500300070000645000070108600000003020000402013362000050000000000905000800
065002700000000000000070250600008500400000601508030040002480007003509000000700000
000003040000001005000920000002600000004050000600890130000075090000300800105000307
000000180100020007300580000000013000030248005000000002070000060401002800092060001
000040009020000010054000000000006000900000007370000250680004000000080500000390008
019680000000000006460100080001000007200000500900010064100007020005000008007003090
006009004040100008000006000602000400090000500008007900200630000503080000000000027
000103004700050000000002890500900040400016080006305000090000005000090070300201000
906000000010000503004000760060730001050010400000600090005900000400800000800370000
035008009800000600000000004010072050600005002000080090020540000090060200007000000
000904500730001000000020906080079200020300108503000000012060040000000000400000000
020060080400007000600500400040005003080000509030080060000002670060800100209000000
760521300503000007000000009095700000000380010000000004000005000800400000024000903
007000048050000021000010000041080070700030002028004000000070000900100600000205000
942006000000050010000000002000000800003600090064080020009000147307100060050000000
007090000306007000008000091000250060023008400700000020000000006001460000004000850
000006807000000050706504000090100003004000710002800500003400900020900008000030006
000000003083100000020040079056003708800400000000007200090700002008030040010600905
049200000050900703100000800003057900000000610000040000005090400000000300000100020
500000036009000000004000507003079100017206009000040000720005090000600000805003700
209068003007020000860000050030000900102090030090700061000200000000100807003000090
002080000000600400700002100000040005030900004070300690000108050027000000006007300
000000060025007080000012000000700000900300007008420003006000000000930740053000610
000000540304000000020800900000408090002050000010060478009500060800070004000300020
000003000483000520000050600030900150709008000040000700002300006000087000007020001
000050100109000640300106720030000000800005090906020010602000000000001970000278006
000008003207030900090106000904000600386090020000000008102500040000060000000000001
092000000008051002000008079300005490600800030000003800000000604030007000504000000
000160000100000003600000480470000008809207000000400500060300000000004026001005700
070030500000005300200000096100900600000001402040200000005007001094002000001050070
370080056005300001010070000500030000000000760060200004030050408800001000900000100
600030000050000040207016008384000009000000500000000004900000010000068002860290050
000200030008000400150700080001950007000073092600000000000690000020000079000008000
000010809430900105000005000000700080000043700000500900008000300010039004500000020
200000010000090340300000200080000000670830000004009600000046930000080000000102470
000000500100960040300805000007006001500000200680500700049000067000100000000000300
503008000002100000000900004000015068000302490000000003086000720001000000030600085
006130080000080700040700010074000060600090000900000200050400300000002500000005048
000080700401000080006000040000003009035000600100700005009050000007100002650297000
010000006060200090004308000000900063005024080006000900000005000000080005080000001
700004000080060900000080000004720000003901040001000005000000000000300210430005009
005600030300705800000080000090200000100370900000009642003000009920010000007000200
005900600000638000000050087000000000170002050209000803450000900000060040901000500
090600004000000500300200000420080091500000000000090400000003000007840305803706000
400002000020400005000009820063000500210603000000900000000060000850000010000107403
000000002072900486300007000007000000600050700400100090026004000000000000504009030
000000203020700000807650090300000820250000036000000009004020000100004000000089500
004000070950600200000000604007000090000308000000010030009000007048072106000086020
001300000000900002800650000000800000300000700106004009089070600000000000420030080
000000010004803000000100902671000200090010000000000050200007060480206000300000009
001000348000000900420005010002400000500010800004506003903000006010000080000000509
000060040000050000153000000006000091000000800009018005080000706020090008034602000
000008764600200000084007000200000386007020050090030000500701000006090200000000000
000460830000005000009001000060000970047000010100900006000304600520000401000050300
020400000000560370000087002005200040040300006000708000200000050000000401180005600
005020076070003000200000000010070054000810900028350010100000002000040000452087000
920000070750800320000006000013050800097000000000610030000000105000530980000004000
206005000800200000000000013000000070501300009900007048000708006080402100003000000
301020000000000809000000053000100905000000020070800300590006040000015000703000000
070000001000700456000006009007002035100060000008301000006000500830005260000020080
006470200080000003000209050200000000000700009050000307070300001840910000000000800
002000000090800400670410002009500060060700040300000700200045379000100050000000104
100200000043010005295004000506000004000500800000081067000306950000000230600000700
052090000060400000000000000100000830000960100000000700397050000600020000020680309
000000008180430000230005000003000042500080010607009000002000007300500004000200009
000007000060510800800040009080000004000003590790002000401000006007000000030900020
300005007706800000500090180000700500000080010000000000012004300600000700008600000
400000890000000002097600504000008400002400639670100000020010000008007900900000000
000000070300005010070000683000809000100000004027000000042008307001200000000503900
006400000800700600930010200000500360060073000050020910700100000402000100000000890
000000018000590000005000203020806004057004000800000100090001020000005600001760900
040607520071000000000000041000020070002000003000450000004130000906040050050009100
090000007004300000050700001320000950000000000800401000000006200200005008000800095
008205004000040002100000390050016000370000000000007809006020740010000000000100050
070000002020480500080005090015060000000070008000509300240000000700890020001000007
200081700040000050000307900068030000009000060000109000020000607001800502000003000
705000000000700003003024590040060250000080460001000000000400700280000000090000840
007400000004000030390000500200080090000000005903060004040050063000720000020008900
029004601700800000005060093070000530500020000003000000060002104001000000200008006
000800420050030090000000006007200000001090800000403200060040070000005003098000050
400000002600200005031008000000000309000004008000000050100007000509000100007801940
000030004060100200000006000072090000581000043000080002000003610000007030040060500
002017800000090003000000040754000000000600012200008005003800000060000080090120000
030420605000008000024000090071000000005043800000007056006000008000000700003705040
000001008012080040007400000703900001820500007090000006006057010000600320200000604
005380920070000005000420080007040306090002000040700000050670004100000800000210000
080027004003000000000035006005000080600800100002060050160000000040000005000080720
056000008800000270000008900008010005000680000000029060045000103000005000901300000
010800300900005002000001900140002005000100007236000000300900000500070000000006709
000000003010300000058000600000471009003002000007000501080060070002000305000900040
001000000204000560000000018080000600007900050050286000000037480000500300903004000
010200700000003600006140030200800000100400000300010090500000080000050000720008109
030000047007001000000090008090145800060030570004000009100203050600000000040800000
007060010001008500069203000080000005306000007100020000900001004000380000600004020
005090023020304000130870000000000010000408000300006098001007500600040971500000000
020600840007100006000500000009030000300000027100950000068000000530008760000000400
000005007010000056004000080000090000071000000005480000000000010008040369703200008
900000010805002700700000060607100040000000000000700008002010000040600300160048000
008300002900400305030009700600000000007600200000000010509000000100040800040205060
850200060000090000000006004080004095000062300700500020068000000000040108400000007
000705000060090001500100020204000009000000083030200007600012030700006000090300000
000059801010280000000600709007540000002000305085000100000092000000000007240006003
004300009000109030002000007160090003090600000005004080000021500050000200000080000
800012060000089300790000000008000001070050690000000000460000008001200940030500020
040900000000000300013000026208001047030080000100090000060000804005700090000650000
009200060000000070005800000500001036036008090400070008200050300100300900000104000
000007006000009580000010009480000000506001300003000400370400000000052001000060700
000020040008010070000006120506700900809000004200069000900000005002004000070830000
091000006000000000000370410000500940005000030000903680850400000700009008000010060
802004000100000005000009710000063000000002080304050000008000001200070300400600059
250600000000400000609300000000049050000030410001000087090080000010000004007060502
028090006300210080000500000000000000006000405890001002040000008250000001007000964
120000070008900000003000005000070000000082719050060080010350064080090000400001000
200600105070040800000027000300005980000000004600018020000000000008200300010009207
000080010000006003290004087000000000609100530400002709000070090120005000070400006
872000390300000000060400000000010006050040801600009400200906003000700000001050000
004008700000400000600050902000500070000006000105200000500000063830000100000094000
000506400008020050052430010201000008070005009003090200000062000000003704000000000
000080020000020318002000000000800000895070000006300409904056000000000030700200005
020040000000980005030000100280093040000700001000006000340000090890000000000050006
090700001208900000050000000305000200680007430700000000001000000000080500000630820
600200004004070801000001000400900000001000203980300070070093000000004006200800000
018060007500039000020008010000680200060503040002000000800000009000007003001000050
390000040008010000000478000000002000000000074150047006500000300002000009060300051
000000000000406000540031609000920000100005800680070905000060403074800000010004020
000008760005210003000040900000030070009000200003861000004000300002000800060500090
008000010103000700000400000060004007080000020009006000250600003000390000300041056
094000000060400009300005000901000700000603095000000000000040506000007000800050123
000200600000009185060000000090007000000100038080002009039000050500006240001700000
250000070000004023004010800000940700700000000029103000500200000090508060000060030
640700009802000040000802010057000001409020000030000600000100000703205000000008500
800053002000400070050209004010000800709000015005800400200005300000000000070060000
000035640000201000000000300400607900000000800038000201061700005050004000300100000
307000506060005002040000000104609000080400000000000100001070000850000201002080094
590020100000000000008090000006000004000008005370405600030000508917000040000700020
700000840003204000400009001006000000000000508097003000000930007000600200100700400
000700006009420000036000100500007000107000000000000340071800003004500090000009068
007005200020000061100900000800000500003000906000080040000000408091026007000350000
800090006000000430000002000000800007001005600030029500704600000005000008010030000
000003009000700803004001000030800700270610400060000000000020010700000090190040007
086070009500008002000004510008000030070050100021030000004280000790000000000000007
007000000020000005030000496050080000000450902004900600290060700700005000000308000
006400000003100000000007065700008090034060100009000006000001008001093600000700020
006001204000600300080050006039007800000090400007105000503000000790000000000840000
002000093000100060005000000007034000000006405000000000100040000090080600800910270
000004200906080000208007050000010906000039000007000000100000007030208001000000065
050000008007005003300080604032008700001560400690070000000000201005000000000204005
003006409014003000650000020100000007000030540002400000000001900070000008000050073
080000000900300000000020059001000008853400000004730061038000002500096700000070000
000000821600400000003008000000030000032000005094017000079004210010600340000000000
000000005056020840804001000600034000500860020000290400107000000000000002030600018
091208500308000400000090000040000000005000000010000003800050106070001090000364000
000604010000010308103900002080206000000003009000000025008450000604000000005008003
000300068040000001000706049900500002080009000000000010026010003004003000800005200
000059002009070000500001000000000060002080405040200080006000007097040008004005036
900000800000060030005010002007002010001780400000031000500900006010203500400000007
000000009000230106040000000609050000000003000000400603790085040200600090080070000
486005000000009000000000370800250000600008007010000600207030061900060030000000008
850000400400070000700001000900000000060708500010600000037050010500300790000000008
000000070200395000000100000406009010000500007100706004800400000910050003043000020
003700050046030078005040003000001700060390000000200010000100920978000000050400000
000026050309000200060030800090000018003000740807000000600478000078050000004100000
098120007000000000003000500020008060301004090600050000450000010060009350000700000
300000600600230000450000027000060004020300100000900070130007200000000000000090805
000073605900002000000050000594007080030008420020060000050020010400000000700100203
300009005510007000080000000000862400000000500000004809051690002008200000000000007
200000049900108000030050006000700000592300107000000000000000750020800300106070002
380260970904000200006008000500400700600080000030000000000000400700900013001870090
790080000640300000000072000200000800000010600803040000010000703000600001000000045
008000064060912000020000007005000006000003908000000010090008003007060000600500040
000000910509010003000000670000400500001000002000670090000003700802040000010806250
000090080100400000000006004420010800600005003000020090004200000510007900800041070
970100030010000500000059016003900040200007000000000050020073001400005080000600070
007000100300070280200090005000029403005300700001050000063000007100006904000000000
700000000006078903049065000095000300080600570100400080450020000200500000007080000
000000000000450230000008600004010060001000007000003508036701050020000040007530000
100000050403090000007405090910060003300000000000000209030507000504020070700080006
020008005000014000008750000060800003030000040270400000000001060905002000046000700
000000010100400800000060050009008200020000000010009087092000700040091300000800020
174020000900074502000000000000008050508430000090000800060040000800006210000057004
507080000010007500302000094008004070100005309200030000000000000000528000403000001
200900030000037000906002000040800060001000005380400002000509000000080043600000090
090500600450060030100400020001004003000080009060001500002930000000000000680050000
050001007064500010020000000000000203006400000007005091591002300070000020000040100
037040000000100200800000300006000400082510000305000000070009604608000009040708002
090070000000003000000560070000000000005300018001400003506000830087000001400600502
270081000000006000561000000910608000040000039000200000000030060700400500004000208
000300006107000900009000000054030002062400100900500800000040009000000010080006345
000000030026010009001200000009400001807500000050080900000030000060007500000008020
700309200040007800010020090003760140200000006000500039020003004000080000000000000
931000607700003000000000090004608052010920000000000000025041000070002040000000100
349050000000000000005080000603900000000002001008074060000000496000006070180000530
004009000130000070007005000900010003000000408600300200002080090300040100001000800
700200060001040000000006005060007000000000430073508000000001208000980000100000390
090410008700000600000050109403000060002090050000000001008603700070000400000002000
020000009580070400000200050008000060000901007300004900000040005069100020070000000
090000700080410500060050009000004000040290106000008250001000028976000000020000090
007005008005010300000000000070000000003150004000382060000000500561040900094000070
700000004091075600060104000000500070070091000009003000002000431500080000000009020
000030000000700009015000070080000600040007590100008000003050000000400800002010063
000400000000690070000082000008000610750060409040001050030000007000700306102000000
080000000000502000091006008703000901900000650500800030076005200000009000000030060
700100040040008000200000500090460005310907064000001002906700000004005703000000000
025090004007206000900000070000000000800000501000630000010000090080300600094070205
200000000047005600003010007000000060006501003035007000189000020000160300000080500
910084000700501490000070060000609080000000500050000700000010040400700200320000007
100030005000080009000502604217000900000020060003000081020006000080001540500000100
000004005825010400000000230008000003200800590700060020009008000006509800400000000
000390002076100800000000053503007008010000007740080000000024600030600000060000009
807200000010006500620000001000003200040960000100000000000000490200000375739008000
400000260000000003531007000000700400000105809900080075015092000000010000320800000
400002510010040007300008000700800000040500006058079001000000024020406005000000800
000030780000020069000005030082007000000100000010000420034650002001200000807001000
040000000007502008800090000005030400000004912000160000010000075000000090902000300
008000402201800035000030000050906010000300900302001000710000006000609000000000051
230050006000800002000070900024000003000200780050009000400060000900000000600501800
090240700000030060021800030007000040009020000003570009004390010700080003000000080
400001000032900700710020080000000004025000003800290000000070405500000000003002900
000000080140006902007082060002000310091000700000000000000607000500300008039005070
070506000400000680500004002000400000000000060609003057080307000020009400000020010
000600084080001200000073000608090051700010000000008000140020000003060720000000010
054000070007000800801700006000008137000901000003000002020806050000005004600000090
003000790900060040080000000000100000040000250070403006208006000000010070060900001
000570000200009006004000300001080000900000023300600000002003805000000009083006100
030010009000600002548009000000000005300000090401300060620450000000006080000200000
000000000003020006060017008109300004020004000005009170207000050300000000040000301
020109004007000050018405000006800000000002070040000208000200010000040809530000700
030010000250008000800097020000750800020000000001000709000000001000004267680001090
030010020600790050805300060000000000002009070003020405040080000000900000008405003
000400000560000070004010006000680000392000800080250003000000500070300040009007302
206005000030010500400820300043060150500007042000000006000000007009000000650008000
500902000630710000090600010000060002000100006060005408180000740009430000000007900
000134500492008000000000000600001400500080002008070010230000000801000005000006000
500000007090205003403001600000000009300158000801000000010004000000000932000097000
680004070000020080204000000000000006003012800000503009000000018070800904030006000
800003000070000000000120000100000800000000050403007201010000690090560020020080300
000080000030450860600200409402001000700000000000040510000000280046800001000060004
100030000005800000000017000200068030070023601000000200000000050739006008608000010
000800010561000700008000200000507400074080900200040006039000500000070600000200004
000040100170009600000050800090800700300000010040006000005000004600027000700100900
017000008000000020040068000000300000902700406000090507003004009500000000020005804
100004605000000080000060010000070001000000060640012009005901000060005002030800700
000250600145806000060010300098000700500000004000007803000000000081000900002040000
304000900270008000000704305000002400100090200000070080700000000010200600900600010
000209015020010000000705600050006103000040000900000020030107000807000000060054800
300050080009012000000000123000000001005009300000724500590000007260090000000000630
500070001720300040003020000400900000200780000005100090032000605100000400040050007
004300670608004000000100040010093000200000960006400500070000800000000006003209000
073000000008950430000804200000090020000010069010700000007500800000000000685200040
000320450620100030000000100390000605800000000050040900009000000010050000200006301
000200080000000634000368090080010007307000400040000368000800150003050040000009002
000000008000502000820900300300400060060100050000020001005000003000600019009040700
000800040490000007000000319070380000080072004000006200705010000003000090810063700
500200000701000009000045200004000050098000003000300080600030000000002100017600400
000000905090010000480000020008003009000601080000900206000025000872300400060004800
001004006007063000000000790500001004160070009000820000006010005800000060000300400
725000040000000630000002000000016300000090200040700080063000000050800000200001007
000700000501040000002009300070050014000400005004201600000603000000000060043080700
500200000004069000000000000000700009026000031000002560800400005705100200002090010
800090070200300000164000500009001080006000000430000100000012000900040000000600407
000000010000000009209100700400018060005203001000000040100700050000900000080061004
000800003090000208082000590120040000300100420000060000015490000008007100200000005
230701000004000000070020008100800500000603002000000090000000400091005200065090100
205040607000200340000000000000005000003100405070060090000008000010000060940030570
900028000000040200000000008074003020000907801100000007302090076090100050400000000
070300020000057006600490807000000000000000903000940560059000100800010040060000050
200300000003071206005000800900000005000087901010060080090010070000093000304000000
060053000300102000000006090750000460000000009096004500500708000002000300003020050
000060003506870040000510600000020006700004000010090007100000000030000092059000001
000001026600500870040200000010090000700080204000100060008007500000000600050814000
605010000090006100000000008008005007100000005020041300062000403000074002009003000
590060000300012600600300000105000900003000000000800205000001700000200008970006004
000010000076503000005000040001000009200080050004006008000620100800400062040070800
096030804700000300002009000000700200000090003004001500000100076605020000043000000
000630000800074009000090065010003000000540010007000508002000000000950784000010050
000001000500900302060000000900003010006010040001800920009060400000057000002000080
050000008090060000007400023031000000700600014900002086000090207000800000000015000
000000080030520000045001006008004050000380290000050030000400069000970100000000802
900060230060040009508000000000200140000504096000080700000030602032800000000600070
020000409049302070000500000007000001406080000900704000000000050000001302700900600
000006240007009030038500000700000500000108924000200000020450006600000050010000300
006000003200010000003065028004020000000007000000800430080100006000000905050000780
009000010000700200168002900500906300900084000800350000002001040600000002010000000
001500008000004050000009600006001009000000020095000030004080001103205400800040002
080000200010700000000006014040900000003000000100830026760310800000090705300007090
080000301507600020000000090870040000000005000001700060000060003060074200310502900
003020000080040000000005708050000920200010000430000007001000806902000000000400010
009037005000000000004900076705380000000001040900005000293050001001000000000102908
050703000000000680060800900000030810001000030000040002000000500084020009100500040
080030060000000410900000007000100000024097001060000082700001000013002070009000000
400018006008000100000000003850092000000000060000000305072100000500030801100009070
980020050000500700000006930870000000010000000209603400000000046000300010600840009
010500080800000600200030907700000008005000000004003700009087053000029000000000040
800010007000030000071560000000050018000000502000070090020003000063100700010000024
038040000000000810140500007020809000500000000000405080054007300690200700000100209
007964503009000001040800070000008030800200009000450006000000004690700000000015000
000007002006590004000800309045000000108000057700000200000460070400205000000030006
000000600053002008000600240000209030000140829000070000060800500008900000007050000
020038004000050700000900015070000000000000001180003970700080040009005180300060000
070400000500370080020008019000030090700000000090004001000780600000001000003090000
064000000000784600900000800000030020000400000006000718070001900032000005001270006
109060080070004050000002000030000000590700300806001000000000047005193006000000000
000000001060509003000300065306000000095080700040005010007234000080000000000700900
809000050010000002002000070080400500907060000460300000700000800620809003000007060
405070020070003040010900003000020094100046005000180000000035008000000000004000370
000000005300082010000000090090300001020006300000400070005100700040000009601005080
109400230700010000000502080000000006800003010070009000030740000000000000001000509
200000103009600000005009070000040637000000080050701400500100000001000000673502000
080700301200900067700000509000031000003605000008000050150009000000006070070000002
030006020010029000009300000800260015003000040060000090007405000000000081000078004
003800907004072005000100000540007000800000601100008000009000204000304006005700000
500634000600000010070000009307002005000900000200740600040008200002090000080005000
000005010000000095090008060000070000600950023080001000020016050005200000001000006
026903005500020000004000700000006407800000003003004000005000004002060010030500080
000900060200000010900380000090002630030000002540000000300050000008010470000600803
687000003000000000003000407004000900002060000000070650048201300000009840001000200
006500000000000103040000008002006000007000091050470800000060010061307000003208000
700000090100000600000296008000740009090020400070000210085070006000004000000500003
200901000009000023000040000796000400000000051002000009000410706040600000000030080
000001080760002010050400900040000007009070008200004000006000020001000070907200860
703000002219040007008060000000104090300750000480000700000000480070006000934020000
060350070500400003000006920040930000250080700000007000000001209000000081029000050
900060410028700000300000000000200001000503000001006020517000040009004000060930005
800700050030008020000400000000000003760013000020080900000000400190200060000064000
700109000400000850000006000000008096000920300020405000350000020064000000001800000
804000060000400300000602010051000008700006003006050009080075900000000400000090000
400000103008200500010000800000720304704800050300015000079000000500000409000030000
103800000000903010200000500000600200000090007894300000602001000001040000005000180
700120000600000002010000395050000000192030000000500138006200400000010900000007560
407500010080600000000070508000008002070003065038000001004800000920000000000100900
008005003040060200095204008000030095000008030070400006004100000500007000060000000
000000000300408900801023600080200000007000000036000109900004203010000800070801000
950800000010076300004001800000008100600004730001900640000020060090000000300009000
100000000080001230040028000005000060020305000000000008090000040500403006700006150
500200000070340002400000100000000060821000050900080301005000086010070005004020000
200003700000009006001680000000710602000000308900500040100000200090400000008007000
000000900960000805100007000400000020000802056080000300001000074030100000008260000
000003080002009007003800005030400000100000963600000500048300700000007000200008604
835000009000005810700000000000070184001050000000830005063000007900000500000060200
004000207600000000205006004000030001900021000802000000070800000000075803000000010
803000200070040001100700000700000000000386005050004000020050900000001500040008027
000067010000502003005000000000703020000081004800000000064090080300004270010000900
607000001000070900003002008000203000702408600001005080030600000504000010060000030
000100020000705009009000000060900000010002006927030001004090108000806070200070600
000200010800004000006000000007060002005301078010500600070000401000710200020085060
010052040006000030000040509002019000000203080030070001500006000020000000603900800
001090050500020080000004007402050900000000060000082700006003000000046000290000004
060090010079600004000004000024800300300045070000000041000903000706200030000060000
000000030030096150001085060090734000000000300000000900083060540410900070500000000
000023708903000000000081000051000020207000089000230005000400000009005060064000013
000000000413000500000902070000200018051070043002060000000006394000020000007000000
005106200006000071008020000000905000800000060053070002000000039090700500000690700
009040000062073000000900300000300006400020100900060070610000003005130290000400001
000408719000000000910000200000004000106000037705900108000760001060000400008000000
100000080308000002020000510937100060000000850000060000050006000060200930000710000
004350000000010063090002000020000000003061005400027000700600080000009300000000910
000007094403510070002009000500000000020705030000000840710000002000800000006030000
100000307300104080006000000090010040704609000012000000000542130000000250000003400
620009000090104003010000060000200600800000790000080100001040070005700000360000080
400710000000060200700000603607001420020000000500003006000070500000000832000005040
030140002050000060204300800016008000000000000000010200005060000090503000400009107
000004060002001004704000000000078600300600000018005300030020000007800902000500800
000000500071906000080002060900080601537000000000000004009401020010020007000000090
830000001000000250009040000000003000000800090160705048000429080000000100300008000
090307000020005000008000215030210600000000100800004003067000809001060000000400700
230008000004000000700520000006000000350004078800703000002300005000900083010000097
000900001600280409007654000000010004030000800020405910000000200902000060300009000
006190000000070040090000300700802000001600003003000905007964000002000000000001600
062000007001900040405080020000060200020003080600100300000500000000649008000007001
740000030000400002908000007006000210300009000050001300030900080000800000009620001
008075000000000000200019058005000601100000080090067023520403010000000000300090000
210008900400010008000390050000100507090020040000005000107400000050800100000000004
010032000005700000830000001300410070900800200050000080000104300003000009090000407
000004300000130054000900062000023000810000000032408009089000006070006000005209008
590000700048000000002816000000091030300000000000620097000037000050400200600000049
500000096370805000060700000050003071002410080800050000040000009000000308100002600
680000002030000170000023000070000000050102300000000405700036000100800000400500820
000070001010000680040000002000400050000780009000900013000050000150246000780001000
000009600030005008107020000000800006000001000410000300904000001050406037800100504
010400002000100070746080001050000600000060800900003007500000009200608000000900040
500013060000092000200006301400600090021009506000000000067020080030000005000000004
009010200200500300310000800008100700090000080000307405020040170000906000000000000
500036000000100000800000074140050000000910405000708090060000502028090001000000009
000000020402001030010207500608000050700040092040000000070050904500600070300100000
600000020800005091000800030006002000072001000100040000000204500030900004010008300
740000000000000009090300006007900000005080003360000900100050400050060070000098200
890300020000010070015009000000020500027000040000053100100000000300600000004000810
008000000039000746000000030000000000180200004007300580400010002060005000000809050
700003000003580600060012450849000000000060007000800000000000810000001240000200009
905700062000090030002380100000008600010000000500000200049002010200607300703000000
309004000005090100000060094000800010234000008000002000050008200700300009608007000
040000017000005003000020400705300060004000900031000000602010000050008070000270090
020000041004100005010400790100090274300020000009500000000075002090000607000008900
005360100009508300000000050010000830000000604980000000000000023608004010203000460
017208950000007080500040000230160800000900006004000000000005130000000078070001000
000600200064000000000000701500097000000050100400200390005080004000300010072009000
010020000600070900805300010000034080007050041006000000000003700000040000038600002
060000301000000090590100060002030700300500000000008100800000620716080400900040000
080090050010087006200000904000000000900062000500000002700050100040009000050036070
200000005500010080000003400040600028000309060000207300120900000090004103070000000
054300000790000000600279800000002000000007940001600008000000060020090100070001209
603000700700000080009000036000000650000904300030720000000006002000040000080031400
200030009000407600000006800000100040007204063100900000005000006009000720420000005
000460020000001000000078001037000400000000063200900700900005082080000000570042006
706481000900006000001020000004800003003000004090000150240070609000030001000008000
700005400000142036000090100000000009064000200002080061053000000070608050020000600
091000000005020004000605000000070030037200410100090000000001307400006800008040060
690000010000020409050401300006050000700300100400000000000007902207008000100060800
006502000008040000003080010075001000000409000001000905080024003000000000007030850
010400000000350600000080020037009080820000060000040007043006100090008050500090000
400000000000502000100800407508100009900000001006000800201000090009715600300000000
000502000000001400042390800035000007070938000000000000250000010100000094000070600
000036010009020400000870025610000000200950068030002000090000807000000090403000000
062000000000900270500000008209106003050040000006000400700020005010500030300000604
200004750000000000008127000500008000010502890000000000470000009006040020003016070
100600037300704029050000001000000008040000090095800000000060010008000070007001300
560010730000570000400000000014000300900000000008020004600009450009005876000002000
710004008000000670009380000400510000035400107001000000900000030000009006028000051
006000500305080009800004000000003000600702830000060702000040010000070000024001090
080305006030890000001000000000018009000000000007040200600007010570029000000006094
000200560006100900304000100102700006000000008400035000060000000200501000705000420
000000840890010000302000000601004070000080600039007050900000000005200100000741005
000014000008000023604000000000001600070000805001000000003500009090007000000028700
000002000004070502000340060000010030100400000500600200001000000260090708090050400
007004500008090120390000006000309000000000000004028000001063005020500000080000460
600203800000006050800070000010000040000020080000091300004000705006800200200750030
000120003100007800600000005000508090900000600060030704078000000000200030040600080
000020080000010093080040200050200700007030000003005026604000800000054002390000000
000708000000005600000026050070900205060000090900062003085207000000000000300409002
900002000040000200000078010000020000005006000006703900000000052020069403001000709
000051000080200705000000001910000000000700203007400000000000040230608500060102070
603000000050000047002100800010020000006090510820007030000200906000009001008030000
000000003200050060000000090000760000019020080007000140062380000500000000000009405
000900000050000800010280403523008000700000010001025004000037000400600007000000009
009000100730000006060302040000003000100009600020081050090120000080000400506090000
217000008080004900090000620005060001700000000800300406000000095000130800070200100
000090000000001470048052000405900201001500000200000900960800500024000060010000000
310000005000000040000100002001900023008000070900653400020390000500000008090200000
670002090000000502500800030000910020700004000040008603000001068180090040000003050
503000010000090000027000650000108007006000003300060081000800092000005000100004870
000040300010000400700025060600000090490000800800076003023080000060000000000150000
901502000008090000400000000000400070687010050500060010100300020040800901000200005
020500600000080300350004020038010760070008000005900000006000080080050010400006250
007000090000018060000602010000100300000070901502000070605000082080050000920000600
600100030300009050000200001050000000020000090930070405000068240008302000000050060
000721006800000000000000040620800500900000000350002078030000000790050230000904001
