Seed: 1640217759
Cooling schedule used: t = 1.440000, alpha = 0.999900, cMax = 500000
000000980036000000005090070800002030700650010000004000070005000000149000354200600
200037040060500000030400700629000007000000008000010900190000003006004020500006009
206030070000104000000000080047300009380000000000910300005020600010050008000600000
180206500502000100070000480095000003010009027000003040600300000000870000000090000
804000000030060750500000083000408007000000090162070500090010030000002000000007000
000008971900010008030000500050007000800309650004001009000200100000000080500093700
902000000700400010003050004000700009000003200006000005500028000090007001200001800
000000000500000006600908054000090400480500390300100020000012070020070841000000000
090500003300000700000087460000030000001025000430800200020408000700000904100006800
000009007006280300039700000000800046007610500001000000004000210980004730100000000
600900031800060750001000098009510020005000003070034000900000000514800900060050000
000002070001000050800000006060700100100903000480000300000407080039100407000000010
034002000000000470050080000000250000802900006100000003083000007000609108010004900
080209070694070000000860000000302100001700904060000500500040800006020000048000000
400000100900010050000000000800000006040900503160002004009060200000005007000731060
050890000100200900000300005006020004000005003040000067200700030700000008600010000
000000000008700090029000000980004006000009740400370002003006008700108000040200360
000000082183000900020000100009800000450006000001000700006510320008600001900003006
000010607005003800900600020080090000002700000006000700400002000027000908500000430
083009060000070000100000400005300008000020600002000050039002000601040090200700004
050308009090000500300007004000000075061000800800510000000700040034002000000600002
092000060480030000000000005000200000028506000060070050000600341070000008000108002
601800300020013000000600008800000000040030600150007000080054090060200054005090200
060900000000800031080400500700305090000000400300000006050040070100000000048030000
030002009605000004900560710000000000400083600563200000000070400000620090048000000
001080000800021509709004300000060020300042080010000000000000002260008000040000960
004000050000060200609013000008300000100050400490000080071090000005001300000007009
600000801000010027400200000003150000016009000200000000300600092005700360000540000
000700200395008000080005000100206000500004010000500000000080043040000701007400050
400600810007000000009000504070805003018000700000003690200040001000060000050008000
800060200500000000000700389300005000602000000000800054006000092100000000000309870
007400030021006900080005700000000070405030000000604800060000002000000095000002000
000000010000000045027000600704002063096000000000903000000490001403500007200030000
850006040090030051000800000000640300100000000060100520009000037372900100000002000
900000065010002004760035080070500003080970200500300010001000000050200000000008009
056000300200003090000000000008405010400010050000800004000007430020380000600500071
000090450905007010700060000012000003000002090500308040006800000040006000003000002
000640070260070500000500000070004300009000640000080200020090001006000008083000402
926000000008090450000000060169004003002000070000800500070000806000003010010600000
300000000090000103067002050049000000100070000000900001000051080030200000405000069
003046000200500001104007000050080309000700000000000650000004800030000100090050000
004000000080030560000200010100000000002000041000005908000750030900080020006003000
070201040906800000000000930000500000200008000009007603024600000150300000000000401
510000200860030000000000040003004005000001060200070300650810000000000076040097000
089027006400000500050010000000000000000008071012000050500609000070000308063000000
040800000008304200090050007700008600023000004000000900502000000000001470000009080
000000500900000040005060307040090083000016709060000000000000900000284000700600020
030002700004010300000058040890430000600200000040000608000000060000100290021800050
020000076018000040000009000000400712002100000034000050005030809000006000800007000
000000085006001040000004701705400000100700900008000000000006000804030010000029003
090004530023901080060000900070006400004000070000003000000070302305080000000000050
000007030000006047900000020070000460008000702090020003003092006006300000040018000
096070045000000708000030000000000801100009200078100050803500000020000000005021000
000050007500070200008300000000605030340000005200900014074000000800001009000060080
000000080030006400040805002300000700000140300596007000009004000020000005008000600
000300001004800500009120800970530000020090050000000067000005420000000610802000000
300002610050000009004000020010005068000097000042000007000030800008100904000059001
007010090100000027000750000070040000000000009420500010840005200000490060060030080
700003800001000090600740020000000040200000000000609001007010000800305010090007003
020006000310080500060003004050090000006000047000001300000035008005000009038104600
800100790000007004001030000000850002005000007200004000700900016000003000032070050
080000670006080030420600000000500060900007100000000907002000000000450020500010809
090070000000008003203006091042700008600005000070000000010060400800021000500900000
003000807026910000000000090000000001300000205010403670002100000600020040470090000
000000000500270900800000015000901008046000200009050000000530006070000000002409030
300000070100020000070300000000002600050036004000010080200060900700045006048001000
075010000490200600600000020050000090100700000020380000000040030940005001000000200
000470090006000000400002030000000359040100020580900000005007001902800000060201000
500020003807006050010000000104200000050841900700000200000000018000004600070030400
607001040000008203800040900400006028000102007000400300700000000010003000040210000
040001000003800750050000009030000007000900003710300065000012000500009006601070200
060000002000300800100094003000100500002005084040900060000021000050000070090600400
800005000700960540020700600006000001300000064005040000000807000402000000000000209
305000900000076000001500000000060200000200001600007050002000510900010000054009800
002000070800000009603001050001498000360000000004200000500003907000010060000600504
009050800000300600020164000008000530060900100002006000900000000000500001050802970
400010030900020080000030500070109000000000020300000904000600000590040006120000058
200010000001000070086032000000903006305001800900500007000000030048000090600009002
086000207000050000300064000970300006000070800023000009059702018100000002000000000
100070800000100600050080020200305000084002060690000005030009000000000090070000300
500000020030790004000000900108900000000107003040080005000000050805400107000200600
000500100407000006000020000083009000006007200002000501600000050000002003070030960
000050000053001002008400700470005000080000030000060000000003080000700209020608400
750060000010804025300001080000000000020000704000690500000018000479000000100000000
032000000000700000000059107003908005047000300900004000800000900000016000005000048
100020080070600000829000000500002000261030008080000007700050026030010400005000001
000800920030024000000050040008000000073500010506100009000008200802031007000000306
000020800008007040003410000300600000000002070100005000070300200210700960604000080
010000000702080190400079005000800040000013700000090006054000000080060900100002000
000000010000670540000400700400000009037060201280007030003000000050082100070010000
040500010090016800000409200000005002000300000089000001008000560600001004450800000
100000000700081300000076008420609070000000900009010602000000501600037800850000007
000006007080900000014700200120400000008091400003000060060850190090000000000200300
706001030030000020080004100070050001008007405205040080000900000000010900000005807
007000000314800005500600000003006000000307080450000010002000709000000800000092056
004000090508200300070010860001470009007050002000000000200006003000009000000705600
000007020010040800000060007980000500420098000100500080000009010300001700050030600
012400800400000270000080006750000180600070000020800050060000041000030000000091700
000200004000608031500004700605907800920300040000080000007009006000000000001000500
014002070000080060003000001020501090000020000030400700000070050000000900070096300
002001000000600000079400000080000305030840091000002040000006050090000720000905080
000000000010800030026005100900017240632000000007000050000089024750000068000000005
000306007410005020300000000087400050000700600001800000030020000000008010000530204
203600007000207043009008026070000100300894000600000000018000700000000000000300000
090080000060021000001030009003007060759000030000000052002300000100000206000050380
600004010000070000940800000701020000094600050008000000000200700200008040000907608
400000000009700050270000008000009730030600020004008000100397200000210590000000000
100050000300008000000063000030705900000000002058000031060037045000000080005000026
310000006008040790504600000450010002000005900000002000062080300000000010000109800
500860090000200000600350000000402501007008600200600030000040000091000043040003005
060000000500067021048000500000520009090000060050018000400100000080004000000000702
041897000000000400008010700000200070000000050690001008005340000102056900000000000
020000003095028700700900000002000040000040600001602907006000000080709001000560000
003100900000009020085030070010000500820000004400600007100090008002800000030042000
008230900100006002000009050096000810005001406000080090040000000301000000000063200
000003290803000007000700008004020800620140000000007009401006500200000000069030000
060580070009001008010007006000000800100470000008096003002003010080605300000000000
005300100006704000000210650000000082070080000003009065020000091000007000090040000
700600000010002900000831076000300200009080057000000638650090000000760009020000000
200700005050010000000900080120060040470000230000000000001806000700090420000050013
000000000480000000000000460000050003106000080750020900007400500509860721000100000
410000200002900007000000149500020000000736010000000060000807000090010005000305704
000030140200560009000082006000000000030700004000000600015300000090000050320890010
000000800006080001000641030700069002005407100091200000010000058079000000000000240
013600008000340090005008007080000041001007000200030900062000000890700000000001000
750000600920400000431200000000000050240030700000004008060070010000001002000380000
000040000000002706050010002010800040900070300602003500000008060307400205000000000
200160000090040001100000097035000800000000302009680050058000216000000000000030780
000070000005000700040000021036000004000501070008002000200800460009006000007900010
000000038602000000000160090000200359903000084400000000800001000305007000097650000
000830100500000080000007200900100800050060710102080005000006000007300000068500003
000050002040001005150090000000040093069000007801000050003000000090506000200014300
800700004000000009010403080300270000000080010200000590002000007006000000957020040
600000700005000040340000000010400290200500400070006081000002900004050007150307000
050030090000012780200040000800000020004000500300000009000020010007180000009006408
000800000000040001009500004004000300070000008901007600307090060000400000060080007
000000601008000000020016700032000000040037560500100000670000080009000002003005900
000300004100006090400701030000600007000050420904017000380275000000000000210000600
094002000000600000050730009009000000012000603000075014800096005000020060030000007
000000050700001406004009001051004000000000007400296000930050800000002000000900210
010500043000006210000000900309000080074060000000790000002000030001000500407089006
050010070060042000020706130010800000904000050500020000280000000007000300000007408
400000079090030000500007001900100080600390050040060000050000000003000700010500042
500006043072000000000800000058000061090017000000000009710000006004009050000402000
000600090508000300090058200105004000000000920030020040007085603000000000800006000
000003520970100000008900000501000703003000800096007010180060200000090007000310000
010020060000000000000901020600509000037000010001060400009040000200700005075800900
200000090069580000800200530080031006000800700090050000000400010050900000906100800
400053002000700100000020600090000068000284903000000010370600000028007001900008000
000200000000005009000009734500000070070003100900608020196007040000900008080000010
004500162000000000791003400009056000000009700050100000030040008200030009960002010
430000000015040009700000000000000005207005800600300720009403000000007086000009000
000047000000580090061000800003000000000034260029050000700600008050000720006900040
000500030010004200005090600200000000700000014030841020600200000000050003400076000
009000210210004500800005070090000000100089020000050300000900080001000654700006000
010070000000000186900003004000010800000900002602040007009000000850600030760500001
070206901400009320006500000160000094000000030000700102000000280040090000008007010
005010006060000700030400009001000570200000008070009301700000900009708005010500000
000000690970500000820630000000007000060000370003040050000063042000070903000020005
700000040000000000000040805200070006008030000000480102075009200902000010000100000
080005030000800196400600000030900005800004002009500000000709060040000010507006000
060700000012040000708000013000070004000310872001900000000850700000006000850400000
000000600010060008000104020638700400040000805050090000500040901000002006060010080
080010740005700000060002090010000080009000306000350000000000038043800002007200000
400000060003000008000900001007058000000001020690000400000100080070000003039070600
000000005001050000020000300500430790610009000070008060007900080130000070009002000
860030004900000300020400070056001000100000000003000260000106000000300980000708040
002070001410800600500000000000000007000500006905020130007009000000001059240006000
000000005540300000009080000002000908700020000360000720000031070800570000400200300
200000000000056000580001470900002003007000902300010008030000000006008000002570300
003084000000006000740000100000370008009000050800001000000100560090000701000095430
070000020000500400300008090002006008930070000587001000010030000000060009029000001
507200000000670000000500081000067004001050006009140020073000000050000000000090563
100000304503200000076000000000000201200001960000309070460007000080000006000190000
000000000020008105003000400800000300402070006060100000050016000970045000208000000
000000400406010700090000080000090030000036007102080090071000050840500006000001003
050004076010000204403010005006005000807400000000007000000100002002000710580900600
003007005000000823000040700000900580500006000039000001000000308090500600461090000
300020000050000061000008030190000045008407000000800016000700080000051000203000000
009306002000080000000010005000060000905008000040000701007050620081007300600002000
200000000040310002006400593500090100070000060000047000005000700000060000139000040
072000031301200405006000000000051000000900007800060500005000009100490300000300020
000000058060090000050000207090042003001000400004300580020078000500030060006000000
000008000002001940000302500070000010100600008005000206020040001000800600607003000
080000030070004000000030204560000002000060010300400960091700600000000041200080090
070063000000000000050000941000500000003009070020640030000200008100400000789000000
083004600900002030001600004008000020030040708009060000000920000004500090007000000
600079503000000010040100000000300004000000030000068005052046900009201000067800000
000050000000000980600097020073000090500910402020000610709600300040070000300000000
000700900052400010000960008400001002070003000080540600015300070060000201000000000
260000070040506000000007400000020003000000907800710002705401000090000050600080000
010600087000000000600890000070160000009280010000000548302000609000000103900700020
000000907020000000000006004008400002000530009400100380052003006800050000010680020
008010060600800000004000708000009000000038410000020830000090000009102045120300000
300005201010072000000000007040000530000027000080000002095601000004080650020000400
070000000000800200008000010009000006060200750500040000021700060090020080000938005
041780900000000005000002000800235001060000000205010700600900000070000090009004200
001406700000307000007900031700800450800000600000000020000000000120750000680009040
000030800405000000000406000870900000600005000009008400002504690060107500000000071
017000090002400305340970000800501006000000020021000900000005200000000053003080700
605080000020069000083000400140000006008500000000017020010074000000100000000096750
500030800600100000091000507200000080007209000050800300000020090000700020010508000
200640000900000000700002506000170002050004607000000001004090000120803000009050700
605040100200005600008700400000900008000004090400003000010050000780000013502400900
270050900000600005500000000840501009003240600000070800000100008035007000000090004
000070860006020000000000009080710030500008400014090070000002100003800000000043200
018034000200001008000620000007906802006000045005000003300000094000000600000007000
000000006700000030620300100002100000000690000100057000203010004006208003005040070
009060000007021300000700004000070960000036700000900000213090500400500000900800007
001000902000000000500009801000201000600000038000063070003710000000002000890050006
000000000060003598840000200003400000400000000010008609001200305000000007304507002
000500000000000600000730008004005900100200005069100000608007400400000020003008060
500890047090000000000000086300000000009400305041020000820300000003000720000160000
090400068006900000000000025709003000030600210800005000000000180080006000002070400
020510700970400006804700000000005208000000001000300060000030000000069817006000930
060800000004010070002000501403200600600001002000400000000040105071090003200000060
490500006002000030510064000000100090027000000000009067050300100009700000000091000
000301007802000030400000000500100006009070300040009720005890002000600090000002500
000000069000005300030470500007908002000607000040350000708000004300700000500014090
000009745000200000096070203018000900500000010730040000000607000650093000000000100
001700000042500003000900040010000000450000000980000007800060031000009700000410002
900005003000006010000078500300100090420000006000000000807069100000030650000000800
000008765000020000000960340092070050304010000005000024500000080000006000060090000
700006000009082000000000287000009040000325000030000060042100008080003000000000310
900000003030008200005007900060010400800002300004009000470050020002000680600000004
094000000000003000000518090000620008602000001059000040700000020008200070200950300
302000900409060100000001000006900000000700500080000070500008060800000402000070019
002000000000170040008020953000800006000036705060000000201050000780090000950200008
000001500039002008206000790000300000005069100640000000000950000000010370000076020
050400000600050000000106030080004060005000020301089400010000000000020900209800307
900120000870006900030000206000080000084000000100400500000090000260001009410508000
600000000004002900000030007000006030009508100407300000000000003701000800000140050
000107000280040006000000900002000600000000030400003150740080000600200079900015400
000000506027000000000170840750030001090060000000000000062040930000000400501900060
000003802100008400000250009000000080005710000040000165800090600000600000010500290
000000020080030000001400000000710000963050200020000004700005000000008509530240006
000100003060000000002060007500030400100090300000410090800000570070840100300006008
090040028010037060000109000800000000000000400400000605000005200021700009005004003
000700800000000000020800019240039160500601030300000000060400080000003050007000001
000000900000209008580600030000000020002403080608007003703001000000900000000080406
500000200200700048007080050000309005000040070000050403810000000450000900030098000
000980010100060400036005900000000008040300001000008300790100000001004603000000020
070006500000019300000004060900002000031000000000007024000000801005090000003800207
040050800020403050000000230300064000060510000050030009200100490004000500670000003
380000000100900000970010806050700300000400260000050019060000980200600500000009003
000059700000004000800100050007006000004007520036980000000003609000040300000600007
008000000640008729700930000000080300010400000000010607900000001200307080087000000
006005700700400300080700002000986000010000000000500970250000000000000003130020406
000300080500001070007000406006000000710008500400100300000000600000090045080005092
800002015010000000400010960000000300000200009000004807006005090700300000109006200
000052007080000000000060100019000700030200009600890030800000300060900040071000005
000000047900600010030007000080300000500080072070010006090158000700000050003000009
050130492100000000092000050000005000000010007200000030000008500075260001004500009
007030008406700039053000000000204006102008007000900000600095000080000000700300060
007004003004060080030002000070300805000090040000005002050010000010830000086000090
000000050500026000000004900051300800000000603097000001070100000080400006010063007
000100600053000020120607080000834000000005000000000906040000008900206000000000260
000000085800046700000000300002580010709000000000100000030900002000008001975000060
000019070000000000507302000061004009040000520900060010690700001800000700000905003
800000100907050020000000000005793604080000073004000000006100200002000006090207000
000800700080056400000130000000060200008400001600701900010000003070000104093005000
000120509810005000000040007900500008050003000670000090009000040003200000080010003
000600401000000005000940000100080600047000000600300509000079020020001008000005060
701090000000000000930006008000080549000400080060070100400500200010807000020000010
000070000186000700000800005800003000000000600040010809500238000079500000000001300
080504031300806000000000004000000000016000052090000000960002040005070006003401000
000006900050000000073015000000480000002000040000000086014002360209001008500830000
800010000000706000000000005040021009390000500006007002000500060004000370017000200
000007009080000200617030000042000700500000000000506800800009005004003002020680000
009107004000030000800005032050000260000070980100000000015093000090000000700008003
019000060300000000060000907000040000100000008205090130070004013000002640023500000
008001700301029006046000800800000400004000025000700000500304010000005000090170000
002030040000071950300000000109000075000000000048600000830007000400060010021040500
080070000001060003073080010900100020030690400007000300002000005300000002009000600
000000021004020030003540000060007000300900108000850040096000000000600005000080070
006027100050090000007800000000080004012000008070004060020006000000500090090070536
680200001009040270000500030700835009340009100905000060000000000050300000107000000
000500000860000907000006300091050040000800005300004000409000060000002000005041009
008001520000500043720000000000000000070030200601200050014003006007004005080060000
080050002060070050000400070150060000200000003000008040900003000031000000500100020
008000029092040000600200000000300640020870000800694000000160003070080000005000090
004000720509006000006047000400009000020700064050000807000000900000092000000300512
200040003004000920003000008000200000100300000730018000000000107000036400006170090
047200008980460530000030000005000004020006000170040000000000300004800609709003085
000420000300000040009005600900300100100060507000000080000004800040730000006500009
010000075300002000004506000000005030079000010000009508090000003120400900000063000
002000000500100600807054001000006000008720000630010079000000930900000400000007052
807000003100004900902000001470510080000000002000390000561900000000030410000800000
000000620000930000008000007000307000290000000300000801607000000010070305000402009
230000780000005400000008060000650070050000200070402000700000000608100000900006023
390007000000900450000080007006040070050000100201500000530000000000020098000008640
060070020300000800200050060080000000000690002000020981000400000604300000009000007
000080000000009700096027000300006800854000060000000001500400306000008004012700000
100000200308007000050010000000004609070200530000009100895070002030000060204008000
030046000000200000702001950060070890080400602073000040100600030000000000058090000
005000000000001000020067084500800001000000600034000005042500170070209000900000002
600900070108600000200000031000000400497260000001003000050800000300009004000000259
061000000000409280000000960005070000380050010079030005500300009000800700000000008
001300007800907000000080000140600000003005900020001600700060020006500080430100005
000850060000000405010700030800170000060040007000005800400003000021000090005906300
040610000000027008008000006607002309000060000900500600030000000009400000000080704
102400060900510000500000003009000300000170850050020000000008007006200105000000026
000000000000307104605084000000000007000040200920050340018600000000000002407200016
910000000000008000600000005000005070800400000120890300000004097007000600080903104
090000000300408000100096040050630000200800010003040065000010006700009030000500407
000000000030701024004000070040036200070000039009800000000010048600080000007000902
004000002000301000080270000409010060000060035000000700900000000200000017107030490
700020091080090060030006507000000602000800000045070000800400705300000200000000010
000600000000001000005203900070000000600805000190000870000000100003008049900046500
945300800000060000006040090300009108700005000000800002097000000003000000800402350
900064010650000080000001000000070308740005000080006000000100050809000026000090004
010200050000100003300040609005800000400090730000000906600080000000000000050400100
000000040800050302002100000900400005300807000004000000003600004000280690500030800
000890070826010000000000640500001004010000809900002000000000507000068000105074030
800300000004000905000006040070200004005000000003408017000003000900000600700060203
000500704005000900002006050000000002000102805000083000470900000900607000000030100
062000800900050000107000300800030000000508700003240000020800690006000040080001030
400006500000100008000003410100005067800000100040900000680000040023050800000000003
304605012600000000050001700080000509400000200000090007012008050000000000000413000
000140000800706204000020009078002000050060400600830000700000306090300800420000000
520000003003000400080100907800009000000017006000020000000005601007200050001600800
030409001000030020000601000700010080015200060060500107000000006302000800050900070
009200006000000000700006910000400080302009500501000000000830090000002050070005062
009006000000300204000050090000000001600400000001500027302000700000210800070080500
006430900000801000000500080008060070000008235000700000000073004510000002007000090
430700000000005003060014080049100700000070000000659000900000506004032000500000200
798000501000001080100000320900706000000050000670013000806000007000000003300009860
600000000000018200009500000007000300010900408060203009004006150100000070075000030
060030004000006009000402030002005007000080006051040000000000002003000190007390000
000079000490006300000100206000052008009000000007600020003000007760000503900040000
007500080000010000280000074000031006002740005408000000000000000701000000030900200
001037000040500600000018005060004800000070540020801007700000004002000900008000000
083005700007600000500000008310000500000050001000700200000100000076000900100237040
000000000003401000008000609901040000805010020000028700009503400600070000030000001
000305900900008100060000000000000020000006000030520069000010070328070050070002800
020000000050100402800000370470000000000001009000005010008600004007508000600790035
000900000080040000100080007500000049200005100000490700002570408000000000076029003
000000400600000120085009000204008000039050070008002003000000600003004000700803000
740001000060000890008700410000000180000000009800120003009086000200400300400030050
000630400050480000007009000000002000040000350001900600000190002026700034008000000
500000000008700000060024007001900002000085096000001070230060008007040000040000000
054020000100000407002030001000008000300600002001000003000009650200000000470050000
100970000000008000009030005600000900390200400000100003000000500802010670001007090
517000040000300609006400200005030004000948060903000000000000000750106000030800091
235014000000030700900000000010020409006005100070080200300000000000240080000000020
500000000930000000007009500002704030008000040000600001026070000010005207070100900
300009074001030050607010300000000062000207000100040800000502700900001005000070001
030000900050090802006070050700830000000400208020600000900006070000000503000000000
000000970000100004008000300000050000001802500600700003006520000030040100800017250
000004000006000308008601290005002000930000007000000000002008010050046003340100000
008000050090710400060080000406000000000800310002504900920000800000001205000030001
000020000006001090900005008040390007007008000300054000010000204400007080030800050
000036500620100000900000070280000005001200090000000006070300020000040009000020064
400000609006200080800000210000007305000108070090500020074900000900002500000050000
006840000300500000400000023000000037090006000502000090000000109005001800007250000
900000000140000083000100720060900000007020000800060300000000108503008000004030900
008760100510023000000000200009650800140000000800000004900000000002300670300900028
000021056000000810000600203506080000000004390070250080000005000063090000080000000
006080520000000000024007000000400250007090010000800004000020090063950000900600001
000003670000980003000600001080520000300840200090000040020000016006000802530000000
308000070094060001500000200000390000000701004000000058000003040007600900010900500
300000408100050000020000730000200006080390025900000040400500000005680000000400002
000000000003070009567009000000400260080000003200803000090000071004300050010004000
700000090030400008600001020800003010070000000093200006002800500080010300040006000
000000002800000300000050064200010900000004081003006000060001000005020100004095000
630000008005600430010020900000000000500070000000060017007080500000300840060400001
000003400006250000000700301510000080080900007430000000100500000000000708020004010
000001540200706090014050000000200000070000051900074200800000010000007020700300800
050000071069000200001500000200000540000027310940000000402030000000610700000004090
900800000001000030030701209020080100046000003500000490080130050000500007000060001
000000705006009000120040800070000109000600480408000000002001000300007000000003654
060200001001000200090300000080040600007000590020030040000005730006087050000000004
090050061506009003000200590008100000007803004000000300605007030080000000009084000
068900000000060000940300000800170030000809200500020080003000600120008003007000910
200800003000050000007000060560080009300046010900700800091000240000000090000002000
601340800080006050900000000420058600000000000000070010090000003010020500300807400
034600000000500200200000007000100300063000020007000549090205001000070000050031900
802350040100020007000040002057000000000000010230400500065000080000070000000009035
518400000000600000000090001000904050000008030374002000481000000005000600602009510
000003000142000030087460000000050002005030006009040083050000090010900070000000805
005000200806000010000010057030020000700030002009000073008609000400003065000000100
020074000041000703000000801900003000002000057000000302017025600090400000400009000
803005000000700005000209100000102040000000000700000369086000900002907000090400810
850060002010000080600002019900006000020700300003009401000000100580000020000050030
000042057000005006080700020300000500000000001029100064800304000000000140003060000
004700003050000710790002040003047500080006000000300000006009000000020008970000001
000960500040702080000000060030009400010004000000300020003008004097021000020000800
000050840030200601080000000070306080600005000091000300000040200040001905100009000
000000001050400300007020640020000000170300089806007002000000000090000015000604200
070060010000010000003048700230080000000006000000003950008009061002000030061000400
000070020800020003190003000000400060760300000308002000000000000671000090000008574
901002300040000000000300021000067000000050940000001070000540000078000000004200018
800600900000000103000030070306840059000000000200000306000900024610380000900000800
000000000935001700000000920400600000001000860096070000058360070004000030000540100
500208000030009075000030100156000900907000006000000580200070050060082094000600000
800070000006050720000400000070000500001000000290638000000010090029705030300900050
000000500904360008600000700360028000000000005000070002000004000800007090021000603
400300090000048025000100800009010402000000500000630000704009050008000004200000708
070308010810290000000070200000600092002000400004050006000503000000000037109000000
300000060000100000800000004000049300008003600001820790070000900009060080000400000
900006530050302000000000807009007402000000000670005000040000000300190064000050000
600002080001060900000000500500000060000006307007030490000070000408000002020910040
009600040000107023000000000000085000070906000040200010304000008610709230000020001
028000530000500000709200000045000060000060807080000000100304200000005304000008000
950300017000000080001006000010002045009041060000600000607030000000000204400029000
000080025050000070300002600008000000004000090062050007070045006000000009000690080
104820000000100625000005040806000000500700030903040000000080400008093070000000050
317000006000000000004823900100000000830900500002000007020000150643500008000200300
000056809000000200007100005856000700400010000102000508000060000045000680200570900
000340000090000500000080026700000900102000308060015000200030400070200000000400001
006002000000000907900180000700900265000007000030200100608325000000009500000000601
000045000100200500083090020804000000700500036000080000000700061000020004307000002
905000600000007020080040003000000050500068000002000006006002004004390002010000060
608000720079000800000000003500076000007000400900080010001050000000300046760010000
106000300000006007008004000200000500000900001000570460005001800700060090089000000
100000070300640290000100005000050060000000004040003700020000809018302050000590000
704020000000000840000009000093008050007000900000001203030000000000806075009500600
000000004462035000510000000050000008300010000000802400000000009200091050000300620
000020481030005000010900000060004570001300000000009000300000020790081000002000060
300004908009005060000060000008000601043010070000320080001000000700040020406000500
500000000070100200000007004009000800650009000300405000004003900000060310000008057
009000007600580030300700000000200050060000020240970001006400000800000000170025080
030000805010020000000890320070000003000007960602005000004700030500000209080000700
008074900001000000000200007000300059070080010005000200000400000030000890080091700
001000008000000200003708050060000103000600040205001600000406000007000300310070069
001520000000890700000001060107000040050000370003060002900080000300200006020007100
060000004500007100080000372108000450000003001004008000807010690020090000000000000
070000562203100000000090000000000907050000004000004800060050000400900100000483006
010000004007200000300001090600030012008000050001820000079306200000000700500000900
200500000004000090300007001002008010000096000418050000803000000060400050005600003
000000193800000020710000000007060050000030070006205900000908200500040009080500300
103000000405006000096384000000000000810040059000090100300900080070002003000000207
700200000000900500800000610040000080003409700600030000000000020004350001970004006
000009000470050000003000574000602700005400620001000040000020890000300000280000001
200009070600000001010000005000001000030250700061030000020070460073010000000093000
500000060030020000086300000807100600004060000010804002040000501000001700079400000
010040090000005000045080700000700060028050030000000900050437002003000080000001000
000420070690000008010500000000100003003000000270000094800014300000800900120095000
460005000000400030000372001008030000070980020002000008040003560006000000100004900
000904003906070000008000000100400090600000050004008107007500000010060208300100700
450006800713000000000000040940500213002000000000000009090260500060000070000405001
647900200030700000002168000300004000000800000000500807050001300000000910000050046
200507800000020073000090005160000000000005200009310600000000050080109000070002080
060700504000006020000400001048070000007040000002530000020060090080009700050100000
080040602091000700000080000600000105050200000100300090004000009000002080006758000
603100005900070401700200000000018070009605000000002900300000000000800500006000092
500800006260700100008000052000000001040090070703002005000050009309008600002000080
001608000090040000300950006002000103100000005070000900900305000810000600000260000
500700102860030000000000030010050007000410200090002008700080600005000070600000850
000009050060000000200700800008007029000610075500000000000006080090105060730200000
001000000350400000000870005040000000000200010100004390803050000564002007000000002
100000900090000086008009000500000230004803000000060050006075000029480005000900063
005910000300750060790040200080064090603000000010000006200000040030000810004000500
000500700200010500083000000000800250008009000000050300409300000010060004800007001
000000508070803000000510000900000201320600005000400000400070620000060000097000040
000093200009204010208100050040030000960000004501000000056080030000006520000000000
862009000090006040000700000109080300000050000000200015045000000000690070000008004
000008790700305400028000000089400050300000000000060020000600900005200830004001060
000010300080309000002005000004007900650000002201000004005000107000600020000008050
000000005009000000402000090000060470950000010800000006000310007020007008030800050
000070250890020007000000008200000000000102030076090800050900000008000004604080005
002008000063070090000400702000000100000203040170500008000050001300800260001009000
060000007500000300023905001080002000001048000000309040090010000007060000600000005
007000009453000000000000005002060080000100600090340000009750300831090000004000098
609000000073000040200090300000000030005000004060001250050600002300000180007002900
006045000900800000501030040300500400000060000000100090062080104130000900009000026
000003000025008170178006000000904820000030000001050040204000003006007090050000010
001600007500000089600000000004201300300050040090030000000007000000040590012000000
720003000000100020900005040003060000000200500060300100500000200090080006206000007
480000010003000700000060003307401000060007100900000000604200008002000090800004207
000500009000000603800062700080000001010006938003000400024000010600091000000050006
008006700020000090539000008400000000600315000002000010000401807000002000000567001
008003009700001800000000030020000070009706300000090062036010004400500000200900000
080007000030050200200000090001039500008006340004000000000000450003080001012005600
040080000650000009078005020001004290002010008064020050980050010000600000000040000
010000007400200010600050000050300700000009603860000050000020000007003000008004206
600300902000090000005102000000027500080060000190000000000000401000408000208000003
000089000090240700600005000900500000000020007706000019000064120501000080840000000
502000300000400001060000007050024000900060080010000400600803040000000060200900008
007000030000600800400003900005200000001905402000000007000020010900008200600400009
407000000000009450130008070020780000000002781010000000050000008000320000003000209
874006000000390000009800002000040005021007000000020690040000860000000050060000201
010500000070000009900108030800003050050700400000000200000000001380002004206000000
000000005028000300500060078034900020000004000700006000000610800005030067040000009
005400100700090000000000506004200000050030209006000300160000000000003920080900071
006700000000001000200083617940000000003020850080000063007000004300000201000030000
000007010070305000009200060005004900200000041061802007900406300000000070006700004
000065000000001008254070000028030050090800006006000309000049000700000010000000032
006000130070050000490610002000000000000860395050137000780000000000000680600000201
500040308260000000004800000000500700700001902050002001006000000000470000807003400
060010000410002090000305020070000000000090580008650000700003060020000350000709010
000400008009030010500000600001000000300057100004100070000000800905070004000208060
570001080300080400009040000000000100000906002030205860000400010000000005090060004
000000000030000600096007001000000000029006487670020300360000200008000100005040930
204007000000080097600000820000305900500000000020004700039600008006000579000000600
300720000001080000200000300050007080020000500000005461010060028860310000400000000
000000090000060200361000040900050600600010304007000000000900002006008930005201000
000100800001090305009007006000003200007008010050701000026000001000000000700050942
000400030079086100001307000000200000900070000160000080003005700400020508000000002
080700305052001000000000000000004200007005008000290001706500400005016070900008000
000008003009000000480100006090070000006300200500002007060903005030000001070401000
000060500030910004002000000000000000040280300700000090100050020004027015090008007
100083000040000070700200638620000050009104000000060009001000400000000907070092300
010000070008000000300070010295000000003000207000040005070004800406100090000206000
300000000000070205601090000090080520020000400004300900010420009005010040000000801
000000009250000008007510000000060904006000012070039050100040005009003000000050400
900700610000000047000005000000041006050000800210300700008000000003080900005006000
000193060000008070025700091000000000090050043001900057009400000050010000000080200
010400090000007460700050000000008000009000810200300700000080046040930020500000300
040700001910000500000040090007008400030007002050200000100300000080100204070050100
000000000905020400020003001030001002700840006068300000200000000004005009300600500
002090610004523000000060000000000000809050007070800004703001080090000400060002009
000980001004000500950000800070002000002000008080610040040030070000006009700150000
540000080060400000128300604000007002051000000400156003800000000009020001000700090
000300000000010570287005401470980000500004100000000020004000700010000900800030000
301000004000003000560920000000105000080047000000800070005000038010500900026070500
200007000008009070003000056000080014600032008020040000300800007000000100001006000
000019400501070006820000100000063540600001003000020007300000004907000060000006020
008000301000090007073000602000000900100080040060907000047501006001070000000300000
600805700000000008004000300000500006000027000000108005930700820000001037005002040
009000030050000407007920000000040000046300100701065200020030075000007010000000900
060814700000062000000000052020190005080040060009000040003000006900000000012030800
000504001102908007600000048053001029000000000067800000500000700030010000000420000
873500004000010500045080000000005402600007090000030000000840901000006008000300050
900008504200700000400000008001407803090100000000800012005000000020060000004500036
000008100009006047210730050800000205070000000100000000040970000002600000000103406
080700900690000004020001380000300401509100000000006007000000000700209140000040020
020700014890060000004520003000000090000000405008000607000006358500100000082070000
000357900065290000000000000380006127100009006500000000000000300000080010640001005
030850600600020000780003000001000850500600400028400000000000902300002000000700100
700005034180000000600103000008000010500007040000004908000402700009030000001700000
000005400350000001010000600000860000000000100674000200000059000001020907700680005
005000000400609000007000053000400000060008070000010930980000000036200000000801400
010000620000000000400306000002400000000010000006052190020000060800000954000807300
200000000010590600070010040000000504005730086000950000800300000620000000000002760
007300600904200000000000057003001000209000003701000840000604300000007020000020009
050000006008093700000000020000060210800300000041000050094050030000004000067000100
008000003196080020030009000053000000002400060000690300007040600000900500020010000
000020000027800000000500700130070600002000500005206910540010090070000060000900800
307009400000051002800000050090540000000000001060000908005300000000900800008006000
040000000030500701005600008060030000000970000100000004600005080007003200000010093
020100500050000000304002000908300000070000010001820009709004000080000700040580006
070500094900040600040007205080703000000008026000009100035200000000000300400060000
090500004000012900200009073007040060005000000300060085400006000030000107000050000
800000070007080000400023600000000009005000004061039000700006050000000403003012000
700013005060002030090000600000300090157000800600000007000000740000007000008500009
001900003076000000500070000000190206013007090009405008000000065200004100900000000
000004060000060210010090000500702900690001050000000030082006001000000000040080090
020810040009020000710006000000240600096000030030600002070000400000001308980700001
000500002703001000000007004600080000108006490000700001000000000040008109006034500
832000006000900008000006000003860001004000070090000650005200000000045030000609002
700000090001050000860000004040000078080200006507004000400000007079002000000908010
180000000005806002040000050600008097000400100000009000008000726000000300097030010
001400072800300000700005010070589040000000800000000063300007400092000000050060000
103000800490000050000000031000039000200000000980050400000607380600000209070490006
040100005000040070000000000006050008304001609000004500800960004720010900000008300
160000420000000100000402007503048000040700290000200000014000070900035000000000000
070300090000089000500700000000006080600001537400000100020000760130000200000020004
000070560000000970630000400005009001003700000000068009006400000010030000970020600
000090600080000159100000000010500980000630000005001007004007000608000470000950000
092450300000302700000001000020100000900085170800009020560000000000000006100000003
000007900100030000387040610063010800700000300040700000000509704200000000030000050
040008690001000830607030000104070060000300080200006000000004009003000010790020000
700020090000017200002840050084001000201005076060080005000006000108000000000000510
200900030140000006000010072090500307020300000500000020000003400000601050800050001
100000008040020003000510700208060000000800500069000070000040026400050000000009300
000000000003000002204907000100300009070000000300752810000140900000000030048030006
002000900000003000056907018014050200000400000080300001021000040007005800009708000
000048090520000060300060008000010026800004000031070800062000400005002030000009000
000803600900000500004061003006040002000000000290000700018500900500300020000004000
000070080072096000000000003800000400000400200100007630004001809600940000010200000
096000000000040017000000000869004500704090000200100004000539000080012003000060905
000080900400690000020000080003001094200070050000300001009802010060005002000000000
100050004200800000080003000000400801800007003005000690000300100000021009002070305
100530000000100040500008206700306000062009080000080000080210000040000060000000092
061000000000000003020710800009000040300864700000200000000080070630041500000030004
061700500050060000007500038800000001500900000020050000630020080000009100000030040
080000600900020000056007001000006000000013709740900000000060000200000080407005106
080000970005700000000900010600010000002040000040300029200603008900200700000008003
100000040400800000020056300000104050800070001000068003000500060008007900907600000
005000006100002400000040070510000000000008003307000950070060090400001085000800300
001506000002700308000000090000080600064070200000100943016000035400000700705000000
046709000500030000000000100020000075000006019000800000001000287800050900307002000
050000910000409000806500002003050000004000080007012600070006000300000000608000429
039500000000600900000000800005004000000002061000809503000001082007400000210000300
000240006000000001450036000600420080300000090040650000009000000134007509000000008
000039006000000400500210000000728000706000000300000104010950020000000000040300750
038610207009804006100000000500000300000060080012008000700000000000103060000000790
301400000000000000090000710030000040000309600007800001920080300070204008086070090
000000000098000405000023000001000270803900000000050006509040000060500000020100000
700000010010000938000000000950007000100500863000410000000070500080000009523008400
140000070007400000000009020020001000000607100830050000000000080004530009500000400
500000020000000009003120000600071080004006057002080400000010000050800300090052700
020500009030040050700830000000000000000700210040310008000000001410200730200400000
002013000900465000000809003006000080010000002780000040000030018004002006000000750
300490006000000580070080000200650000106702000000900000500010308000000000082000009
094000800000610000307500000000003204540007000000000090000000708050428900000090020
001059000900407200040001003030000800008700060400000030700090000050000002160000094
100009000003000620000000340080190036060500090000400800000000004048023000007000500
000000000401000000070000206000300890200150003000007060009200070304000008500040900
000500038000304060100000040500073016800000000000951700009600000027090001000000000
090003000000509710000020054000037000206000090009008070003010002810000060000004000
005000200627000000300000060000791020400002005006300000059030004760000050000004007
200000800030006100650000090002800600000972000000000070000000250001307000509201008
104680000500000040200000001000905300000078000403000000005002800040090060801000029
500010030004005080700000500000000001003060790905807340000002000000000010006500408
456080000000000600090000070501004000000300007000890310809006005000007020104000000
060000000007002001200009500030000082420600100100400950653000000000500070000090000
705000000000200004000073010080004037004005000600090000000100709408000000002900083
005020003004090000100743008300007000000410000050000900060300700000000050802001000
000070200000092000030000050040710000092003000510604003005006000100000800300800065
010085000000400150008060004000806502400070000800529000200007600063000070000000000
400007000006000050020500000040090200913700600000006008002100900100630000800000001
000500080700000000201080600300006410006097200000050000000300140002000009960000000
008700950006001000000430000170040000000070038090000701060000000045906000009050000
900700004406000020003001076862037000300900000000010000000000001080000000700090300
032000005807000600010005800070042000000070250089306000060800900000000403008200010
008002407070001020300000090010004000003000200420070009750008000006010000039000805
080400000000000006620700500400000200000007600001500080000160405000000009030008010
500001000000650009000080072009000200010000004408960000000024060070006900300500041
000600030460000000000090870001320080640000005005007010010040200000000000008500000
000000200370005090609000750904008000007300600200000045080700002006080530000602000
032040080090160005600000000000200970010008000900000640000600000540001000000800402
600047002080500940700100000010305084030006050007004000800000461300000000000001000
000840000900000800700000000090001258850030900002000060009400600000000001001972400
000400810210000076060900000906020000040000060005700004000009000000040107130000005
070500009054000000003060050700000080046020000800031002000010507000002100060090023
000000014000009700030250600400002000000060001060000059010027006900100007006000020
000860700010000030000003000700000500102000008390204000000900020060100004278000000
008000006400000000000004230020000790000010000970030041040000000386200000007046050
000004000000000802002090030500000600400000000000001293000008075203960040004300000
050410800360000001100800003010360009500000000000700060000090700070000000020000185
050600034062100000000000800000980000900004000200050001040001000300000048080000706
007001900300000001002340000000405809080600500100000460000070000020000006900500207
002800300000050000000970600800000020000006947700501000015300060003000090470060000
053070900000000000710900830005730000300060072000009005076500000000040000800300090
700005069900004000130870000003000570001700090000008002024600000000000004000081007
000600304460030200000009010103000050008001900900000000070900002000402080002017000
000002070030900000000803005200000100098000000140080700700000063005009000019040200
005091300020000001000047000407600000030000076000050000680000130200000000000034060
005900800030080001900300205008000000500002904140000000001060030200050000000107000
002051800100000050060300002020800009096200310030000020000006000940003070000040000
000000800007001932300400000060000090000600000092007140000703000800000201000850003
009000002000900053203000807000070000047200000000410000900000608108003070002040009
010000000070900030004305109005000791700001000400000500000090380000006000920000047
760010000500080000000000032002500080000007006900001700000690003100000000684000500
000300700000051036670000000800600000040000050050080029090006100400000000500000208
000307000074010008800000030007000005020006000010040000008030200000600050000701603
074001800000000004892000000003600100020039046000050089000200400001700030000060070
070103080100540000008000050000080210040000073000002000060704031009000000020000000
130000000000009071050700340000008000600007804000500030900000000384092500020000409
030050008010329000600000020000090700000000000000006050004008100070043900009001080
006309020500000000002008060940005200000040100000906700400000000025070001030080000
000030900000800002060009008004005000000073006500080370000004700005020040801000009
200000000001000804050000039004073000017900000000006900020345706009600040000000000
008203007300000090004000000020600070406070008900000300000910060079020030000000040
090072000800043000000600000600037009002800605070090100000005000005000090780000040
706000004020003090000010600060000080004850010090000002900000500000002301001030000
200030050760000003000580004009000006010050000000300020307040019100000400000900007
000948000003000007000005190200000030040010200070200000701080000050090400000602008
024906070000000009000034010200050000000000020800001003030070051000800000401003008
720000083800000002000700500203601000008030040060009000000006200409800010000900008
026000080000400300007000200040000005000001063000790010700329000012800000009104000
810090605005040000000002070002007000080000000700506090000920740003000800000000010
008601000200000003500780004000010090000804300000060801000005400006000270700000009
405000900100009000000860000000001070089504000207000000300000007000095600020030050
050801000000020100820000000080003070500000600060090002000600050309000004040030090
070600009000090000600000231000000006400070820000003010001020090005300000084960070
062030000059602000000007000801000073000390000000000600003400007007280005090006200
020804069700025000360007000053000046000000001600008000090400005000080400106000000
000000000400030017581000000007205006000000950040006300030081040000004860000000009
000908300001002000400030000103040002800600400000001800020007006900000000670100008
010500000060007908700000405001009000000005002020060000008000326605070000000000080
080600400031000020600400090054000300000000002003007000000060900900040030240509600
700290000062000100030004070000408000000150020000000806600000009009600000001030040
000047090000200004003009000902070800700031000100000400009020067300000000805760300
065000004020100009000200376009020800003000000800000450500000600207096000000080007
006800209030000000002007030000000902070610000513008000050000003000780020000590860
000080030000007540008106007020053000500201000006000000002000000107060000000800960
530802100000300002000000000000900500076003010900108320085000000600000030107000800
400208000703000000020000461000000620006050709000100008600007090080902040300000006
607200000208000370500003000004002609000400200100005007000700020000169403000000000
608073000040000076003005000000200050030010000005009080000008045002000008000004069
080040000600000000000670900028930000004208007060000000290100708000004100043000520
053080007008000000070050309000000030300000040000806905700023008000970004006000500
060020700705060200003000004347018000001056000000400008400370500006200009000000000
907000001041000906050000000000002000700006800006054200410070009800010000003000080
100079000006050900005000000000580000800104007009003002030007100000000004001020065
000003000000200045030040008000005096913700000006000000001000060040090803500800270
050000403000609020000007050000980700000000000201000005100000602302400008908000070
700040203000090700500000009100300005080006000090050004000900006002100000004065307
102050006000920807000400000005600200830004050000000004000030020070000968040009000
070060000300400000006009000480021900600000058000900003000000200000050080020070019
650000090009300020000010800300500000000000030901000200000670000003020700400005008
000200000040706300000090057000030000086007019000080630700009000000000064250000700
104000000020001009800003000000000005003000684080006200306500400507040008000000001
031008650000600000702003900500080002000000000000500400400096080050000007070100000
000100050000980100400020000000006009100000000800000247208000006014200500000037000
040600001080210060100030005700000020002000300030000004500900000000080073000702410
018000000000041605030000000600050000000807000004000900209705060070008003000000400
680020007400090000000400006000501290020000000900000800030000400072009000000208305
005800000213070000000042910000000098080000300007010002800000040002084100700000500
030600090020800000090000007206000509900004000100300200000000800800002006004030070
000005000001600007050204000000000960000003804064001070900100650730080000206000000
006050307008900000900000005700530600003007004000000000000084100500190060070600000
000060403000348600000205000408016002017000000090054070000000030002000008000002946
000049000081000900060807050500630000700001000008090000000000005009300046013000009
000000048080002005601430020000090000000103000702050004800000000500000063420300001
000090807008200006090030000062013009309600000000500000700000520153000040000000000
000000601000070080800106002430001800000005900092000040000002009000000060100584000
000800600000005000952000008400000907700000000003500021017000360000008400000002100
070300040843000000000010500000900032000000005400002000200108000005000160000007054
051000400000001093000000507108200006000000009007086000002400000900020308000070100
800930010271000006000000070000070008040608000020000050600540000000080500030790000
537000000000000800000700000000047300700600009100030420091006000200009180000300040
015000280000008000900407000000060040803050000000803100600000050080000901200600000
300000000901065000000100670002608000006000002500009107000400900250003000040000705
500006000710400000002900053240003905000004060097000000000647002000000000000805709
230900006050000900000057010060000800000002407304078600000500000000019008000040300
000090300034060000020008000007000000910000700060010008700005002000034006200000409
080070002104905700000204000600000900300010000000009050000000080005047000040300010
718000000000000000000100600041003750370008109000000230000570000080030006000602015
900300028070410000060000050040100000000900680603000000008000005000040000000705031
070091500005070310600000007004600050009000030860200000008100000000004080000000201
200000076807690300000040002500030000000000001003100460058317000000000000000450007
060000590000080010300026008008050170037000000000900000010230000020100003400070000
059004030000586000100000060098020740004600023000700000430000502000200070000000000
003005008005007009200400500097000000000010000000068001020800040000602080010030000
019030400008045090000000580002050000100004000054801700060000004900000300040327000
900506000000000001200900070000000000060701003083000100000000008008470090700200000
078250360000084005200300000060071000003000000050000100007000830030090054080000006
053700006020300087000002000002000410790010208800200000009000560000000000000080094
018000002000006040000080109000095001000007005064000030800002000059048000043100000
500069803000023050016000020002040080700010000000300007000030400008005090060480000
840070500000030079070200000000400100080000007000953600015000000300000005002064000
000000003006089107000126500600000790000500002080007000543000009001070005020000001
970002810500900000000000000030001206050037000400005087000009100008020090004000060
720106009080000040309040000008900002000007500103408000000030001000200000036700000
060500790008002004500000000049000003600300040000020108005000020000400057000009001
060020090000060004043008070000800003500001000000700260000000980000000001082396000
060080049380000005907000010520060000004020060006508090200000000000004000030950000
000200038000000079907000102008050000500007000600103000000306590190000000300700206
000002000000307016000800402824003000030000605006000020015000000940018000000000300
802000007000000001034000060100023008040000200005900000091000004300870000000002003
000078000400000000800300904005009010006000000004001350000720048008900000300000206
007800000000050902005006000400900700200308000009000500000000070503017000102090040
000406000310000040000008500000000980230001060700500000450020008000000079020760000
080100000021000090005064080000000064064073000010000000000840700000007610007091500
670000000000004093000100000000000000029670401006540070300001007000200009900408210
003010005000500000016400370002005006040700008089004010000000000060090000801000200
005000000000136080009700000500609000070400008000080003000040305000007000001250400
000007003020000000600030085500002000000405000001780600900010506002000090300200400
400090030010000070060032004050900380000200000076010002839050000000000000000000510
000000000010080072009027006070009510080060000005300600040053009201800000000000800
000050060009010300300002000600000009430020000000000450501004070000009080000007005
003000000000020638061040000000900000027400016000105070450010000002050000000003405
400010350500800710030020000050003407810004500009000000000040100200700000000002000
010000006030040009600000200000300090000792000700008405300070060070000500409000830
000070500010809070900006000270000000000045200604000008003680000000900000009002130
040006905300010000000900100000609004050002000984000070100000000200000080008050023
000042730800070000670000051104000000206030000000000502300001000001300600005400300
700800200209670000100004060806000004007500300010000500000003100000249000000000008
004910600308050000900804000030000000000406003107000200091030050040700900000000080
201950700000003040005800300800090400020000000060147000390000000010000070006319000
082000000006700050500001200400050701000008500603000090000000036040630000000100000
000320000050460000061000000300500009726003100000000300098000270000080410000170000
002400090005000081060500000000108020000000000008007003803600010700000250026001800
050007090070134006100000007001800000000065004080701605000020000028900000010000000
000000100000400060000002098370009010001050000004010603050001000030005904020070000
000008600000030002804050007037000209000009000008000050500620008000005300106000900
016000000000010004050842000000600001084050070790000006005400000000200300007009008
400005390002000000309080407900008030100000500000600004010003720000000000008020006
300600700005703000070800500000000014500000000009048000000030100007005020402907380
200080040309010000400007012002600000040000006901000800000000000000500007570040300
000000500400010009020600008030000400000028000950030600300052006002700000000006340
001009300070002080009030600000070000005900400400120000006000007040005020010000005
030570600500001000160000700000060024089030000000000907040020390000908000006000400
700020000050004030006008024000000000904006300080107005009500003000000600070003401
800020001000900023000600780064307002002000197008000000000000070000010600900800300
000000003060005200073090804000070096400000000500900000000200108000014370000008000
000600750450008002809020600000050000300000089000007400500740000004300020090006000
050200008003000000001860000000007102000008060000000950200300005600502097100090000
600003400000010900743000100109700000430021000000000800080000000020906005000030080
000305000720000003000090000000006000003801007060570800000000090090014702050000000
000659000600000700080000000000000068100500000500740900003906802400032000000000000
180406003000500600430000000500809000000100000000260850008007910010000080070008230
001000005000100940000003600015030020002458000430000090206700000000042000004005100
050703200390000100008009060000001000000050940000800001700000020500490700206080005
000080000001005030040009005607050000300800090000043000400000600020037000080020407
000000010000003042001902600000030870030645000000000000024089000608300005500070000
000000060005906100800200073009007450001000000000084026000300000100002040000000702
001002094900075080003900000084000001000000000600007420050700000120000850000600009
000000069001000000078000150040023000000760000600000800093002400020601003000038200
600000040701000020090000700004000900000490800510076000020000410007500090000082600
000000000030058900001000407300020000000096003040700002200800050060007004000000069
009000000030050040000006005008010076500000290046000001000001030020508700003067010
020600008006090703070450000040200000500000070200000104000000007300100040009060500
030001700061270003000080600300600000004900000000000200500400027090800300000020109
008060050007019600430000000900200080000005320010006000200001900600500000050020008
704800000010000900000600040002095008006073000003000109840010600060000500000004000
016030000300000046000007030000000800020690050973000200108402000090000080200000600
010460000002900000056007900780000009000050007001000030040000702900640003000300000
800065700005003900040001002670910040000000007000800000000600000000028000021007050
010083205000001307007050000730510069008400000000069000040000000006000012009000000
700800090060300800201000000000905000800000000070002006630000051000107000908003000
000700000030000060905003000020000031056200008001030005007000026000840050400020000
900000640004000000070006000030200100400305007005000090040079000100008000200040805
206000049040050300000000010000000231068309050000001000020980000003007060600010000
400000001097000308005000070208500000000420009030000000001003804000000010000056900
000000930500009000000631054700050000093004700008000000010065003006000090000000048
060037900020001000000089005700010300000000060040000802000302000984000000000900700
031600007005702000820000300000980210000100058000007000900000000000500000160000092
010009000003000005060020080006003400700500830020090001000070003600000029000106000
000206053701500000000009000045300070000000031020000004070000040600000900890005000
000508003340060000700030140904000078200905000000000000006000007850000020000090400
009630500000009001003400000200004000001000870870000000000503018000000620047006009
005400002006290400000003000709000000030750008820010000070000300000500701090030006
002040075000090810000702000500006080706080030080000000000900600060010040095000000
300060000000000001090080000000000102010305070070000008402500000900020406006074000
009400002030000100500300000008030516000080070013504000000000965047006000800000000
903000008004009000600078010800060000030040000001000900000006041060080200200100076
000600020000900004800000030010000305092560000006100000100000050009406000240850001
920007800000000000000400260000700600000000050100852070076004000509000010804500007
700400000020000039000002700000000076457800300100005090013060002002103060000000000
900000015003056007000400300405000000000870020002100070000008493500024000000090000
060107500001000000000009870980000036000001000002040000215030000000004090000800000
000007254000800000031050007000000069000201003090080000060504010200008040007000020
090150060000000302010000005000200009009060070306700000502009000000070000070000428
400005200000700090000020106005800400900003000630009050000100500870040000000000070
050010040001000200400090000004060900906230008580004000102005007000300000000040002
050701000800906300000008070970600800000000200230000010100000950009000602000002000
000300000400007030907410008380000070020060049009000000106030000090008006003900000
800001500000000090900070203000006000021050000700000030004005002000040000002008960
050001406009000000100025003600018005000300800000004069005180000320056040001000000
060000007005803206090005048009410000000700000021000000043000000000050090800007000
000039000000008037003000600070400168000010003400900705006000080810007000000020900
000000020028030009930100007800001000270400090001006000003010050000000000006740001
003000002100605070060800000854009060000000000006007008507000280020070030009000100
600000054300000009800005000000900400010000005000010208040050307058006002060007000
400000176010000000000000005000023400050408000340005009908060030070000502500800000
608001070051000000070009200200000000809000710003000800000500920000900480006020005
001050980000000002200800104640003008000000000053400006095002300000000000860070009
020009006009010000003060090000000400000792030360000200007000000000370010598001003
060000000500060000000000080090250000050003001000800070000170620230000098008300500
000009000006000803050000001002803010900010005040090000003000002107200400000007608
900046102400030000610090000008007000300020001700000053060000000000001090100050407
020690700907000032815000000001240000400900127000000000000005090050000203100300400
028910040000000003000280000076000000030000014000508970000024000004000630000609000
000205000830070906600000000000000000400020000100090602080037051090100000750000080
006000000000300000000206008000002000490100070000005019201490060800003400050800020
300074008000000500400002000000000000080705040950026000013000000060100300000600029
080000000709000040030491870400000003001060000003010000005930100020580300000000700
008000070060001000200630800603090100000004007000000350100200064000000209300000000
080031000000400070100020804720000506800049001000060002000000050091000000300080000
008030050000000014035002000901000070700600831000020000200097000000000006010305000
400200000860300021090060000003029060000800500000000030020000708000000004001750000
410307600008009000700000010000001480203500000004700090530080100000000500000900000
004280005000000000006300980048062009032000500000000001000009002700001000060450000
000209037000004000072000045003900000000307084050006310060750000000060000400000020
000008250090206700103007090800030000030500600006002000000000080600000340750000000
024000003093008750000049800002000486080017000000000300000600008040080010000050000
004007500009006000000800090800120000070000000050300020000600080400059006700000200
200307906810000004000090020035870000002900000000043000040006075003000000071020000
000240005057300019092000800900000000000020000080010560070050000019007300005000100
000017020005000000000209000070003100000000430080950000010006704007000300024000009
638000200000000006000120090000070000502004009360000000100489600000000700200051000
100060580560870009002004000078000000209000000000350870000000000900617030010000060
050300600002100070000279008000001290000000400008900300549000000000500000000802000
000005000200060000050100000000800600003612005008070024160009050000006007007040080
010300080009060003000000010008200000700803009005970028007030106906000000200005000
000000003004000900790501006906003000800070000030602000000780000010000638000000250
201030000000000000004006290780000001010080003000020079003000000000100560000790032
000000708600000003000401900000105027000800000340000600270080000050730090000000500
300000000000000800000457003908003050060901000002800007805100200070000108009000000
000040009000020103100800060402500000086900401000003000020000670000000000863010000
006008000005000000000061059400050800600703000200000007001080200900000003000200045
600000000001009000792600030006000149000000000005081006500400603000002000940005020
600590002000004908030020000020700003006051000080000000007800000000000300090030475
000014000000070903000205040070400000806000500025000000200001300060003005307508000
000060001900000000007000680000020090308000000012800007700000004800607100001040023
700000340400060700000003506001000000000109003005240900000090460090504000870000000
400100000000000500010000036020000700005034080004500200000000000960080000701620009
000000900100009762000050800000006500039500001000000070050800000600300200270000098
000000100000000009975040000000000024000026071009804500001300050060298000003000000
000000060100002300007084100001007020500000000409300007060030702005000006000009000
000100790000036000001000200006090000700000105530000640003085000007000003025040080
900800000600320059027009100708000013030506040000000060050090000000000300809600000
010509000005000006000000043000900035000060700000104080050670009700800050000000400
000000050000010040700806000030000062090080000600001000003740090000000610800000203
000080004065000000000057600090700800002000000050210400201009030004060009900300000
000071000300000000009000084600000001000690700080030009000007800038400210002005000
000603004000000060310580000030900000605030800009006000700042090000070400004000082
000070000020000908600005470000000000046100050508034060000800000000020500009050310
500600800690005070000000500000062000038100200000000004000280700710090000400000630
100009400007000690002000008000070000000062070040003160000000030005106009001050000
000910008003200000701080030000058307000006010050000000000072084049000000000604000
002060000900000020105700300000500700000010004030000000200803506040090000300207000
900300200706000400000056030080000010000900670004070500000000197000560000210000000
000100960009000012020009803792001000300060000001008000000000057030810000060705020
050190006002005000000020000000300000400600009009008703007000030060030002900450001
070030400008000103200700000702000006000000800510000000000005080604070002007920005
050700900840005020200004000030906000080000301007010000000050103000000400000407280
000090200108004000703000000204700600000500740005031000500008002000000000080060003
006097000001080003000320000004900006700000300008100070203000000007000812890000000
009030004602010000030620000090000000580000400300870002005000000100260007000400010
200010060080602000000850200040030080090500000001000047950000013030000920000000800
003940700000000006609700102040002000000000000008670005000080000315000600700300400
970000003000030700000004120000050000300079000410260000009140002037500090150000060
000000000014030007780000900800043000000008690090010004560170000000006300000050700
000030001705009000090000020801000050400001900070504000000300000006070030007160045
003040000000000030009600014002060100040800007980200000100007000050400060070900000
070000360000000010039000400040906050000840000060001700600030000017002080052010003
010000000000090800000036007008071005094000010000602000007000040000300020305008000
004002000000000742050010600700000100001005000000043906002500003000600000030004005
000002000806009300040000050000800000300007201009006070000708002050020060002090500
100060008090030007020000061000070050508004702060008000010500600000000020670000004
836100570000700601001000002002600000790001000000308100500070000060009000300000080
000000600061402005000500007302000000000600000080090200830000700006000301015000840
700000012030005090200000004800000130000080005004003009008096000300020000400370200
000004076007010000010360009000805090594000000306000000030600080200040000045000300
290000000006091000030000000020000796000005000100070840500240009000008300000010507
870043060000106000000002408590000006003000500000000280082004103000000004700000850
000300045100794000000000600700006000000800057002000086003007504200040000009208300
083000604004060050200009000006004000105028300000010060409080000008040200020100000
960400020003000060000790010000023500000000001109000070030008000602000800500010000
000309000300050800708040000000203010050000070026700004000000001009030600000000042
016008500400200007000040000002370400000000000000006005960030000028007006300001040
704005000605030200020800900040000861001003005000040000010000000006000002900420700
000200000004908005000070003080400000073060000106000000900050400407030600010000090
500008300700000000000493000000000600402000080000200905000100200010705003090000074
500000018408029007000800000000078050009006030060000000000000000300004570600051480
004030190060000300200100060015000400080010056000904000000000040002086000100020800
060000000080031090530000018900010043003000807040000000800500004000006700010007009
004200600100000000020950000040007000000003107700060084090000023508000000000600940
600000071000020000094080000060003502000800400008060100040017200829000000000000005
006000000050000007130450000490030200000000078000028500000000000073800009900100046
000070009060000050050000418000003002800025000000060300209000000530100000170908030
370200000005400003000010065006000080000000009020000300002096040008000700790000000
000500000200000010080007500010063840000002701000040000800000000060020083001930060
001000090080000300070635002093000805000000061060200003000028700008051009000700000
900000100050040007400010900104200708003000020006800000000675000000000603000084050
000090002007400100062500000000000605000200004085000007801009500020030000504708000
510902000000100000800060009700000000103005260064007030040000050000000000000030620
571000800800007000900000020000070004040000010237406009006508000000060002000009300
000400000002000100700010000020170090000005208060080070370090080001000049500800300
800002050000000600070400283095027014000001000020000070059004000000005000001900800
000000500059003007003006109095800000000040200000107080000070008007000040002004056
000300502008070300100069070900706003000030000006008000001020009000000080503001020
000002400096000301013006002000430170500000600008060009604000000050801000000000004
300100040070000200002709053007000000201590004000001090506000080040020070000408009
002000730000001006000057090560009003000010409017030060030000000020090001000800900
070010000400007006005090002000000003619270005080000000030000080000500307850900060
000210000400900800100040900064000000800000500090035010002004000008000370900000120
806000000230005009100000620000180400004037000000400097000000010000009056450000000
010000390040000010000006008050020000007010000200090503320000000000004605000050239
082014000000300000010006000400000008005080134300007200000201003050000090000060500
008600204300004060900700030107002000096000000000000046000000000000071000600090501
000070100000050000801000045403000000000024930069000004900007621008032090600000080
100400000000501000009000605000900802005010400607000900030075000700000000010600304
000900010010050000500008302001009070300200000000000154047005800000600900600081000
000005900080600501000070003620003000008000000050000270000000014037090000000046005
001500002850200040000030800075100000040000070009000300060083010500060400400000000
804000600000028153000000900000600005300009000107080000900000530050072000000090087
300000080260700005000024070050409006700000000020006100000090800009001000080003400
500200000160400000700800003010000408000003600020000090045002900000006102000008000
010006000000001048958000060000030010100490300003002005034000052000007403000800000
060009004000052080000004090030000000000701056640000001300000075010008000080200000
010000000208090060030000009020006908004700000000000520006032000000500004750004630
009000050000000300003600040000501028040080070600047000104000000200358000000020905
200000100070003908003200050098507000000000510700100000000000040001005280350090000
000020006600000000940100700000000000000200190007009080008504000400700003200300810
000000100065000000070345800000020010310000000007030400000097050041000009000000306
059040200400090000003000005097001000000008007000420900000100050040009001680000030
000002090020000000090610037040738000950000000003000042605000300000300806010006000
090000000000207056800004000000013000007900000051800420000000800000041000970000042
002000040000700009603000070050012000107000006000400300000080200000500004906030801
500900000010002304090000002800106000600000001000003060020080105040020000000007900
091070008000010060700080200000000000403000070000030090530600000100002400970300510
000200309050000002040600100000008000031000570200073000508002600100305000000000010
306008000000000809100054000007000100900306020400000000060000405070000300000041700
005020060040609008008300410060090020000004007050207006000030000000006082010050000
090037080000000674000000000010400060085206000002098001000625107001000500000000030
100000005700000834604000001000009000008400000300250007070060000006047003010003900
000204000004001903032600000076000890000010006000000004060080100000000050500147200
000001000000584000280003000000062004405000900300000060000810426000090071700000090
062000400000030001430008000003000018000080000540000602070004000000000205800300004
005014000300000000000280070007000100020000009003600058406070005030058000070420000
000604090700005208000000300409806000800010000000300070305001000000000040090520000
900070401800001006071004000000080000000650807040000200012000000030005000000730500
090400050000006000000015270180000003300000895040000000000760000000042000057030006
600000000002087104700006800000000300060592007800070000000000610320001000000008092
000700060607200100000000085005000093020050810080360200500020008040001000036000000
000003400608200000000400008020500003070106000000000051003000070000050210804070005
000706002005000600000040001203050800017090053000000000091200006600409000004005000
036702000950400007000001000000200004405008300090000050041000230000010905000000080
000002010000000590260000000000087050009060700001000020007500060090400800010900000
004080700000002080160030009900500000070049000000000010700003000003010240000000607
080000600000050007302040008100000006000026000450380102090805400010039000000000000
052060004400000003080340905007000019600000000090058000000019000000000400000430076
000000002040060580375040690200006004000003070000920000050000000069407000004500030
106800004000090805030000000500000700004009080070000140000900050210070006060300000
080372000000001080009000000000000603020483007000000000070090000500000024204006090
400900080360000090000046000106007000000000520007090008700050900042000305003604000
005806003800900020000720000000004080004002607000000309008000000100500230006003075
001007000000900000700038609008040005000000900500102060040005000000800003050003872
002006000009000803083000000000087500020040090700200004000050000041000950600070010
000007000204080000008009007000000206580024010000005000009016008000000300102700040
005002600000070000000500093006050070000000901050200030800310000792004000030000000
063000700020071000004200000800069500000000000010003080009008007300700000000500004
390000000060050809000009010402007000010000030038002940006000000000000027070430000
010000700006004900700100800080067000600000009530000000070050030000008002001300060
000030026700024000000000800000200003000987400016000000504000300000010087009000002
030980706000100803900003000000300600008700001140500070600000107800000000000000945
002000010050000706090105030001050003006040000000003020000002040405000800008790005
000047205000000000830092600005100000004050903600080004060000000000001700050000090
040180000000904001006500700000000010000037205000600900001000097980010000004000020
031020000000040007004060010096200040000600080800000001000800009200491300000000200
000000003580090600000027400000600050000200000907000000650043001000700300020005008
000107000000000804700000006050600000000009000004030500900801430015000900300092710
004002308907800060000000000000145000160003900000006070700050203000200700000030000
014009060700060050890020000080000003005000010000050000000302004000100800403007005
000040700000010000040700850002800004107620000009001005036000900000080060000000408
000040006080300005100008000360402000700000000054009003003080060820600070500000009
400030960008906040001000000040000029000050600000000034200600000030740090050001000
009000060005046000000150080902000000000008010060000004800060035000007800200809070
700063005600500100000007860001400000008000250000005001500004700100930080020000003
000001700084900000000000034406500001090012000007000500000000100600800900000067240
300070040000500901020080000000010060004000010100900002060000700975600080000020000
400006000075401080001000300000500006700600000080700009100008000304000100900005200
400501060000003027030009040021000005600000900804010070000000000006780000009000000
030001000900000000020907060000000030000060270690008001062000050100005600000070802
030000046006005002019300700301000200090010050000207000000000000060058000405000017
497050000500000071000000000080190050000006300700024860900008004003010000000000600
000000200004007100000502090040000000000073052708650000900000400500080030030000060
100000460080500100003080000000009081009200004000040007871000320000050000950002000
700040006205000080009100507000072005800010000070003200000908100904000000300000000
050000010000210080960004070000700003020000000006008500040900057100050900002000000
900030005008000000205000018700000039800010000020400000040890500006002080009040000
500009678000000000080047050630000900000001800000070003000060004007010090050008720
400070006007006001030080700010005000020000009074900200350004000009000040000250307
000024050300089200000500000030000400082030000005006010000600000007000980094200600
050007008600200000074630000905020400203000010006300000000006700000010000001500080
700000001300200000040600900000090073000008209080007000100060400028003000090840030
460000000020010700300000006000000000008905100900407002005003090000600000270009040
500700008000100000090650040960000817000000000001000002000006400300010000150230090
100030004000580000790000810000040090068002000500000080400000000076250000800067300
000001008000040591300560040005070000070000603060800000000003010002080004900120000
000000500004000001009003060000000026036000750700040100090507800601020000000080003
003000400080000300400000800690400500008000000000072060700005000004100070200006908
749050000000000080000000050003100290054600008000900000000700009800010600301002500
000004000000001040007800100000005006804600000102000087090700800003010002700006001
010480700000000010030000002006900027700010000000025003060300000009100804801000000
600209703050008000090000000000000900000010026400030000000002100100000574970400600
010080096204090050000000800000000370056000100300500000070005000090406000100300900
180000004702004000000700000015000403300400267000000900070900000803020100060001005
070000000000000020300000640001906000500000807200004030000078260004000000090320000
000908005000040208000000107030000020090082004100600000008709060000020000703006009
000000000000340800009500600070000000603004005100030470090006004000420000200078006
500800000610025008700000100009703004070001000100042390000006400000000501400030000
650004007100002003000000200060007500000940600000065000400800001097000350000700402
008043052009850000000000000085490001000007604000000000060000208070200000054600000
000064010001300008000000057003100075050000000400093000000001002140608000600037080
700500010001090000432000000000030000800100609070080031900870000000009008500006043
000000049800000700607300020108029003000085097000060000020000005070000300005090010
000001090050000700020080605004073000090000000003600008080006004600010030905400806
000002060037900000650300790095000000000003809840000000060700000001000007008060435
000800000047009080000010360035200700170000426000000030360005000000000090008007200
080300600040080290007054030060030000102600000000008000020700400000400070700001002
000352009040000001005060300400006020050000000009000040600501000010000070003070900
000200001029100400007000005700900020000000586008002000002080000900500600003000007
800700091020000760000000000000059006006407000074020080009000000053208000100605020
